WR_ID, Min_FlOW_cms_-1_flag_for_no_restriction, Start_Date, End_Date
     1     -1.0      1    365
     2     -1.0      1    365
     3     -1.0      1    365
     4     -1.0      1    365
     5     -1.0      1    365
     6     -1.0      1    365
     7     -1.0      1    365
     8     -1.0      1    365
     9     -1.0      1    365
    10     -1.0      1    365
    11     -1.0      1    365
    12     -1.0      1    365
    13     -1.0      1    365
    14     -1.0      1    365
    15     -1.0      1    365
    16     -1.0      1    365
    17     -1.0      1    365
    18     -1.0      1    365
    19     0.85      1     14
    19     1.13     15     31
    19     1.93     32    151
    19     1.13    152    181
    19     0.85    182    242
    19     0.64    243    243
    19     0.85    244    273
    19      0.7    274    304
    19     0.76    305    334
    19     1.13    335    365
    20     -1.0      1    365
    21     0.45      1    151
    21     0.42    152    181
    21     0.14    182    334
    21     0.28    335    365
    22     0.42      1    151
    22     0.24    152    181
    22      0.1    182    212
    22     0.09    213    243
    22     0.08    244    273
    22      0.1    274    304
    22     0.19    305    334
    22     0.42    335    365
    23     -1.0      1    365
    24     -1.0      1    365
    25     0.71      1     31
    25     1.22     32    151
    25     0.67    152    181
    25     0.31    182    212
    25     0.23    213    243
    25     0.24    244    273
    25     0.25    274    304
    25      0.4    305    334
    25      0.7    335    365
    26     1.56      1     31
    26     3.11     32    151
    26     1.56    152    181
    26     0.72    182    212
    26     0.58    213    243
    26     0.58    244    273
    26     0.63    274    304
    26      1.1    305    334
    26     1.56    335    365
    27     -1.0      1    365
    28     -1.0      1    365
    29     7.08      1    181
    29      3.4    182    212
    29     2.41    213    258
    29     7.08    259    273
    29      8.5    274    319
    29     7.08    320    365
    30     -1.0      1    365
    31     -1.0      1    365
    32     -1.0      1    365
    33     0.31      1    151
    33     0.14    152    181
    33     0.03    182    212
    33     0.03    213    243
    33     0.02    244    273
    33     0.03    274    304
    33     0.06    305    334
    33     0.14    335    365
    34     0.76      1     31
    34     1.13     32    120
    34     0.78    121    151
    34     0.57    152    181
    34     0.34    182    212
    34     0.11    213    242
    34     0.01    243    243
    34     0.11    244    334
    34     0.76    335    365
    35     0.99      1     31
    35     1.19     32     59
    35     1.98     60     90
    35     1.88     91    120
    35     0.66    121    151
    35     0.13    152    181
    35     0.04    182    212
    35     0.03    213    243
    35     0.03    244    273
    35     0.05    274    304
    35     0.23    305    334
    35     0.79    335    365
    36     -1.0      1    365
    37     -1.0      1    365
    38     -1.0      1    365
    39     1.53      1     31
    39     2.17     32     59
    39     2.72     60     90
    39     2.83     91    151
    39     1.12    152    181
    39      0.3    182    212
    39     0.17    213    243
    39     0.19    244    273
    39     0.23    274    304
    39     0.46    305    334
    39     1.44    335    365
    40     -1.0      1    365
    41     -1.0      1    365
    42     1.53      1     31
    42     2.17     32     59
    42     2.72     60     90
    42     2.83     91    151
    42     1.12    152    181
    42      0.3    182    212
    42     0.17    213    243
    42     0.19    244    273
    42     0.23    274    304
    42     0.46    305    334
    42     1.44    335    365
    43     -1.0      1    365
    44     1.53      1     31
    44     2.17     32     59
    44     2.72     60     90
    44     2.83     91    151
    44     1.13    152    181
    44     0.71    182    212
    44     0.28    213    242
    44     0.17    243    243
    44     0.28    244    304
    44     0.46    305    334
    44     1.44    335    365
    45     -1.0      1    365
    46     1.36      1     31
    46     2.89     32    120
    46     2.62    121    151
    46     0.52    152    181
    46     0.16    182    212
    46     0.07    213    243
    46     0.07    244    273
    46      0.1    274    304
    46     0.22    305    334
    46     1.11    335    365
    47     -1.0      1    365
    48     -1.0      1    365
    49     -1.0      1    365
    50     -1.0      1    365
    51     0.61      1     31
    51     0.86     32     59
    51     0.91     60    151
    51     0.42    152    181
    51     0.34    182    212
    51     0.27    213    243
    51     0.17    244    273
    51      0.1    274    304
    51     0.16    305    334
    51     0.47    335    365
    52     -1.0      1    365
    53     -1.0      1    365
    54     -1.0      1    365
    55     -1.0      1    365
    56      0.8      1     31
    56     1.08     32    151
    56     0.47    152    181
    56     0.28    182    212
    56     0.19    213    243
    56     0.16    244    273
    56     0.18    274    304
    56      0.3    305    334
    56     0.65    335    365
    57     -1.0      1    365
    58     -1.0      1    365
    59     -1.0      1    365
    60     -1.0      1    365
    61     -1.0      1    365
    62     -1.0      1    365
    63     0.24      1     31
    63     0.46     32     59
    63     0.36     60     90
    63     0.51     91    120
    63     0.37    121    151
    63     0.09    152    181
    63     0.04    182    212
    63     0.03    213    243
    63     0.02    244    273
    63     0.03    274    304
    63     0.06    305    334
    63     0.14    335    365
    64     0.08      1     31
    64     0.09     32     59
    64     0.19     60     90
    64      0.2     91    120
    64     0.17    121    151
    64     0.06    152    181
    64     0.01    182    212
    64      0.0    213    243
    64      0.0    244    273
    64     0.01    274    304
    64     0.01    305    334
    64     0.04    335    365
    65     -1.0      1    365
    66     -1.0      1    365
    67     -1.0      1    365
    68     0.17      1    151
    68     0.06    152    242
    68     0.01    243    243
    68     0.06    244    334
    68     0.14    335    365
    69     -1.0      1    365
    70     0.24      1     31
    70     0.46     32     59
    70     0.36     60     90
    70     0.51     91    120
    70     0.37    121    151
    70     0.09    152    181
    70     0.04    182    212
    70     0.03    213    243
    70     0.02    244    273
    70     0.03    274    304
    70     0.06    305    334
    70     0.14    335    365
    71     -1.0      1    365
    72     -1.0      1    365
    73     -1.0      1    365
    74     1.53      1     31
    74     2.17     32     59
    74     2.72     60     90
    74     2.83     91    151
    74     1.13    152    181
    74     0.71    182    212
    74     0.28    213    242
    74     0.17    243    243
    74     0.28    244    304
    74     0.46    305    334
    74     1.44    335    365
    75     -1.0      1    365
    76     0.99      1     31
    76     1.19     32     59
    76     1.98     60     90
    76     1.88     91    120
    76     0.66    121    151
    76     0.13    152    181
    76     0.04    182    212
    76     0.03    213    243
    76     0.03    244    273
    76     0.05    274    304
    76     0.23    305    334
    76     0.79    335    365
    77     1.56      1     31
    77     3.11     32    151
    77     1.56    152    181
    77     0.85    182    242
    77     0.58    243    243
    77     0.85    244    273
    77     0.63    274    304
    77      1.1    305    334
    77     1.56    335    365
    78     1.53      1     31
    78     2.17     32     59
    78     2.72     60     90
    78     2.83     91    151
    78     1.13    152    181
    78     0.71    182    212
    78     0.28    213    242
    78     0.17    243    243
    78     0.28    244    304
    78     0.46    305    334
    78     1.44    335    365
    79     -1.0      1    365
    80     -1.0      1    365
    81     1.56      1     31
    81     3.11     32    151
    81     1.56    152    181
    81     0.85    182    242
    81     0.58    243    243
    81     0.85    244    273
    81     0.63    274    304
    81      1.1    305    334
    81     1.56    335    365
    82     5.66      1     31
    82      6.8     32    151
    82     5.66    152    181
    82     2.83    182    212
    82      1.7    213    273
    82     5.66    274    365
    83     -1.0      1    365
    84      1.7      1     31
    84     3.11     32    151
    84      1.7    152    181
    84     1.13    182    242
    84     0.64    243    243
    84     1.13    244    273
    84     0.71    274    304
    84      1.1    305    334
    84      1.7    335    365
    85     0.61      1     31
    85     0.86     32     59
    85     0.91     60    151
    85     0.57    152    181
    85     0.34    182    212
    85     0.27    213    243
    85     0.17    244    273
    85     0.14    274    304
    85     0.16    305    334
    85     0.57    335    365
    86      0.8      1     31
    86     1.08     32    151
    86     0.47    152    181
    86     0.28    182    212
    86     0.19    213    243
    86     0.16    244    273
    86     0.18    274    304
    86      0.3    305    334
    86     0.65    335    365
    87     -1.0      1    365
    88     0.61      1     31
    88     0.86     32     59
    88     0.91     60    151
    88     0.42    152    181
    88     0.34    182    212
    88     0.27    213    243
    88     0.17    244    273
    88      0.1    274    304
    88     0.16    305    334
    88     0.47    335    365
    89     -1.0      1    365
    90     -1.0      1    365
    91     -1.0      1    365
    92     -1.0      1    365
    93     -1.0      1    365
    94     -1.0      1    365
    95     -1.0      1    365
    96     0.61      1     31
    96     0.86     32     59
    96     0.91     60    151
    96     0.57    152    181
    96     0.34    182    212
    96     0.27    213    243
    96     0.17    244    273
    96     0.14    274    304
    96     0.16    305    334
    96     0.57    335    365
    97     -1.0      1    365
    98     -1.0      1    365
    99     1.36      1     31
    99     2.89     32    120
    99     2.62    121    151
    99     0.52    152    181
    99     0.16    182    212
    99     0.07    213    243
    99     0.07    244    273
    99      0.1    274    304
    99     0.22    305    334
    99     1.11    335    365
   100     -1.0      1    365
   101     -1.0      1    365
   102     0.61      1     31
   102     0.86     32     59
   102     0.91     60    151
   102     0.57    152    181
   102     0.34    182    212
   102     0.27    213    243
   102     0.17    244    273
   102     0.14    274    304
   102     0.16    305    334
   102     0.57    335    365
   103     -1.0      1    365
   104     1.84      1     31
   104     2.27     32     59
   104     3.68     60    120
   104     2.47    121    151
   104     0.52    152    181
   104     0.23    182    212
   104     0.15    213    243
   104     0.12    244    273
   104     0.14    274    304
   104     0.49    305    334
   104     1.53    335    365
   105     -1.0      1    365
   106      1.7      1     31
   106     2.75     32    151
   106      1.7    152    181
   106     1.13    182    242
   106      0.0    243    243
   106     1.13    244    273
   106     0.71    274    334
   106      1.7    335    365
   107     -1.0      1    365
   108     -1.0      1    365
   109      0.8      1     31
   109     1.08     32    151
   109     0.47    152    181
   109     0.28    182    212
   109     0.19    213    243
   109     0.16    244    273
   109     0.18    274    304
   109      0.3    305    334
   109     0.65    335    365
   110     0.71      1    365
   111      3.4      1     31
   111     6.37     32    151
   111     1.95    152    181
   111     0.71    182    212
   111     0.31    213    242
   111     0.17    243    243
   111     0.32    244    273
   111     0.41    274    304
   111     0.94    305    334
   111      3.4    335    365
   112     -1.0      1    365
   113     -1.0      1    365
   114     -1.0      1    365
   115      0.8      1     31
   115     1.08     32    151
   115     0.57    152    181
   115     0.34    182    212
   115     0.27    213    243
   115     0.23    244    304
   115      0.3    305    334
   115     0.65    335    365
   116     -1.0      1    365
   117      3.4      1     31
   117     6.37     32    151
   117     1.95    152    181
   117     1.13    182    242
   117      0.0    243    243
   117     1.13    244    273
   117     0.71    274    304
   117     0.94    305    334
   117      3.4    335    365
   118     -1.0      1    365
   119     0.57      1     31
   119     0.85     32    151
   119     0.57    152    181
   119     0.34    182    212
   119     0.23    213    334
   119     0.57    335    365
   120     -1.0      1    365
   121     -1.0      1    365
   122     -1.0      1    365
   123     -1.0      1    365
   124     0.57      1     31
   124     0.85     32    151
   124     0.57    152    181
   124     0.34    182    212
   124     0.23    213    334
   124     0.57    335    365
   125     -1.0      1    365
   126     -1.0      1    365
   127     5.66      1     31
   127      6.8     32    151
   127     5.66    152    181
   127     2.83    182    212
   127      1.7    213    273
   127     5.66    274    365
   128     -1.0      1    365
   129     5.66      1     31
   129      6.8     32    151
   129     5.66    152    181
   129     2.83    182    212
   129      1.7    213    273
   129     5.66    274    365
   130     -1.0      1    365
   131     -1.0      1    365
   132     5.66      1     31
   132      6.8     32    151
   132     5.66    152    181
   132     2.83    182    212
   132      1.7    213    273
   132     5.66    274    365
   133     -1.0      1    365
   134     5.66      1     31
   134      6.8     32    151
   134     5.66    152    181
   134     2.83    182    212
   134      1.7    213    273
   134     5.66    274    365
   135     5.66      1     31
   135      6.8     32    151
   135     5.66    152    181
   135     2.83    182    212
   135      1.7    213    273
   135     5.66    274    365
   136     7.08      1    181
   136      3.4    182    212
   136     2.41    213    258
   136     7.08    259    273
   136      8.5    274    319
   136     7.08    320    365
   137     7.08      1    181
   137      3.4    182    212
   137     2.41    213    258
   137     7.08    259    273
   137      8.5    274    319
   137     7.08    320    365
   138     7.08      1    181
   138      3.4    182    212
   138     2.41    213    258
   138     7.08    259    273
   138      8.5    274    319
   138     7.08    320    365
   139     7.08      1    181
   139      6.8    182    258
   139     7.08    259    273
   139      8.5    274    319
   139     7.08    320    365
   140     7.08      1    181
   140      6.8    182    258
   140     7.08    259    273
   140      8.5    274    319
   140     7.08    320    365
   141     7.08      1    181
   141      6.8    182    258
   141     7.08    259    273
   141      8.5    274    319
   141     7.08    320    365
   142     7.08      1    181
   142      6.8    182    258
   142     7.08    259    273
   142      8.5    274    319
   142     7.08    320    365
   143     7.08      1    181
   143      6.8    182    258
   143     7.08    259    273
   143      8.5    274    319
   143     7.08    320    365
   144     7.08      1    181
   144      6.8    182    258
   144     7.08    259    273
   144      8.5    274    319
   144     7.08    320    365
   145     7.08      1    181
   145      6.8    182    258
   145     7.08    259    273
   145      8.5    274    319
   145     7.08    320    365
   146     7.08      1    181
   146      6.8    182    258
   146     7.08    259    273
   146      8.5    274    319
   146     7.08    320    365
   147     7.08      1    181
   147      6.8    182    258
   147     7.08    259    273
   147      8.5    274    319
   147     7.08    320    365
