   1      3     83     60    304
   2      3    108     60    304
   3      3     50     60    304
   4      3     17      1    365
   5      3   1373     60    304
   6      3   1838     60    304
   7      3   1605     60    304
   8      3     13      1    365
   9      3   3209     60    304
  10      3   3199     60    304
  11      3    614     60    304
  12      5    109      1    365
  13      5      3     60    182
  14      5     34     60    213
  15      5    109      1    365
  16      5     15     60    213
  17      5      2     91    365
  18      5    130     32    365
  19      5     32      1    365
  20      5     59     60    304
  21      5     40    121    244
  22      5     51     91    213
  23      5    154     60    274
  24      5      5     91    244
  25      5    203      1    258
  26      5     43     91    213
  27      5      3     91    244
  28      5     25     32    335
  29      5     47     60    244
  30      5     92     60    244
  31      1     54      1    365
  32      1     39      1    365
  33      1     84     60    213
  34      1     43     60    274
  35      1    184      1    365
  36      1    135      1    365
  37      1     23     60    244
  38      1     96      1    365
  39      1     38     32    244
  40      1     39      1    365
  41      1    130     32    244
  42      1    252     91    365
  43      1    121     60    365
  44      1    186     60    244
  45      1    232     91    244
  46      1     66     91    213
  47      1    282      1    274
  48      1     20     91    305
  49      1    333      1    258
  50      1    166     32    166
  51      1     91     60    166
  52      1     55      1    365
  53      1     86     60    293
  54      1     55     91    213
  55      1    126     60    152
  56      1    317     60    244
  57      1    108     60    304
  58      1    227     91    182
  59      1    145     60    182
  60      5     49      1    365
  61      5    124      1    365
  62      1    225      1    365
  63      5     49      1    365
  64      1     10      1    365
  65      1     76      1    365
  66      1    202      1    365
  67      1      9      1    365
  68      5     67      1    365
  69      5     23      1    365
  70      1     60      1    365
  71      1    101      1    365
  72      5     20      1    365
  73      1   2263      1    365
  74      3     40     60    304
  75      5     15      1    365
  76      1     66      1    365
  77      1     84      1    365
  78      1    144      1    365
  79      3     24     60    304
  80      1    150      1    365
  81      1    120      1    365
  82      3     26     60    304
  83      3      8     60    304
  84      5      8      1    365
  85      3     11     60    304
  86      3     22     60    304
  87      3     32     60    304
  88      3     16     60    304
  89      3     70     60    304
  90      3     53     60    304
  91      3    125     60    304
  92      1     81      1    365
  93      1     17      1    365
  94      3    224     60    304
  95      3    169     60    304
  96      1    126      1    365
  97      1     15      1    365
  98      3    165     60    304
  99      3    154     60    304
 100      3     25     60    304
 101      1    102      1    365
 102      1     84      1    365
 103      1    114      1    365
 104      1     56      1    365
 105      3     16     60    304
 106      3    128     60    304
 107      3     97     60    304
 108      3     18     60    304
 109      3      8     60    304
 110      3      7     60    304
 111      3     79     60    304
 112      1     49     60    244
 113      5      9      1    365
 114      3     97     60    304
 115      3     43     60    304
 116      3     56     60    304
 117      5    206      1    365
 118      3      9     60    304
 119      3     12     60    304
 120      3      2     60    304
 121      3      1     60    304
 122      3     66     60    304
 123      3     59     60    304
 124      3    875     60    304
 125      3    434     60    304
 126      3      7     60    304
 127      3    502     60    304
 128      3    514     60    304
 129      3    465     60    304
 130      3    614     60    304
 131      5     27      1    365
 132      3    166     60    304
 133      3     10     60    304
 134      3     13     60    304
 135      3     86     60    304
 136      3     40     60    304
 137      5     38      1    196
 138      5     21      1    365
 139      3     12     60    304
 140      3    183     60    304
 141      3    103     60    304
 142      3    584     60    304
 143      3    441     60    304
 144      3     17     60    304
 145      3     13     60    304
 146      5     61      1    365
 147      3    685     60    304
 148      3     20     60    304
 149      3      3     60    304
 150      1     35      1    365
 151      1     91      1    365
 152      1     83      1    365
 153      3     41     60    304
 154      3     18     60    304
 155      5     49      1    365
 156      1    291      1    365
 157      1    212      1    365
 158      3     20     60    304
 159      5   2607      1    365
 160      5  10432      1    365
 161      5   3695      1    365
 162      1   1342      1    365
 163      1    445      1    365
 164      5      5      1    365
 165      5     18      1    365
 166      1     98     91    258
 167      5      7     60    274
 168      5     81     32    244
 169      5     21      1    365
 170      5     36      1    365
 171      3    145     60    304
 172      5     75     32    244
 173      5     15      1    365
 174      5   7162      1    365
 175      1     45      1    365
 176      3     52     60    304
 177      3    140     60    304
 178      3     72     60    304
 179      3     32     60    304
 180      3     34     60    304
 181      5     30      1    365
 182      3   1020     60    304
 183      3    770     60    304
 184      3     28     60    304
 185      3     13     60    304
 186      3      4     60    304
 187      3     26     60    304
 188      3     75     60    304
 189      3   1925     60    304
 190      3    299     60    304
 191      3    102     60    304
 192      1    205     91    244
 193      1     30     91    244
 194      1     26      1    365
 195      3    364      1    365
 196      3     77     60    304
 197      3    242     60    304
 198      3    114     60    304
 199      5      3      1    365
 200      3    181     60    304
 201      5      9      1    365
 202      3     52     60    304
 203      5    168      1    365
 204      5     81      1    365
 205      5    262      1    365
 206      5     73      1    365
 207      5     70      1    365
 208      5     56      1    365
 209      3     30     60    304
 210      1     30     32    304
 211      5     52     91    161
 212      3    211     60    304
 213      3   1845     60    304
 214      3     17     60    304
 215      5     22     60    244
 216      1     34      1    365
 217      3    138     60    304
 218      5      8      1    365
 219      5     15      1    365
 220      3     33     60    304
 221      3    785      1    365
 222      5     84     60    244
 223      5      5      1    365
 224      5     75      1    365
 225      3    231     60    304
 226      3    107     60    304
 227      5    190      1    365
 228      5     30      1    365
 229      3     30     60    304
 230      3     66     60    304
 231      3   1181     60    304
 232      3    310     60    304
 233      1    148      1    365
 234      3     20     60    273
 235      3    271     60    304
 236      5    526      1    365
 237      5     67      1    365
 238      3    821     60    304
 239      3    282     60    304
 240      3     65     60    304
 241      5     24      1    365
 242      5     45      1    365
 243      1    184      1    365
 244      1    133      1    365
 245      1    139      1    365
 246      1     74      1    365
 247      5     59     60    213
 248      5     10      1    365
 249      5     47     60    244
 250      5   1158      1    365
 251      3     45     91    288
 252      5    268      1    365
 253      1     68      1    365
 254      3     26    105    273
 999      0      0      1    365
