   1      3     79     60    304
   2      3     88     60    304
   3      3     50     60    304
   4      3     16      1    365
   5      3   1353     60    304
   6      3   1811     60    304
   7      3   1605     60    304
   8      3     11      1    365
   9      3   3162     60    304
  10      3   3152     60    304
  11      3    309     60    304
  12      5    106      1    365
  13      5      6     60    182
  14      5     33     60    213
  15      5    106      1    365
  16      5     62     60    213
  17      5      3     91    365
  18      5    126     32    365
  19      5     32      1    365
  20      5    107     60    304
  21      5    160    121    244
  22      5    244     91    213
  23      5    616     60    274
  24      5      9     91    244
  25      5    197      1    258
  26      5    172     91    213
  27      5     12     91    244
  28      5     24     32    335
  29      5     46     60    244
  30      5    370     60    244
  31      1     43      1    365
  32      1     31      1    365
  33      1     66     60    213
  34      1     34     60    274
  35      1    144      1    365
  36      1    106      1    365
  37      1     18     60    244
  38      1     75      1    365
  39      1     29     32    244
  40      1     31      1    365
  41      1    102     32    244
  42      1    100     91    365
  43      1     48     60    365
  44      1     74     60    244
  45      1     92     91    244
  46      1     26     91    213
  47      1    112      1    274
  48      1      8     91    305
  49      1    132      1    258
  50      1     66     32    166
  51      1     36     60    166
  52      1     22      1    365
  53      1     34     60    293
  54      1     22     91    213
  55      1     50     60    152
  56      1    126     60    244
  57      1    175     60    304
  58      1     90     91    182
  59      1    113     60    182
  60      5     48      1    365
  61      5    225      1    365
  62      1    177      1    365
  63      5     88      1    365
  64      1      4      1    365
  65      1     30      1    365
  66      1     80      1    365
  67      1      7      1    365
  68      5    122      1    365
  69      5     43      1    365
  70      1     47      1    365
  71      1     40      1    365
  72      5     37      1    365
  73      1   2098      1    365
  74      3     38     60    304
  75      5     27      1    365
  76      1    107      1    365
  77      1    136      1    365
  78      1    233      1    365
  79      3     19     60    304
  80      1    243      1    365
  81      1    195      1    365
  82      3     25     60    304
  83      3      8     60    304
  84      5     15      1    365
  85      3      9     60    304
  86      3     18     60    304
  87      3     16     60    304
  88      3     15     60    304
  89      3     67     60    304
  90      3     53     60    304
  91      3    103     60    304
  92      1     63      1    365
  93      1     13      1    365
  94      3    212     60    304
  95      3    169     60    304
  96      1     50      1    365
  97      1      6      1    365
  98      3     83     60    304
  99      3     77     60    304
 100      3     25     60    304
 101      1    165      1    365
 102      1    136      1    365
 103      1    185      1    365
 104      1     44      1    365
 105      3      8     60    304
 106      3    122     60    304
 107      3     97     60    304
 108      3     64     60    304
 109      3     28     60    304
 110      3      7     60    304
 111      3     40     60    304
 112      1     38     60    244
 113      5     37      1    365
 114      3     49     60    304
 115      3     43     60    304
 116      3     28     60    304
 117      5    825      1    365
 118      3      9     60    304
 119      3     44     60    304
 120      3      2     60    304
 121      3      1     60    304
 122      3    238     60    304
 123      3     59     60    304
 124      3    862     60    304
 125      3    218     60    304
 126      3     24     60    304
 127      3    412     60    304
 128      3    507     60    304
 129      3    458     60    304
 130      3    309     60    304
 131      5     49      1    365
 132      3    157     60    304
 133      3     36     60    304
 134      3     11     60    304
 135      3     71     60    304
 136      3     40     60    304
 137      5     37      1    196
 138      5     20      1    365
 139      3     11     60    304
 140      3    181     60    304
 141      3    102     60    304
 142      3    554     60    304
 143      3    441     60    304
 144      3     60     60    304
 145      3     12     60    304
 146      5    246      1    365
 147      3    562     60    304
 148      3     73     60    304
 149      3     12     60    304
 150      1     14      1    365
 151      1     36      1    365
 152      1     65      1    365
 153      3     20     60    304
 154      3     18     60    304
 155      5     48      1    365
 156      1    228      1    365
 157      1     84      1    365
 158      3     73     60    304
 159      5   2529      1    365
 160      5  10122      1    365
 161      5   3585      1    365
 162      1   1052      1    365
 163      1    720      1    365
 164      5      5      1    365
 165      5     74      1    365
 166      1     77     91    258
 167      5      7     60    274
 168      5     78     32    244
 169      5     20      1    365
 170      5     35      1    365
 171      3     73     60    304
 172      5     73     32    244
 173      5     27      1    365
 174      5   6949      1    365
 175      1     18      1    365
 176      3     49     60    304
 177      3    115     60    304
 178      3     36     60    304
 179      3     32     60    304
 180      3     17     60    304
 181      5     29      1    365
 182      3    968     60    304
 183      3    770     60    304
 184      3     23     60    304
 185      3     13     60    304
 186      3     16     60    304
 187      3     25     60    304
 188      3     37     60    304
 189      3   1828     60    304
 190      3    284     60    304
 191      3     97     60    304
 192      1    160     91    244
 193      1     24     91    244
 194      1     21      1    365
 195      3    183      1    365
 196      3     39     60    304
 197      3    230     60    304
 198      3     94     60    304
 199      5      3      1    365
 200      3    149     60    304
 201      5      9      1    365
 202      3     42     60    304
 203      5    163      1    365
 204      5     78      1    365
 205      5    254      1    365
 206      5     71      1    365
 207      5     70      1    365
 208      5     54      1    365
 209      3     25     60    304
 210      1     24     32    304
 211      5     94     91    161
 212      3    173     60    304
 213      3   1514     60    304
 214      3     16     60    304
 215      5     21     60    244
 216      1     26      1    365
 217      3    113     60    304
 218      5     15      1    365
 219      5     27      1    365
 220      3     31     60    304
 221      3    774      1    365
 222      5    152     60    244
 223      5      9      1    365
 224      5    137      1    365
 225      3    189     60    304
 226      3    107     60    304
 227      5    184      1    365
 228      5     29      1    365
 229      3     25     60    304
 230      3    238     60    304
 231      3    594     60    304
 232      3    306     60    304
 233      1    116      1    365
 234      3     19     60    273
 235      3    136     60    304
 236      5   2494      1    365
 237      5    122      1    365
 238      3    809     60    304
 239      3    278     60    304
 240      3     64     60    304
 241      5     23      1    365
 242      5     44      1    365
 243      1    144      1    365
 244      1    104      1    365
 245      1    109      1    365
 246      1     74      1    365
 247      5    107     60    213
 248      5     18      1    365
 249      5     85     60    244
 250      5   2048      1    365
 251      3    161     91    288
 252      5    487      1    365
 253      1     53      1    365
 254      3     25    105    273
 999      0      0      1    365
