   1      3    102     60    304
   2      3     60     60    304
   3      3     50     60    304
   4      3     21      1    365
   5      3   1461     60    304
   6      3   1955     60    304
   7      3   1605     60    304
   8      3      7      1    365
   9      3   3415     60    304
  10      3   3404     60    304
  11      3    519     60    304
  12      5    110      1    365
  13      5     10     60    182
  14      5     34     60    213
  15      5    110      1    365
  16      5     55     60    213
  17      5      5     91    365
  18      5    131     32    365
  19      5     33      1    365
  20      5    182     60    304
  21      5    143    121    244
  22      5     20     91    213
  23      5    549     60    274
  24      5     16     91    244
  25      5    205      1    258
  26      5    154     91    213
  27      5     11     91    244
  28      5     25     32    335
  29      5     48     60    244
  30      5    329     60    244
  31      1     41      1    365
  32      1     30      1    365
  33      1     64     60    213
  34      1     33     60    274
  35      1    139      1    365
  36      1    102      1    365
  37      1     17     60    244
  38      1     72      1    365
  39      1     28     32    244
  40      1     30      1    365
  41      1     98     32    244
  42      1     82     91    365
  43      1     39     60    365
  44      1     61     60    244
  45      1     75     91    244
  46      1     21     91    213
  47      1     92      1    274
  48      1      7     91    305
  49      1    108      1    258
  50      1     54     32    166
  51      1     29     60    166
  52      1     18      1    365
  53      1     28     60    293
  54      1     18     91    213
  55      1     41     60    152
  56      1    103     60    244
  57      1    217     60    304
  58      1     74     91    182
  59      1    109     60    182
  60      5     50      1    365
  61      5    385      1    365
  62      1    170      1    365
  63      5    151      1    365
  64      1      3      1    365
  65      1     25      1    365
  66      1     65      1    365
  67      1      7      1    365
  68      5    208      1    365
  69      5     73      1    365
  70      1     45      1    365
  71      1     33      1    365
  72      5     62      1    365
  73      1   1605      1    365
  74      3     49     60    304
  75      5     47      1    365
  76      1    132      1    365
  77      1    169      1    365
  78      1    289      1    365
  79      3     13     60    304
  80      1    301      1    365
  81      1    241      1    365
  82      3     32     60    304
  83      3     10     60    304
  84      5     26      1    365
  85      3      6     60    304
  86      3     12     60    304
  87      3     27     60    304
  88      3     19     60    304
  89      3     86     60    304
  90      3     53     60    304
  91      3     70     60    304
  92      1     61      1    365
  93      1     13      1    365
  94      3    274     60    304
  95      3    169     60    304
  96      1     41      1    365
  97      1      5      1    365
  98      3    139     60    304
  99      3    130     60    304
 100      3     27     60    304
 101      1    205      1    365
 102      1    169      1    365
 103      1    229      1    365
 104      1     43      1    365
 105      3     13     60    304
 106      3    157     60    304
 107      3     97     60    304
 108      3     29     60    304
 109      3     13     60    304
 110      3      7     60    304
 111      3     67     60    304
 112      1     37     60    244
 113      5     33      1    365
 114      3     82     60    304
 115      3     43     60    304
 116      3     48     60    304
 117      5    735      1    365
 118      3     11     60    304
 119      3     20     60    304
 120      3      1     60    304
 121      3      1     60    304
 122      3    107     60    304
 123      3     59     60    304
 124      3    931     60    304
 125      3    367     60    304
 126      3     11     60    304
 127      3    281     60    304
 128      3    547     60    304
 129      3    495     60    304
 130      3    519     60    304
 131      5     83      1    365
 132      3    203     60    304
 133      3     16     60    304
 134      3      7     60    304
 135      3     48     60    304
 136      3     40     60    304
 137      5     38      1    196
 138      5     21      1    365
 139      3     15     60    304
 140      3    195     60    304
 141      3    110     60    304
 142      3    715     60    304
 143      3    441     60    304
 144      3     27     60    304
 145      3     13     60    304
 146      5    219      1    365
 147      3    383     60    304
 148      3     33     60    304
 149      3      5     60    304
 150      1     11      1    365
 151      1     29      1    365
 152      1     62      1    365
 153      3     34     60    304
 154      3     18     60    304
 155      5     50      1    365
 156      1    220      1    365
 157      1     69      1    365
 158      3     33     60    304
 159      5   2628      1    365
 160      5  10516      1    365
 161      5   3725      1    365
 162      1   1014      1    365
 163      1    891      1    365
 164      5      5      1    365
 165      5     66      1    365
 166      1     74     91    258
 167      5      7     60    274
 168      5     81     32    244
 169      5     21      1    365
 170      5     36      1    365
 171      3    122     60    304
 172      5     76     32    244
 173      5     47      1    365
 174      5   7220      1    365
 175      1     15      1    365
 176      3     63     60    304
 177      3     78     60    304
 178      3     61     60    304
 179      3     32     60    304
 180      3     29     60    304
 181      5     31      1    365
 182      3   1248     60    304
 183      3    770     60    304
 184      3     16     60    304
 185      3     13     60    304
 186      3      7     60    304
 187      3     32     60    304
 188      3     63     60    304
 189      3   2357     60    304
 190      3    366     60    304
 191      3    125     60    304
 192      1    155     91    244
 193      1     23     91    244
 194      1     20      1    365
 195      3    307      1    365
 196      3     65     60    304
 197      3    297     60    304
 198      3     64     60    304
 199      5      3      1    365
 200      3    101     60    304
 201      5     10      1    365
 202      3     29     60    304
 203      5    169      1    365
 204      5     81      1    365
 205      5    264      1    365
 206      5     74      1    365
 207      5     70      1    365
 208      5     56      1    365
 209      3     17     60    304
 210      1     23     32    304
 211      5    161     91    161
 212      3    118     60    304
 213      3   1032     60    304
 214      3     21     60    304
 215      5     22     60    244
 216      1     26      1    365
 217      3     77     60    304
 218      5     26      1    365
 219      5     47      1    365
 220      3     41     60    304
 221      3    836      1    365
 222      5    260     60    244
 223      5     16      1    365
 224      5    234      1    365
 225      3    129     60    304
 226      3    107     60    304
 227      5    191      1    365
 228      5     31      1    365
 229      3     17     60    304
 230      3    107     60    304
 231      3    999     60    304
 232      3    330     60    304
 233      1    112      1    365
 234      3     24     60    273
 235      3    229     60    304
 236      5    205      1    365
 237      5    208      1    365
 238      3    873     60    304
 239      3    300     60    304
 240      3     69     60    304
 241      5     24      1    365
 242      5     45      1    365
 243      1    139      1    365
 244      1    101      1    365
 245      1    105      1    365
 246      1     74      1    365
 247      5    182     60    213
 248      5     31      1    365
 249      5    146     60    244
 250      5    480      1    365
 251      3     73     91    288
 252      5    832      1    365
 253      1     51      1    365
 254      3     32    105    273
 999      0      0      1    365
