   1      3     91     60    304
   2      3     52     60    304
   3      3     50     60    304
   4      3     19      1    365
   5      3   1332     60    304
   6      3   1783     60    304
   7      3   1605     60    304
   8      3      6      1    365
   9      3   3114     60    304
  10      3   3104     60    304
  11      3    373     60    304
  12      5    111      1    365
  13      5      4     60    182
  14      5     34     60    213
  15      5    111      1    365
  16      5     27     60    213
  17      5      2     91    365
  18      5    132     32    365
  19      5     33      1    365
  20      5     71     60    304
  21      5     69    121    244
  22      5    231     91    213
  23      5    266     60    274
  24      5      6     91    244
  25      5    207      1    258
  26      5     75     91    213
  27      5      5     91    244
  28      5     26     32    335
  29      5     48     60    244
  30      5    160     60    244
  31      1     52      1    365
  32      1     37      1    365
  33      1     80     60    213
  34      1     41     60    274
  35      1    174      1    365
  36      1    128      1    365
  37      1     21     60    244
  38      1     91      1    365
  39      1     36     32    244
  40      1     37      1    365
  41      1    123     32    244
  42      1    169     91    365
  43      1     81     60    365
  44      1    125     60    244
  45      1    156     91    244
  46      1     44     91    213
  47      1    189      1    274
  48      1     14     91    305
  49      1    223      1    258
  50      1    112     32    166
  51      1     61     60    166
  52      1     37      1    365
  53      1     57     60    293
  54      1     37     91    213
  55      1     85     60    152
  56      1    213     60    244
  57      1    166     60    304
  58      1    152     91    182
  59      1    137     60    182
  60      5     50      1    365
  61      5    150      1    365
  62      1    214      1    365
  63      5     59      1    365
  64      1      7      1    365
  65      1     51      1    365
  66      1    135      1    365
  67      1      9      1    365
  68      5     81      1    365
  69      5     28      1    365
  70      1     57      1    365
  71      1     68      1    365
  72      5     24      1    365
  73      1   1256      1    365
  74      3     43     60    304
  75      5     18      1    365
  76      1    101      1    365
  77      1    129      1    365
  78      1    221      1    365
  79      3     11     60    304
  80      1    230      1    365
  81      1    184      1    365
  82      3     29     60    304
  83      3      9     60    304
  84      5     10      1    365
  85      3      5     60    304
  86      3     10     60    304
  87      3     19     60    304
  88      3     17     60    304
  89      3     77     60    304
  90      3     53     60    304
  91      3     60     60    304
  92      1     77      1    365
  93      1     16      1    365
  94      3    244     60    304
  95      3    169     60    304
  96      1     85      1    365
  97      1     10      1    365
  98      3    100     60    304
  99      3     93     60    304
 100      3     24     60    304
 101      1    156      1    365
 102      1    129      1    365
 103      1    175      1    365
 104      1     53      1    365
 105      3     10     60    304
 106      3    140     60    304
 107      3     97     60    304
 108      3     96     60    304
 109      3     42     60    304
 110      3      7     60    304
 111      3     48     60    304
 112      1     46     60    244
 113      5     16      1    365
 114      3     59     60    304
 115      3     43     60    304
 116      3     34     60    304
 117      5    357      1    365
 118      3     10     60    304
 119      3     66     60    304
 120      3      1     60    304
 121      3      1     60    304
 122      3    352     60    304
 123      3     59     60    304
 124      3    849     60    304
 125      3    263     60    304
 126      3     36     60    304
 127      3    242     60    304
 128      3    499     60    304
 129      3    451     60    304
 130      3    373     60    304
 131      5     32      1    365
 132      3    181     60    304
 133      3     54     60    304
 134      3      6     60    304
 135      3     41     60    304
 136      3     40     60    304
 137      5     38      1    196
 138      5     21      1    365
 139      3     13     60    304
 140      3    178     60    304
 141      3    100     60    304
 142      3    637     60    304
 143      3    441     60    304
 144      3     90     60    304
 145      3     12     60    304
 146      5    107      1    365
 147      3    330     60    304
 148      3    107     60    304
 149      3     18     60    304
 150      1     24      1    365
 151      1     61      1    365
 152      1     78      1    365
 153      3     25     60    304
 154      3     18     60    304
 155      5     50      1    365
 156      1    276      1    365
 157      1    142      1    365
 158      3    107     60    304
 159      5   2654      1    365
 160      5  10620      1    365
 161      5   3762      1    365
 162      1   1273      1    365
 163      1    681      1    365
 164      5      5      1    365
 165      5     32      1    365
 166      1     93     91    258
 167      5      7     60    274
 168      5     82     32    244
 169      5     21      1    365
 170      5     36      1    365
 171      3     88     60    304
 172      5     77     32    244
 173      5     18      1    365
 174      5   7291      1    365
 175      1     30      1    365
 176      3     56     60    304
 177      3     67     60    304
 178      3     44     60    304
 179      3     32     60    304
 180      3     21     60    304
 181      5     31      1    365
 182      3   1113     60    304
 183      3    770     60    304
 184      3     13     60    304
 185      3     13     60    304
 186      3     24     60    304
 187      3     29     60    304
 188      3     45     60    304
 189      3   2102     60    304
 190      3    327     60    304
 191      3    111     60    304
 192      1    194     91    244
 193      1     28     91    244
 194      1     25      1    365
 195      3    221      1    365
 196      3     47     60    304
 197      3    265     60    304
 198      3     55     60    304
 199      5      3      1    365
 200      3     87     60    304
 201      5     10      1    365
 202      3     25     60    304
 203      5    171      1    365
 204      5     82      1    365
 205      5    267      1    365
 206      5     75      1    365
 207      5     70      1    365
 208      5     57      1    365
 209      3     15     60    304
 210      1     28     32    304
 211      5     63     91    161
 212      3    102     60    304
 213      3    888     60    304
 214      3     19     60    304
 215      5     22     60    244
 216      1     32      1    365
 217      3     66     60    304
 218      5     10      1    365
 219      5     18      1    365
 220      3     36     60    304
 221      3    762      1    365
 222      5    101     60    244
 223      5      6      1    365
 224      5     91      1    365
 225      3    111     60    304
 226      3    107     60    304
 227      5    193      1    365
 228      5     31      1    365
 229      3     15     60    304
 230      3    352     60    304
 231      3    717     60    304
 232      3    301     60    304
 233      1    141      1    365
 234      3     22     60    273
 235      3    165     60    304
 236      5   2359      1    365
 237      5     81      1    365
 238      3    797     60    304
 239      3    273     60    304
 240      3     63     60    304
 241      5     25      1    365
 242      5     46      1    365
 243      1    174      1    365
 244      1    126      1    365
 245      1    132      1    365
 246      1     74      1    365
 247      5     71     60    213
 248      5     12      1    365
 249      5     57     60    244
 250      5   2432      1    365
 251      3    239     91    288
 252      5    325      1    365
 253      1     64      1    365
 254      3     29    105    273
 999      0      0      1    365
