   1      3     83     60    304
   2      3    104     60    304
   3      3     50     60    304
   4      3     17      1    365
   5      3   1448     60    304
   6      3   1938     60    304
   7      3   1605     60    304
   8      3     12      1    365
   9      3   3384     60    304
  10      3   3373     60    304
  11      3    404     60    304
  12      5    110      1    365
  13      5      5     60    182
  14      5     34     60    213
  15      5    110      1    365
  16      5     55     60    213
  17      5      2     91    365
  18      5    131     32    365
  19      5     33      1    365
  20      5     81     60    304
  21      5    143    121    244
  22      5    128     91    213
  23      5    550     60    274
  24      5      7     91    244
  25      5    205      1    258
  26      5    154     91    213
  27      5     11     91    244
  28      5     25     32    335
  29      5     47     60    244
  30      5    330     60    244
  31      1     29      1    365
  32      1     21      1    365
  33      1     45     60    213
  34      1     23     60    274
  35      1     99      1    365
  36      1     72      1    365
  37      1     12     60    244
  38      1     51      1    365
  39      1     20     32    244
  40      1     21      1    365
  41      1     69     32    244
  42      1    213     91    365
  43      1    102     60    365
  44      1    158     60    244
  45      1    196     91    244
  46      1     55     91    213
  47      1    239      1    274
  48      1     17     91    305
  49      1    282      1    258
  50      1    141     32    166
  51      1     77     60    166
  52      1     47      1    365
  53      1     73     60    293
  54      1     47     91    213
  55      1    107     60    152
  56      1    269     60    244
  57      1     38     60    304
  58      1    192     91    182
  59      1     77     60    182
  60      5     50      1    365
  61      5    171      1    365
  62      1    121      1    365
  63      5     67      1    365
  64      1      9      1    365
  65      1     64      1    365
  66      1    171      1    365
  67      1      5      1    365
  68      5     92      1    365
  69      5     32      1    365
  70      1     32      1    365
  71      1     85      1    365
  72      5     28      1    365
  73      1   1198      1    365
  74      3     39     60    304
  75      5     21      1    365
  76      1     23      1    365
  77      1     29      1    365
  78      1     50      1    365
  79      3     23     60    304
  80      1     52      1    365
  81      1     42      1    365
  82      3     26     60    304
  83      3      8     60    304
  84      5     12      1    365
  85      3     10     60    304
  86      3     21     60    304
  87      3     21     60    304
  88      3     16     60    304
  89      3     70     60    304
  90      3     53     60    304
  91      3    121     60    304
  92      1     43      1    365
  93      1      9      1    365
  94      3    222     60    304
  95      3    169     60    304
  96      1    107      1    365
  97      1     13      1    365
  98      3    109     60    304
  99      3    101     60    304
 100      3     27     60    304
 101      1     35      1    365
 102      1     29      1    365
 103      1     40      1    365
 104      1     30      1    365
 105      3     10     60    304
 106      3    127     60    304
 107      3     97     60    304
 108      3    152     60    304
 109      3     67     60    304
 110      3      7     60    304
 111      3     52     60    304
 112      1     26     60    244
 113      5     33      1    365
 114      3     64     60    304
 115      3     43     60    304
 116      3     37     60    304
 117      5    737      1    365
 118      3      9     60    304
 119      3    105     60    304
 120      3      2     60    304
 121      3      1     60    304
 122      3    561     60    304
 123      3     59     60    304
 124      3    922     60    304
 125      3    285     60    304
 126      3     57     60    304
 127      3    485     60    304
 128      3    542     60    304
 129      3    490     60    304
 130      3    404     60    304
 131      5     37      1    365
 132      3    164     60    304
 133      3     86     60    304
 134      3     12     60    304
 135      3     83     60    304
 136      3     40     60    304
 137      5     38      1    196
 138      5     21      1    365
 139      3     12     60    304
 140      3    193     60    304
 141      3    109     60    304
 142      3    579     60    304
 143      3    441     60    304
 144      3    143     60    304
 145      3     13     60    304
 146      5    220      1    365
 147      3    662     60    304
 148      3    171     60    304
 149      3     29     60    304
 150      1     30      1    365
 151      1     77      1    365
 152      1     44      1    365
 153      3     27     60    304
 154      3     18     60    304
 155      5     50      1    365
 156      1    156      1    365
 157      1    179      1    365
 158      3    171     60    304
 159      5   2625      1    365
 160      5  10507      1    365
 161      5   3722      1    365
 162      1    719      1    365
 163      1    154      1    365
 164      5      5      1    365
 165      5     66      1    365
 166      1     52     91    258
 167      5      7     60    274
 168      5     81     32    244
 169      5     21      1    365
 170      5     36      1    365
 171      3     95     60    304
 172      5     76     32    244
 173      5     21      1    365
 174      5   7214      1    365
 175      1     38      1    365
 176      3     51     60    304
 177      3    135     60    304
 178      3     48     60    304
 179      3     32     60    304
 180      3     22     60    304
 181      5     31      1    365
 182      3   1012     60    304
 183      3    770     60    304
 184      3     27     60    304
 185      3     13     60    304
 186      3     38     60    304
 187      3     26     60    304
 188      3     49     60    304
 189      3   1911     60    304
 190      3    297     60    304
 191      3    101     60    304
 192      1    110     91    244
 193      1     16     91    244
 194      1     14      1    365
 195      3    239      1    365
 196      3     51     60    304
 197      3    240     60    304
 198      3    110     60    304
 199      5      3      1    365
 200      3    175     60    304
 201      5      9      1    365
 202      3     50     60    304
 203      5    169      1    365
 204      5     81      1    365
 205      5    264      1    365
 206      5     74      1    365
 207      5     70      1    365
 208      5     56      1    365
 209      3     29     60    304
 210      1     16     32    304
 211      5     72     91    161
 212      3    204     60    304
 213      3   1782     60    304
 214      3     17     60    304
 215      5     22     60    244
 216      1     18      1    365
 217      3    133     60    304
 218      5     12      1    365
 219      5     21      1    365
 220      3     33     60    304
 221      3    828      1    365
 222      5    115     60    244
 223      5      7      1    365
 224      5    104      1    365
 225      3    223     60    304
 226      3    107     60    304
 227      5    191      1    365
 228      5     31      1    365
 229      3     29     60    304
 230      3    561     60    304
 231      3    778     60    304
 232      3    327     60    304
 233      1     79      1    365
 234      3     20     60    273
 235      3    178     60    304
 236      5   1307      1    365
 237      5     92      1    365
 238      3    866     60    304
 239      3    297     60    304
 240      3     69     60    304
 241      5     24      1    365
 242      5     45      1    365
 243      1     99      1    365
 244      1     71      1    365
 245      1     74      1    365
 246      1     74      1    365
 247      5     81     60    213
 248      5     14      1    365
 249      5     65     60    244
 250      5   1325      1    365
 251      3    381     91    288
 252      5    369      1    365
 253      1     36      1    365
 254      3     26    105    273
 999      0      0      1    365
