   1      3     75     60    304
   2      3     72     60    304
   3      3     50     60    304
   4      3     15      1    365
   5      3   1352     60    304
   6      3   1810     60    304
   7      3   1605     60    304
   8      3      9      1    365
   9      3   3161     60    304
  10      3   3151     60    304
  11      3    647     60    304
  12      5    115      1    365
  13      5      3     60    182
  14      5     35     60    213
  15      5    115      1    365
  16      5     64     60    213
  17      5      2     91    365
  18      5    137     32    365
  19      5     34      1    365
  20      5     61     60    304
  21      5    166    121    244
  22      5     22     91    213
  23      5    640     60    274
  24      5      5     91    244
  25      5    214      1    258
  26      5    179     91    213
  27      5     13     91    244
  28      5     27     32    335
  29      5     50     60    244
  30      5    384     60    244
  31      1     69      1    365
  32      1     50      1    365
  33      1    107     60    213
  34      1     54     60    274
  35      1    232      1    365
  36      1    170      1    365
  37      1     28     60    244
  38      1    121      1    365
  39      1     47     32    244
  40      1     50      1    365
  41      1    163     32    244
  42      1    117     91    365
  43      1     56     60    365
  44      1     86     60    244
  45      1    107     91    244
  46      1     30     91    213
  47      1    131      1    274
  48      1      9     91    305
  49      1    154      1    258
  50      1     77     32    166
  51      1     42     60    166
  52      1     26      1    365
  53      1     40     60    293
  54      1     26     91    213
  55      1     58     60    152
  56      1    147     60    244
  57      1     91     60    304
  58      1    105     91    182
  59      1    182     60    182
  60      5     52      1    365
  61      5    128      1    365
  62      1    284      1    365
  63      5     50      1    365
  64      1      5      1    365
  65      1     35      1    365
  66      1     93      1    365
  67      1     12      1    365
  68      5     69      1    365
  69      5     24      1    365
  70      1     76      1    365
  71      1     47      1    365
  72      5     21      1    365
  73      1    369      1    365
  74      3     36     60    304
  75      5     16      1    365
  76      1     55      1    365
  77      1     70      1    365
  78      1    121      1    365
  79      3     16     60    304
  80      1    126      1    365
  81      1    101      1    365
  82      3     24     60    304
  83      3      7     60    304
  84      5      9      1    365
  85      3      7     60    304
  86      3     14     60    304
  87      3     33     60    304
  88      3     14     60    304
  89      3     63     60    304
  90      3     53     60    304
  91      3     84     60    304
  92      1    102      1    365
  93      1     21      1    365
  94      3    201     60    304
  95      3    169     60    304
  96      1     58      1    365
  97      1      7      1    365
  98      3    174     60    304
  99      3    162     60    304
 100      3     25     60    304
 101      1     86      1    365
 102      1     70      1    365
 103      1     96      1    365
 104      1     71      1    365
 105      3     17     60    304
 106      3    116     60    304
 107      3     97     60    304
 108      3    107     60    304
 109      3     47     60    304
 110      3      7     60    304
 111      3     83     60    304
 112      1     62     60    244
 113      5     38      1    365
 114      3    102     60    304
 115      3     43     60    304
 116      3     59     60    304
 117      5    857      1    365
 118      3      8     60    304
 119      3     74     60    304
 120      3      1     60    304
 121      3      1     60    304
 122      3    394     60    304
 123      3     59     60    304
 124      3    862     60    304
 125      3    457     60    304
 126      3     40     60    304
 127      3    337     60    304
 128      3    506     60    304
 129      3    458     60    304
 130      3    647     60    304
 131      5     28      1    365
 132      3    149     60    304
 133      3     60     60    304
 134      3      9     60    304
 135      3     58     60    304
 136      3     40     60    304
 137      5     40      1    196
 138      5     22      1    365
 139      3     11     60    304
 140      3    180     60    304
 141      3    102     60    304
 142      3    525     60    304
 143      3    441     60    304
 144      3    100     60    304
 145      3     12     60    304
 146      5    256      1    365
 147      3    460     60    304
 148      3    120     60    304
 149      3     20     60    304
 150      1     16      1    365
 151      1     42      1    365
 152      1    104      1    365
 153      3     43     60    304
 154      3     18     60    304
 155      5     52      1    365
 156      1    367      1    365
 157      1     98      1    365
 158      3    120     60    304
 159      5   2749      1    365
 160      5  11003      1    365
 161      5   3898      1    365
 162      1   1693      1    365
 163      1    372      1    365
 164      5      6      1    365
 165      5     77      1    365
 166      1    123     91    258
 167      5      8     60    274
 168      5     85     32    244
 169      5     22      1    365
 170      5     38      1    365
 171      3    152     60    304
 172      5     80     32    244
 173      5     16      1    365
 174      5   7554      1    365
 175      1     21      1    365
 176      3     46     60    304
 177      3     94     60    304
 178      3     76     60    304
 179      3     32     60    304
 180      3     36     60    304
 181      5     32      1    365
 182      3    917     60    304
 183      3    770     60    304
 184      3     19     60    304
 185      3     13     60    304
 186      3     27     60    304
 187      3     24     60    304
 188      3     79     60    304
 189      3   1732     60    304
 190      3    269     60    304
 191      3     92     60    304
 192      1    258     91    244
 193      1     38     91    244
 194      1     33      1    365
 195      3    383      1    365
 196      3     81     60    304
 197      3    218     60    304
 198      3     77     60    304
 199      5      3      1    365
 200      3    121     60    304
 201      5     10      1    365
 202      3     35     60    304
 203      5    177      1    365
 204      5     85      1    365
 205      5    276      1    365
 206      5     77      1    365
 207      5     70      1    365
 208      5     59      1    365
 209      3     20     60    304
 210      1     38     32    304
 211      5     54     91    161
 212      3    142     60    304
 213      3   1238     60    304
 214      3     15     60    304
 215      5     23     60    244
 216      1     43      1    365
 217      3     93     60    304
 218      5      9      1    365
 219      5     16      1    365
 220      3     30     60    304
 221      3    774      1    365
 222      5     87     60    244
 223      5      5      1    365
 224      5     78      1    365
 225      3    155     60    304
 226      3    107     60    304
 227      5    200      1    365
 228      5     32      1    365
 229      3     20     60    304
 230      3    394     60    304
 231      3   1245     60    304
 232      3    306     60    304
 233      1    187      1    365
 234      3     18     60    273
 235      3    286     60    304
 236      5    220      1    365
 237      5     69      1    365
 238      3    809     60    304
 239      3    277     60    304
 240      3     64     60    304
 241      5     25      1    365
 242      5     48      1    365
 243      1    232      1    365
 244      1    168      1    365
 245      1    175      1    365
 246      1     74      1    365
 247      5     61     60    213
 248      5     10      1    365
 249      5     49     60    244
 250      5   1416      1    365
 251      3    267     91    288
 252      5    277      1    365
 253      1     85      1    365
 254      3     24    105    273
 999      0      0      1    365
