   1      3     68     60    304
   2      3    107     60    304
   3      3     50     60    304
   4      3     14      1    365
   5      3   1437     60    304
   6      3   1924     60    304
   7      3   1605     60    304
   8      3     13      1    365
   9      3   3360     60    304
  10      3   3349     60    304
  11      3    527     60    304
  12      5    105      1    365
  13      5     10     60    182
  14      5     32     60    213
  15      5    105      1    365
  16      5     53     60    213
  17      5      5     91    365
  18      5    125     32    365
  19      5     31      1    365
  20      5    170     60    304
  21      5    137    121    244
  22      5    165     91    213
  23      5    528     60    274
  24      5     15     91    244
  25      5    196      1    258
  26      5    148     91    213
  27      5     11     91    244
  28      5     24     32    335
  29      5     45     60    244
  30      5    317     60    244
  31      1     37      1    365
  32      1     27      1    365
  33      1     57     60    213
  34      1     29     60    274
  35      1    124      1    365
  36      1     91      1    365
  37      1     15     60    244
  38      1     65      1    365
  39      1     25     32    244
  40      1     27      1    365
  41      1     88     32    244
  42      1    146     91    365
  43      1     70     60    365
  44      1    108     60    244
  45      1    134     91    244
  46      1     38     91    213
  47      1    164      1    274
  48      1     12     91    305
  49      1    193      1    258
  50      1     96     32    166
  51      1     53     60    166
  52      1     32      1    365
  53      1     50     60    293
  54      1     32     91    213
  55      1     73     60    152
  56      1    184     60    244
  57      1    152     60    304
  58      1    131     91    182
  59      1     98     60    182
  60      5     47      1    365
  61      5    360      1    365
  62      1    152      1    365
  63      5    141      1    365
  64      1      6      1    365
  65      1     44      1    365
  66      1    117      1    365
  67      1      6      1    365
  68      5    194      1    365
  69      5     68      1    365
  70      1     41      1    365
  71      1     58      1    365
  72      5     58      1    365
  73      1     96      1    365
  74      3     32     60    304
  75      5     44      1    365
  76      1     93      1    365
  77      1    119      1    365
  78      1    203      1    365
  79      3     23     60    304
  80      1    212      1    365
  81      1    169      1    365
  82      3     21     60    304
  83      3      6     60    304
  84      5     24      1    365
  85      3     11     60    304
  86      3     21     60    304
  87      3     27     60    304
  88      3     13     60    304
  89      3     57     60    304
  90      3     53     60    304
  91      3    124     60    304
  92      1     55      1    365
  93      1     11      1    365
  94      3    181     60    304
  95      3    169     60    304
  96      1     73      1    365
  97      1      9      1    365
  98      3    141     60    304
  99      3    132     60    304
 100      3     26     60    304
 101      1    144      1    365
 102      1    119      1    365
 103      1    161      1    365
 104      1     38      1    365
 105      3     14     60    304
 106      3    104     60    304
 107      3     97     60    304
 108      3     70     60    304
 109      3     30     60    304
 110      3      7     60    304
 111      3     68     60    304
 112      1     33     60    244
 113      5     32      1    365
 114      3     83     60    304
 115      3     43     60    304
 116      3     48     60    304
 117      5    707      1    365
 118      3      8     60    304
 119      3     48     60    304
 120      3      2     60    304
 121      3      1     60    304
 122      3    257     60    304
 123      3     59     60    304
 124      3    916     60    304
 125      3    372     60    304
 126      3     26     60    304
 127      3    496     60    304
 128      3    538     60    304
 129      3    487     60    304
 130      3    527     60    304
 131      5     78      1    365
 132      3    134     60    304
 133      3     39     60    304
 134      3     13     60    304
 135      3     85     60    304
 136      3     40     60    304
 137      5     36      1    196
 138      5     20      1    365
 139      3     10     60    304
 140      3    192     60    304
 141      3    108     60    304
 142      3    473     60    304
 143      3    441     60    304
 144      3     65     60    304
 145      3     13     60    304
 146      5    211      1    365
 147      3    677     60    304
 148      3     78     60    304
 149      3     13     60    304
 150      1     20      1    365
 151      1     53      1    365
 152      1     56      1    365
 153      3     35     60    304
 154      3     18     60    304
 155      5     47      1    365
 156      1    197      1    365
 157      1    123      1    365
 158      3     78     60    304
 159      5   2512      1    365
 160      5  10055      1    365
 161      5   3562      1    365
 162      1    908      1    365
 163      1    626      1    365
 164      5      5      1    365
 165      5     63      1    365
 166      1     66     91    258
 167      5      7     60    274
 168      5     78     32    244
 169      5     20      1    365
 170      5     34      1    365
 171      3    124     60    304
 172      5     73     32    244
 173      5     44      1    365
 174      5   6903      1    365
 175      1     26      1    365
 176      3     42     60    304
 177      3    138     60    304
 178      3     62     60    304
 179      3     32     60    304
 180      3     29     60    304
 181      5     29      1    365
 182      3    826     60    304
 183      3    770     60    304
 184      3     28     60    304
 185      3     13     60    304
 186      3     17     60    304
 187      3     21     60    304
 188      3     64     60    304
 189      3   1559     60    304
 190      3    242     60    304
 191      3     83     60    304
 192      1    138     91    244
 193      1     20     91    244
 194      1     18      1    365
 195      3    312      1    365
 196      3     66     60    304
 197      3    196     60    304
 198      3    113     60    304
 199      5      3      1    365
 200      3    179     60    304
 201      5      9      1    365
 202      3     51     60    304
 203      5    162      1    365
 204      5     78      1    365
 205      5    252      1    365
 206      5     71      1    365
 207      5     70      1    365
 208      5     54      1    365
 209      3     30     60    304
 210      1     20     32    304
 211      5    151     91    161
 212      3    209     60    304
 213      3   1824     60    304
 214      3     14     60    304
 215      5     21     60    244
 216      1     23      1    365
 217      3    136     60    304
 218      5     24      1    365
 219      5     44      1    365
 220      3     27     60    304
 221      3    822      1    365
 222      5    243     60    244
 223      5     15      1    365
 224      5    219      1    365
 225      3    228     60    304
 226      3    107     60    304
 227      5    183      1    365
 228      5     29      1    365
 229      3     30     60    304
 230      3    257     60    304
 231      3   1013     60    304
 232      3    325     60    304
 233      1    100      1    365
 234      3     16     60    273
 235      3    232     60    304
 236      5   1687      1    365
 237      5    194      1    365
 238      3    859     60    304
 239      3    295     60    304
 240      3     68     60    304
 241      5     23      1    365
 242      5     43      1    365
 243      1    124      1    365
 244      1     90      1    365
 245      1     94      1    365
 246      1     74      1    365
 247      5    170     60    213
 248      5     29      1    365
 249      5    136     60    244
 250      5   1783      1    365
 251      3    174     91    288
 252      5    778      1    365
 253      1     46      1    365
 254      3     21    105    273
 999      0      0      1    365
