   1      3     91     60    304
   2      3     97     60    304
   3      3     50     60    304
   4      3     19      1    365
   5      3   1292     60    304
   6      3   1729     60    304
   7      3   1605     60    304
   8      3     12      1    365
   9      3   3020     60    304
  10      3   3010     60    304
  11      3    557     60    304
  12      5    107      1    365
  13      5      6     60    182
  14      5     33     60    213
  15      5    107      1    365
  16      5     42     60    213
  17      5      3     91    365
  18      5    127     32    365
  19      5     32      1    365
  20      5     99     60    304
  21      5    108    121    244
  22      5    134     91    213
  23      5    415     60    274
  24      5      8     91    244
  25      5    199      1    258
  26      5    116     91    213
  27      5      8     91    244
  28      5     25     32    335
  29      5     46     60    244
  30      5    249     60    244
  31      1     54      1    365
  32      1     39      1    365
  33      1     83     60    213
  34      1     43     60    274
  35      1    182      1    365
  36      1    133      1    365
  37      1     22     60    244
  38      1     95      1    365
  39      1     37     32    244
  40      1     39      1    365
  41      1    128     32    244
  42      1     62     91    365
  43      1     30     60    365
  44      1     46     60    244
  45      1     57     91    244
  46      1     16     91    213
  47      1     69      1    274
  48      1      5     91    305
  49      1     82      1    258
  50      1     41     32    166
  51      1     22     60    166
  52      1     14      1    365
  53      1     21     60    293
  54      1     14     91    213
  55      1     31     60    152
  56      1     78     60    244
  57      1    171     60    304
  58      1     56     91    182
  59      1    143     60    182
  60      5     48      1    365
  61      5    210      1    365
  62      1    222      1    365
  63      5     82      1    365
  64      1      2      1    365
  65      1     19      1    365
  66      1     49      1    365
  67      1      9      1    365
  68      5    113      1    365
  69      5     40      1    365
  70      1     59      1    365
  71      1     25      1    365
  72      5     34      1    365
  73      1   1932      1    365
  74      3     43     60    304
  75      5     25      1    365
  76      1    104      1    365
  77      1    133      1    365
  78      1    228      1    365
  79      3     21     60    304
  80      1    237      1    365
  81      1    190      1    365
  82      3     29     60    304
  83      3      9     60    304
  84      5     14      1    365
  85      3     10     60    304
  86      3     19     60    304
  87      3     29     60    304
  88      3     17     60    304
  89      3     76     60    304
  90      3     53     60    304
  91      3    113     60    304
  92      1     80      1    365
  93      1     17      1    365
  94      3    243     60    304
  95      3    169     60    304
  96      1     31      1    365
  97      1      4      1    365
  98      3    150     60    304
  99      3    139     60    304
 100      3     24     60    304
 101      1    161      1    365
 102      1    133      1    365
 103      1    180      1    365
 104      1     56      1    365
 105      3     14     60    304
 106      3    139     60    304
 107      3     97     60    304
 108      3     33     60    304
 109      3     14     60    304
 110      3      7     60    304
 111      3     72     60    304
 112      1     48     60    244
 113      5     25      1    365
 114      3     88     60    304
 115      3     43     60    304
 116      3     51     60    304
 117      5    556      1    365
 118      3     10     60    304
 119      3     23     60    304
 120      3      2     60    304
 121      3      1     60    304
 122      3    122     60    304
 123      3     59     60    304
 124      3    823     60    304
 125      3    393     60    304
 126      3     12     60    304
 127      3    452     60    304
 128      3    484     60    304
 129      3    437     60    304
 130      3    557     60    304
 131      5     45      1    365
 132      3    180     60    304
 133      3     19     60    304
 134      3     12     60    304
 135      3     78     60    304
 136      3     40     60    304
 137      5     37      1    196
 138      5     21      1    365
 139      3     13     60    304
 140      3    172     60    304
 141      3     97     60    304
 142      3    634     60    304
 143      3    441     60    304
 144      3     31     60    304
 145      3     12     60    304
 146      5    166      1    365
 147      3    617     60    304
 148      3     37     60    304
 149      3      6     60    304
 150      1      9      1    365
 151      1     22      1    365
 152      1     82      1    365
 153      3     37     60    304
 154      3     18     60    304
 155      5     48      1    365
 156      1    287      1    365
 157      1     52      1    365
 158      3     37     60    304
 159      5   2557      1    365
 160      5  10234      1    365
 161      5   3625      1    365
 162      1   1326      1    365
 163      1    702      1    365
 164      5      5      1    365
 165      5     50      1    365
 166      1     96     91    258
 167      5      7     60    274
 168      5     79     32    244
 169      5     21      1    365
 170      5     35      1    365
 171      3    131     60    304
 172      5     74     32    244
 173      5     25      1    365
 174      5   7026      1    365
 175      1     11      1    365
 176      3     56     60    304
 177      3    126     60    304
 178      3     66     60    304
 179      3     32     60    304
 180      3     31     60    304
 181      5     30      1    365
 182      3   1107     60    304
 183      3    770     60    304
 184      3     25     60    304
 185      3     13     60    304
 186      3      8     60    304
 187      3     29     60    304
 188      3     68     60    304
 189      3   2091     60    304
 190      3    325     60    304
 191      3    111     60    304
 192      1    202     91    244
 193      1     30     91    244
 194      1     26      1    365
 195      3    330      1    365
 196      3     70     60    304
 197      3    263     60    304
 198      3    103     60    304
 199      5      3      1    365
 200      3    163     60    304
 201      5      9      1    365
 202      3     47     60    304
 203      5    164      1    365
 204      5     79      1    365
 205      5    257      1    365
 206      5     72      1    365
 207      5     70      1    365
 208      5     54      1    365
 209      3     27     60    304
 210      1     30     32    304
 211      5     88     91    161
 212      3    190     60    304
 213      3   1660     60    304
 214      3     19     60    304
 215      5     22     60    244
 216      1     33      1    365
 217      3    124     60    304
 218      5     14      1    365
 219      5     25      1    365
 220      3     36     60    304
 221      3    739      1    365
 222      5    142     60    244
 223      5      8      1    365
 224      5    127      1    365
 225      3    208     60    304
 226      3    107     60    304
 227      5    186      1    365
 228      5     30      1    365
 229      3     27     60    304
 230      3    122     60    304
 231      3   1072     60    304
 232      3    292     60    304
 233      1    146      1    365
 234      3     22     60    273
 235      3    246     60    304
 236      5   1374      1    365
 237      5    113      1    365
 238      3    773     60    304
 239      3    265     60    304
 240      3     61     60    304
 241      5     24      1    365
 242      5     44      1    365
 243      1    182      1    365
 244      1    132      1    365
 245      1    137      1    365
 246      1     74      1    365
 247      5     99     60    213
 248      5     17      1    365
 249      5     79     60    244
 250      5   2106      1    365
 251      3     83     91    288
 252      5    453      1    365
 253      1     67      1    365
 254      3     29    105    273
 999      0      0      1    365
