   1      3     68     60    304
   2      3     96     60    304
   3      3     50     60    304
   4      3     14      1    365
   5      3   1417     60    304
   6      3   1897     60    304
   7      3   1605     60    304
   8      3     11      1    365
   9      3   3312     60    304
  10      3   3302     60    304
  11      3    607     60    304
  12      5    107      1    365
  13      5      7     60    182
  14      5     33     60    213
  15      5    107      1    365
  16      5     65     60    213
  17      5      4     91    365
  18      5    128     32    365
  19      5     32      1    365
  20      5    125     60    304
  21      5    170    121    244
  22      5     67     91    213
  23      5    654     60    274
  24      5     11     91    244
  25      5    200      1    258
  26      5    183     91    213
  27      5     13     91    244
  28      5     25     32    335
  29      5     46     60    244
  30      5    392     60    244
  31      1     56      1    365
  32      1     41      1    365
  33      1     87     60    213
  34      1     44     60    274
  35      1    189      1    365
  36      1    139      1    365
  37      1     23     60    244
  38      1     99      1    365
  39      1     39     32    244
  40      1     41      1    365
  41      1    133     32    244
  42      1     94     91    365
  43      1     45     60    365
  44      1     69     60    244
  45      1     86     91    244
  46      1     24     91    213
  47      1    105      1    274
  48      1      8     91    305
  49      1    124      1    258
  50      1     62     32    166
  51      1     34     60    166
  52      1     21      1    365
  53      1     32     60    293
  54      1     21     91    213
  55      1     47     60    152
  56      1    118     60    244
  57      1     89     60    304
  58      1     84     91    182
  59      1    149     60    182
  60      5     48      1    365
  61      5    264      1    365
  62      1    232      1    365
  63      5    104      1    365
  64      1      4      1    365
  65      1     28      1    365
  66      1     75      1    365
  67      1     10      1    365
  68      5    143      1    365
  69      5     50      1    365
  70      1     62      1    365
  71      1     38      1    365
  72      5     43      1    365
  73      1   2290      1    365
  74      3     32     60    304
  75      5     32      1    365
  76      1     55      1    365
  77      1     70      1    365
  78      1    119      1    365
  79      3     21     60    304
  80      1    124      1    365
  81      1     99      1    365
  82      3     21     60    304
  83      3      6     60    304
  84      5     18      1    365
  85      3     10     60    304
  86      3     19     60    304
  87      3     31     60    304
  88      3     13     60    304
  89      3     57     60    304
  90      3     53     60    304
  91      3    111     60    304
  92      1     83      1    365
  93      1     17      1    365
  94      3    181     60    304
  95      3    169     60    304
  96      1     47      1    365
  97      1      6      1    365
  98      3    163     60    304
  99      3    152     60    304
 100      3     26     60    304
 101      1     85      1    365
 102      1     70      1    365
 103      1     94      1    365
 104      1     58      1    365
 105      3     16     60    304
 106      3    104     60    304
 107      3     97     60    304
 108      3     36     60    304
 109      3     16     60    304
 110      3      7     60    304
 111      3     78     60    304
 112      1     50     60    244
 113      5     39      1    365
 114      3     96     60    304
 115      3     43     60    304
 116      3     56     60    304
 117      5    876      1    365
 118      3      8     60    304
 119      3     25     60    304
 120      3      2     60    304
 121      3      1     60    304
 122      3    132     60    304
 123      3     59     60    304
 124      3    903     60    304
 125      3    429     60    304
 126      3     13     60    304
 127      3    447     60    304
 128      3    531     60    304
 129      3    480     60    304
 130      3    607     60    304
 131      5     57      1    365
 132      3    134     60    304
 133      3     20     60    304
 134      3     11     60    304
 135      3     77     60    304
 136      3     40     60    304
 137      5     37      1    196
 138      5     21      1    365
 139      3     10     60    304
 140      3    189     60    304
 141      3    106     60    304
 142      3    473     60    304
 143      3    441     60    304
 144      3     33     60    304
 145      3     13     60    304
 146      5    262      1    365
 147      3    609     60    304
 148      3     40     60    304
 149      3      7     60    304
 150      1     13      1    365
 151      1     34      1    365
 152      1     85      1    365
 153      3     40     60    304
 154      3     18     60    304
 155      5     48      1    365
 156      1    299      1    365
 157      1     79      1    365
 158      3     40     60    304
 159      5   2567      1    365
 160      5  10271      1    365
 161      5   3638      1    365
 162      1   1381      1    365
 163      1    368      1    365
 164      5      5      1    365
 165      5     78      1    365
 166      1    100     91    258
 167      5      7     60    274
 168      5     79     32    244
 169      5     21      1    365
 170      5     35      1    365
 171      3    143     60    304
 172      5     74     32    244
 173      5     32      1    365
 174      5   7052      1    365
 175      1     17      1    365
 176      3     42     60    304
 177      3    125     60    304
 178      3     71     60    304
 179      3     32     60    304
 180      3     33     60    304
 181      5     30      1    365
 182      3    826     60    304
 183      3    770     60    304
 184      3     25     60    304
 185      3     13     60    304
 186      3      9     60    304
 187      3     21     60    304
 188      3     74     60    304
 189      3   1560     60    304
 190      3    243     60    304
 191      3     83     60    304
 192      1    211     91    244
 193      1     31     91    244
 194      1     27      1    365
 195      3    359      1    365
 196      3     76     60    304
 197      3    196     60    304
 198      3    102     60    304
 199      5      3      1    365
 200      3    161     60    304
 201      5      9      1    365
 202      3     46     60    304
 203      5    165      1    365
 204      5     79      1    365
 205      5    258      1    365
 206      5     72      1    365
 207      5     70      1    365
 208      5     55      1    365
 209      3     27     60    304
 210      1     31     32    304
 211      5    111     91    161
 212      3    188     60    304
 213      3   1641     60    304
 214      3     14     60    304
 215      5     22     60    244
 216      1     35      1    365
 217      3    123     60    304
 218      5     18      1    365
 219      5     32      1    365
 220      3     27     60    304
 221      3    811      1    365
 222      5    179     60    244
 223      5     11      1    365
 224      5    161      1    365
 225      3    205     60    304
 226      3    107     60    304
 227      5    187      1    365
 228      5     30      1    365
 229      3     27     60    304
 230      3    132     60    304
 231      3   1167     60    304
 232      3    320     60    304
 233      1    153      1    365
 234      3     16     60    273
 235      3    268     60    304
 236      5    685      1    365
 237      5    143      1    365
 238      3    847     60    304
 239      3    291     60    304
 240      3     67     60    304
 241      5     24      1    365
 242      5     44      1    365
 243      1    189      1    365
 244      1    137      1    365
 245      1    143      1    365
 246      1     74      1    365
 247      5    125     60    213
 248      5     21      1    365
 249      5    100     60    244
 250      5   1138      1    365
 251      3     89     91    288
 252      5    572      1    365
 253      1     70      1    365
 254      3     21    105    273
 999      0      0      1    365
