   1      3     84     60    304
   2      3     65     60    304
   3      3     50     60    304
   4      3     17      1    365
   5      3   1199     60    304
   6      3   1605     60    304
   7      3   1605     60    304
   8      3      8      1    365
   9      3   2804     60    304
  10      3   2795     60    304
  11      3    392     60    304
  12      5    115      1    365
  13      5      9     60    182
  14      5     35     60    213
  15      5    115      1    365
  16      5     38     60    213
  17      5      4     91    365
  18      5    137     32    365
  19      5     34      1    365
  20      5    152     60    304
  21      5     98    121    244
  22      5    139     91    213
  23      5    377     60    274
  24      5     13     91    244
  25      5    215      1    258
  26      5    105     91    213
  27      5      8     91    244
  28      5     27     32    335
  29      5     50     60    244
  30      5    226     60    244
  31      1     53      1    365
  32      1     39      1    365
  33      1     83     60    213
  34      1     42     60    274
  35      1    181      1    365
  36      1    133      1    365
  37      1     22     60    244
  38      1     94      1    365
  39      1     37     32    244
  40      1     39      1    365
  41      1    127     32    244
  42      1    240     91    365
  43      1    115     60    365
  44      1    178     60    244
  45      1    221     91    244
  46      1     62     91    213
  47      1    269      1    274
  48      1     19     91    305
  49      1    317      1    258
  50      1    159     32    166
  51      1     86     60    166
  52      1     53      1    365
  53      1     82     60    293
  54      1     53     91    213
  55      1    120     60    152
  56      1    303     60    244
  57      1     54     60    304
  58      1    216     91    182
  59      1    142     60    182
  60      5     52      1    365
  61      5    322      1    365
  62      1    221      1    365
  63      5    126      1    365
  64      1     10      1    365
  65      1     72      1    365
  66      1    192      1    365
  67      1      9      1    365
  68      5    174      1    365
  69      5     61      1    365
  70      1     59      1    365
  71      1     96      1    365
  72      5     52      1    365
  73      1    895      1    365
  74      3     40     60    304
  75      5     39      1    365
  76      1     33      1    365
  77      1     42      1    365
  78      1     72      1    365
  79      3     14     60    304
  80      1     75      1    365
  81      1     60      1    365
  82      3     27     60    304
  83      3      8     60    304
  84      5     22      1    365
  85      3      6     60    304
  86      3     13     60    304
  87      3     20     60    304
  88      3     16     60    304
  89      3     70     60    304
  90      3     53     60    304
  91      3     75     60    304
  92      1     79      1    365
  93      1     17      1    365
  94      3    224     60    304
  95      3    169     60    304
  96      1    120      1    365
  97      1     14      1    365
  98      3    105     60    304
  99      3     98     60    304
 100      3     22     60    304
 101      1     51      1    365
 102      1     42      1    365
 103      1     57      1    365
 104      1     55      1    365
 105      3     10     60    304
 106      3    129     60    304
 107      3     97     60    304
 108      3     73     60    304
 109      3     32     60    304
 110      3      7     60    304
 111      3     50     60    304
 112      1     48     60    244
 113      5     23      1    365
 114      3     62     60    304
 115      3     43     60    304
 116      3     36     60    304
 117      5    505      1    365
 118      3      9     60    304
 119      3     50     60    304
 120      3      1     60    304
 121      3      1     60    304
 122      3    270     60    304
 123      3     59     60    304
 124      3    764     60    304
 125      3    277     60    304
 126      3     27     60    304
 127      3    301     60    304
 128      3    449     60    304
 129      3    406     60    304
 130      3    392     60    304
 131      5     70      1    365
 132      3    166     60    304
 133      3     41     60    304
 134      3      8     60    304
 135      3     52     60    304
 136      3     40     60    304
 137      5     40      1    196
 138      5     22      1    365
 139      3     12     60    304
 140      3    160     60    304
 141      3     90     60    304
 142      3    585     60    304
 143      3    441     60    304
 144      3     69     60    304
 145      3     11     60    304
 146      5    151      1    365
 147      3    411     60    304
 148      3     82     60    304
 149      3     14     60    304
 150      1     34      1    365
 151      1     86      1    365
 152      1     81      1    365
 153      3     26     60    304
 154      3     18     60    304
 155      5     52      1    365
 156      1    286      1    365
 157      1    202      1    365
 158      3     82     60    304
 159      5   2752      1    365
 160      5  11014      1    365
 161      5   3902      1    365
 162      1   1317      1    365
 163      1    223      1    365
 164      5      6      1    365
 165      5     45      1    365
 166      1     96     91    258
 167      5      8     60    274
 168      5     85     32    244
 169      5     22      1    365
 170      5     38      1    365
 171      3     92     60    304
 172      5     80     32    244
 173      5     39      1    365
 174      5   7562      1    365
 175      1     43      1    365
 176      3     52     60    304
 177      3     84     60    304
 178      3     46     60    304
 179      3     32     60    304
 180      3     22     60    304
 181      5     32      1    365
 182      3   1022     60    304
 183      3    770     60    304
 184      3     17     60    304
 185      3     13     60    304
 186      3     18     60    304
 187      3     27     60    304
 188      3     48     60    304
 189      3   1929     60    304
 190      3    300     60    304
 191      3    102     60    304
 192      1    201     91    244
 193      1     29     91    244
 194      1     26      1    365
 195      3    232      1    365
 196      3     49     60    304
 197      3    243     60    304
 198      3     69     60    304
 199      5      3      1    365
 200      3    109     60    304
 201      5     10      1    365
 202      3     31     60    304
 203      5    177      1    365
 204      5     85      1    365
 205      5    277      1    365
 206      5     77      1    365
 207      5     70      1    365
 208      5     59      1    365
 209      3     18     60    304
 210      1     29     32    304
 211      5    135     91    161
 212      3    127     60    304
 213      3   1106     60    304
 214      3     17     60    304
 215      5     23     60    244
 216      1     33      1    365
 217      3     83     60    304
 218      5     22      1    365
 219      5     39      1    365
 220      3     33     60    304
 221      3    686      1    365
 222      5    217     60    244
 223      5     13      1    365
 224      5    196      1    365
 225      3    138     60    304
 226      3    107     60    304
 227      5    200      1    365
 228      5     32      1    365
 229      3     18     60    304
 230      3    270     60    304
 231      3    754     60    304
 232      3    271     60    304
 233      1    146      1    365
 234      3     20     60    273
 235      3    173     60    304
 236      5   1424      1    365
 237      5    174      1    365
 238      3    717     60    304
 239      3    246     60    304
 240      3     57     60    304
 241      5     25      1    365
 242      5     48      1    365
 243      1    181      1    365
 244      1    131      1    365
 245      1    136      1    365
 246      1     74      1    365
 247      5    152     60    213
 248      5     26      1    365
 249      5    122     60    244
 250      5   2676      1    365
 251      3    183     91    288
 252      5    695      1    365
 253      1     66      1    365
 254      3     27    105    273
 999      0      0      1    365
