   1      3    104     60    304
   2      3    109     60    304
   3      3     50     60    304
   4      3     21      1    365
   5      3   1232     60    304
   6      3   1649     60    304
   7      3   1605     60    304
   8      3     13      1    365
   9      3   2880     60    304
  10      3   2871     60    304
  11      3    478     60    304
  12      5    104      1    365
  13      5      5     60    182
  14      5     32     60    213
  15      5    104      1    365
  16      5     53     60    213
  17      5      2     91    365
  18      5    124     32    365
  19      5     31      1    365
  20      5     83     60    304
  21      5    137    121    244
  22      5    107     91    213
  23      5    528     60    274
  24      5      7     91    244
  25      5    194      1    258
  26      5    148     91    213
  27      5     11     91    244
  28      5     24     32    335
  29      5     45     60    244
  30      5    317     60    244
  31      1     43      1    365
  32      1     31      1    365
  33      1     66     60    213
  34      1     34     60    274
  35      1    144      1    365
  36      1    106      1    365
  37      1     18     60    244
  38      1     75      1    365
  39      1     29     32    244
  40      1     31      1    365
  41      1    101     32    244
  42      1    113     91    365
  43      1     54     60    365
  44      1     84     60    244
  45      1    104     91    244
  46      1     29     91    213
  47      1    127      1    274
  48      1      9     91    305
  49      1    150      1    258
  50      1     75     32    166
  51      1     41     60    166
  52      1     25      1    365
  53      1     39     60    293
  54      1     25     91    213
  55      1     57     60    152
  56      1    143     60    244
  57      1    139     60    304
  58      1    102     91    182
  59      1    113     60    182
  60      5     47      1    365
  61      5    176      1    365
  62      1    176      1    365
  63      5     69      1    365
  64      1      5      1    365
  65      1     34      1    365
  66      1     91      1    365
  67      1      7      1    365
  68      5     95      1    365
  69      5     33      1    365
  70      1     47      1    365
  71      1     45      1    365
  72      5     29      1    365
  73      1   2288      1    365
  74      3     49     60    304
  75      5     21      1    365
  76      1     85      1    365
  77      1    108      1    365
  78      1    185      1    365
  79      3     24     60    304
  80      1    193      1    365
  81      1    154      1    365
  82      3     33     60    304
  83      3     10     60    304
  84      5     12      1    365
  85      3     11     60    304
  86      3     22     60    304
  87      3     25     60    304
  88      3     20     60    304
  89      3     87     60    304
  90      3     53     60    304
  91      3    126     60    304
  92      1     63      1    365
  93      1     13      1    365
  94      3    278     60    304
  95      3    169     60    304
  96      1     57      1    365
  97      1      7      1    365
  98      3    128     60    304
  99      3    120     60    304
 100      3     23     60    304
 101      1    131      1    365
 102      1    108      1    365
 103      1    146      1    365
 104      1     44      1    365
 105      3     12     60    304
 106      3    160     60    304
 107      3     97     60    304
 108      3    104     60    304
 109      3     46     60    304
 110      3      7     60    304
 111      3     62     60    304
 112      1     38     60    244
 113      5     32      1    365
 114      3     76     60    304
 115      3     43     60    304
 116      3     44     60    304
 117      5    708      1    365
 118      3     12     60    304
 119      3     72     60    304
 120      3      2     60    304
 121      3      1     60    304
 122      3    385     60    304
 123      3     59     60    304
 124      3    785     60    304
 125      3    337     60    304
 126      3     39     60    304
 127      3    507     60    304
 128      3    461     60    304
 129      3    417     60    304
 130      3    478     60    304
 131      5     38      1    365
 132      3    206     60    304
 133      3     59     60    304
 134      3     13     60    304
 135      3     87     60    304
 136      3     40     60    304
 137      5     36      1    196
 138      5     20      1    365
 139      3     15     60    304
 140      3    164     60    304
 141      3     92     60    304
 142      3    726     60    304
 143      3    441     60    304
 144      3     98     60    304
 145      3     11     60    304
 146      5    211      1    365
 147      3    692     60    304
 148      3    118     60    304
 149      3     20     60    304
 150      1     16      1    365
 151      1     41      1    365
 152      1     65      1    365
 153      3     32     60    304
 154      3     18     60    304
 155      5     47      1    365
 156      1    228      1    365
 157      1     95      1    365
 158      3    118     60    304
 159      5   2494      1    365
 160      5   9981      1    365
 161      5   3535      1    365
 162      1   1051      1    365
 163      1    571      1    365
 164      5      5      1    365
 165      5     63      1    365
 166      1     76     91    258
 167      5      7     60    274
 168      5     77     32    244
 169      5     20      1    365
 170      5     34      1    365
 171      3    112     60    304
 172      5     72     32    244
 173      5     21      1    365
 174      5   6852      1    365
 175      1     20      1    365
 176      3     64     60    304
 177      3    141     60    304
 178      3     56     60    304
 179      3     32     60    304
 180      3     26     60    304
 181      5     29      1    365
 182      3   1268     60    304
 183      3    770     60    304
 184      3     28     60    304
 185      3     13     60    304
 186      3     26     60    304
 187      3     33     60    304
 188      3     58     60    304
 189      3   2394     60    304
 190      3    372     60    304
 191      3    127     60    304
 192      1    160     91    244
 193      1     24     91    244
 194      1     21      1    365
 195      3    283      1    365
 196      3     60     60    304
 197      3    301     60    304
 198      3    115     60    304
 199      5      3      1    365
 200      3    183     60    304
 201      5      9      1    365
 202      3     52     60    304
 203      5    160      1    365
 204      5     77      1    365
 205      5    251      1    365
 206      5     70      1    365
 207      5     70      1    365
 208      5     53      1    365
 209      3     30     60    304
 210      1     24     32    304
 211      5     74     91    161
 212      3    213     60    304
 213      3   1862     60    304
 214      3     21     60    304
 215      5     21     60    244
 216      1     26      1    365
 217      3    139     60    304
 218      5     12      1    365
 219      5     21      1    365
 220      3     41     60    304
 221      3    705      1    365
 222      5    119     60    244
 223      5      7      1    365
 224      5    107      1    365
 225      3    233     60    304
 226      3    107     60    304
 227      5    181      1    365
 228      5     29      1    365
 229      3     30     60    304
 230      3    385     60    304
 231      3    919     60    304
 232      3    278     60    304
 233      1    116      1    365
 234      3     25     60    273
 235      3    211     60    304
 236      5   1090      1    365
 237      5     95      1    365
 238      3    737     60    304
 239      3    253     60    304
 240      3     59     60    304
 241      5     23      1    365
 242      5     43      1    365
 243      1    144      1    365
 244      1    104      1    365
 245      1    109      1    365
 246      1     74      1    365
 247      5     83     60    213
 248      5     14      1    365
 249      5     67     60    244
 250      5   1803      1    365
 251      3    261     91    288
 252      5    381      1    365
 253      1     53      1    365
 254      3     33    105    273
 999      0      0      1    365
