   1      3     95     60    304
   2      3     84     60    304
   3      3     50     60    304
   4      3     20      1    365
   5      3   1334     60    304
   6      3   1786     60    304
   7      3   1605     60    304
   8      3     10      1    365
   9      3   3119     60    304
  10      3   3109     60    304
  11      3    596     60    304
  12      5    111      1    365
  13      5      5     60    182
  14      5     34     60    213
  15      5    111      1    365
  16      5     54     60    213
  17      5      2     91    365
  18      5    132     32    365
  19      5     33      1    365
  20      5     83     60    304
  21      5    139    121    244
  22      5     71     91    213
  23      5    535     60    274
  24      5      7     91    244
  25      5    207      1    258
  26      5    150     91    213
  27      5     11     91    244
  28      5     26     32    335
  29      5     48     60    244
  30      5    321     60    244
  31      1     34      1    365
  32      1     25      1    365
  33      1     53     60    213
  34      1     27     60    274
  35      1    115      1    365
  36      1     85      1    365
  37      1     14     60    244
  38      1     60      1    365
  39      1     23     32    244
  40      1     25      1    365
  41      1     81     32    244
  42      1    156     91    365
  43      1     75     60    365
  44      1    116     60    244
  45      1    144     91    244
  46      1     41     91    213
  47      1    175      1    274
  48      1     13     91    305
  49      1    206      1    258
  50      1    103     32    166
  51      1     56     60    166
  52      1     34      1    365
  53      1     53     60    293
  54      1     34     91    213
  55      1     78     60    152
  56      1    197     60    244
  57      1    121     60    304
  58      1    141     91    182
  59      1     90     60    182
  60      5     50      1    365
  61      5    175      1    365
  62      1    141      1    365
  63      5     68      1    365
  64      1      6      1    365
  65      1     47      1    365
  66      1    125      1    365
  67      1      6      1    365
  68      5     94      1    365
  69      5     33      1    365
  70      1     38      1    365
  71      1     63      1    365
  72      5     28      1    365
  73      1   2222      1    365
  74      3     45     60    304
  75      5     21      1    365
  76      1     74      1    365
  77      1     94      1    365
  78      1    161      1    365
  79      3     18     60    304
  80      1    168      1    365
  81      1    134      1    365
  82      3     30     60    304
  83      3      9     60    304
  84      5     12      1    365
  85      3      8     60    304
  86      3     17     60    304
  87      3     31     60    304
  88      3     18     60    304
  89      3     80     60    304
  90      3     53     60    304
  91      3     97     60    304
  92      1     50      1    365
  93      1     11      1    365
  94      3    255     60    304
  95      3    169     60    304
  96      1     78      1    365
  97      1      9      1    365
  98      3    160     60    304
  99      3    149     60    304
 100      3     24     60    304
 101      1    114      1    365
 102      1     94      1    365
 103      1    128      1    365
 104      1     35      1    365
 105      3     15     60    304
 106      3    147     60    304
 107      3     97     60    304
 108      3     41     60    304
 109      3     18     60    304
 110      3      7     60    304
 111      3     77     60    304
 112      1     31     60    244
 113      5     32      1    365
 114      3     94     60    304
 115      3     43     60    304
 116      3     55     60    304
 117      5    717      1    365
 118      3     11     60    304
 119      3     28     60    304
 120      3      2     60    304
 121      3      1     60    304
 122      3    152     60    304
 123      3     59     60    304
 124      3    850     60    304
 125      3    421     60    304
 126      3     15     60    304
 127      3    391     60    304
 128      3    500     60    304
 129      3    452     60    304
 130      3    596     60    304
 131      5     38      1    365
 132      3    189     60    304
 133      3     23     60    304
 134      3     10     60    304
 135      3     67     60    304
 136      3     40     60    304
 137      5     38      1    196
 138      5     21      1    365
 139      3     14     60    304
 140      3    178     60    304
 141      3    100     60    304
 142      3    666     60    304
 143      3    441     60    304
 144      3     39     60    304
 145      3     12     60    304
 146      5    214      1    365
 147      3    534     60    304
 148      3     46     60    304
 149      3      8     60    304
 150      1     22      1    365
 151      1     56      1    365
 152      1     52      1    365
 153      3     39     60    304
 154      3     18     60    304
 155      5     50      1    365
 156      1    182      1    365
 157      1    131      1    365
 158      3     46     60    304
 159      5   2654      1    365
 160      5  10622      1    365
 161      5   3762      1    365
 162      1    840      1    365
 163      1    497      1    365
 164      5      5      1    365
 165      5     64      1    365
 166      1     61     91    258
 167      5      7     60    274
 168      5     82     32    244
 169      5     21      1    365
 170      5     36      1    365
 171      3    140     60    304
 172      5     77     32    244
 173      5     21      1    365
 174      5   7292      1    365
 175      1     28      1    365
 176      3     59     60    304
 177      3    109     60    304
 178      3     70     60    304
 179      3     32     60    304
 180      3     33     60    304
 181      5     31      1    365
 182      3   1163     60    304
 183      3    770     60    304
 184      3     22     60    304
 185      3     13     60    304
 186      3     10     60    304
 187      3     30     60    304
 188      3     72     60    304
 189      3   2197     60    304
 190      3    341     60    304
 191      3    116     60    304
 192      1    128     91    244
 193      1     19     91    244
 194      1     16      1    365
 195      3    353      1    365
 196      3     74     60    304
 197      3    276     60    304
 198      3     89     60    304
 199      5      3      1    365
 200      3    141     60    304
 201      5     10      1    365
 202      3     40     60    304
 203      5    171      1    365
 204      5     82      1    365
 205      5    267      1    365
 206      5     75      1    365
 207      5     70      1    365
 208      5     57      1    365
 209      3     23     60    304
 210      1     19     32    304
 211      5     73     91    161
 212      3    164     60    304
 213      3   1437     60    304
 214      3     20     60    304
 215      5     22     60    244
 216      1     21      1    365
 217      3    107     60    304
 218      5     12      1    365
 219      5     21      1    365
 220      3     38     60    304
 221      3    763      1    365
 222      5    118     60    244
 223      5      7      1    365
 224      5    106      1    365
 225      3    180     60    304
 226      3    107     60    304
 227      5    193      1    365
 228      5     31      1    365
 229      3     23     60    304
 230      3    152     60    304
 231      3   1146     60    304
 232      3    302     60    304
 233      1     93      1    365
 234      3     23     60    273
 235      3    263     60    304
 236      5    721      1    365
 237      5     94      1    365
 238      3    798     60    304
 239      3    274     60    304
 240      3     63     60    304
 241      5     25      1    365
 242      5     46      1    365
 243      1    115      1    365
 244      1     83      1    365
 245      1     87      1    365
 246      1     74      1    365
 247      5     83     60    213
 248      5     14      1    365
 249      5     66     60    244
 250      5   1695      1    365
 251      3    103     91    288
 252      5    378      1    365
 253      1     42      1    365
 254      3     30    105    273
 999      0      0      1    365
