   1      3    102     60    304
   2      3     90     60    304
   3      3     50     60    304
   4      3     21      1    365
   5      3   1328     60    304
   6      3   1777     60    304
   7      3   1605     60    304
   8      3     11      1    365
   9      3   3104     60    304
  10      3   3094     60    304
  11      3    399     60    304
  12      5    114      1    365
  13      5      3     60    182
  14      5     35     60    213
  15      5    114      1    365
  16      5     33     60    213
  17      5      2     91    365
  18      5    136     32    365
  19      5     34      1    365
  20      5     58     60    304
  21      5     86    121    244
  22      5    117     91    213
  23      5    329     60    274
  24      5      5     91    244
  25      5    213      1    258
  26      5     92     91    213
  27      5      7     91    244
  28      5     26     32    335
  29      5     49     60    244
  30      5    198     60    244
  31      1     43      1    365
  32      1     31      1    365
  33      1     66     60    213
  34      1     34     60    274
  35      1    144      1    365
  36      1    106      1    365
  37      1     18     60    244
  38      1     75      1    365
  39      1     29     32    244
  40      1     31      1    365
  41      1    102     32    244
  42      1    127     91    365
  43      1     61     60    365
  44      1     94     60    244
  45      1    117     91    244
  46      1     33     91    213
  47      1    142      1    274
  48      1     10     91    305
  49      1    167      1    258
  50      1     84     32    166
  51      1     46     60    166
  52      1     28      1    365
  53      1     43     60    293
  54      1     28     91    213
  55      1     63     60    152
  56      1    160     60    244
  57      1    226     60    304
  58      1    114     91    182
  59      1    113     60    182
  60      5     52      1    365
  61      5    122      1    365
  62      1    177      1    365
  63      5     48      1    365
  64      1      5      1    365
  65      1     38      1    365
  66      1    101      1    365
  67      1      7      1    365
  68      5     66      1    365
  69      5     23      1    365
  70      1     47      1    365
  71      1     51      1    365
  72      5     20      1    365
  73      1    892      1    365
  74      3     49     60    304
  75      5     15      1    365
  76      1    138      1    365
  77      1    176      1    365
  78      1    302      1    365
  79      3     20     60    304
  80      1    314      1    365
  81      1    251      1    365
  82      3     32     60    304
  83      3     10     60    304
  84      5      8      1    365
  85      3      9     60    304
  86      3     18     60    304
  87      3     21     60    304
  88      3     19     60    304
  89      3     86     60    304
  90      3     53     60    304
  91      3    104     60    304
  92      1     63      1    365
  93      1     13      1    365
  94      3    273     60    304
  95      3    169     60    304
  96      1     63      1    365
  97      1      8      1    365
  98      3    107     60    304
  99      3    100     60    304
 100      3     24     60    304
 101      1    214      1    365
 102      1    176      1    365
 103      1    239      1    365
 104      1     44      1    365
 105      3     10     60    304
 106      3    157     60    304
 107      3     97     60    304
 108      3    164     60    304
 109      3     72     60    304
 110      3      7     60    304
 111      3     51     60    304
 112      1     38     60    244
 113      5     20      1    365
 114      3     63     60    304
 115      3     43     60    304
 116      3     37     60    304
 117      5    441      1    365
 118      3     11     60    304
 119      3    112     60    304
 120      3      2     60    304
 121      3      1     60    304
 122      3    603     60    304
 123      3     59     60    304
 124      3    846     60    304
 125      3    281     60    304
 126      3     61     60    304
 127      3    418     60    304
 128      3    497     60    304
 129      3    450     60    304
 130      3    399     60    304
 131      5     26      1    365
 132      3    202     60    304
 133      3     92     60    304
 134      3     11     60    304
 135      3     72     60    304
 136      3     40     60    304
 137      5     40      1    196
 138      5     22      1    365
 139      3     15     60    304
 140      3    177     60    304
 141      3    100     60    304
 142      3    713     60    304
 143      3    441     60    304
 144      3    153     60    304
 145      3     12     60    304
 146      5    132      1    365
 147      3    570     60    304
 148      3    184     60    304
 149      3     31     60    304
 150      1     18      1    365
 151      1     46      1    365
 152      1     65      1    365
 153      3     26     60    304
 154      3     18     60    304
 155      5     52      1    365
 156      1    228      1    365
 157      1    107      1    365
 158      3    184     60    304
 159      5   2735      1    365
 160      5  10947      1    365
 161      5   3878      1    365
 162      1   1052      1    365
 163      1    930      1    365
 164      5      5      1    365
 165      5     40      1    365
 166      1     77     91    258
 167      5      8     60    274
 168      5     85     32    244
 169      5     22      1    365
 170      5     37      1    365
 171      3     94     60    304
 172      5     79     32    244
 173      5     15      1    365
 174      5   7516      1    365
 175      1     23      1    365
 176      3     63     60    304
 177      3    116     60    304
 178      3     47     60    304
 179      3     32     60    304
 180      3     22     60    304
 181      5     32      1    365
 182      3   1245     60    304
 183      3    770     60    304
 184      3     23     60    304
 185      3     13     60    304
 186      3     41     60    304
 187      3     32     60    304
 188      3     48     60    304
 189      3   2351     60    304
 190      3    365     60    304
 191      3    124     60    304
 192      1    160     91    244
 193      1     24     91    244
 194      1     21      1    365
 195      3    236      1    365
 196      3     50     60    304
 197      3    296     60    304
 198      3     95     60    304
 199      5      3      1    365
 200      3    151     60    304
 201      5     10      1    365
 202      3     43     60    304
 203      5    176      1    365
 204      5     85      1    365
 205      5    275      1    365
 206      5     77      1    365
 207      5     70      1    365
 208      5     58      1    365
 209      3     25     60    304
 210      1     24     32    304
 211      5     51     91    161
 212      3    176     60    304
 213      3   1534     60    304
 214      3     21     60    304
 215      5     23     60    244
 216      1     26      1    365
 217      3    115     60    304
 218      5      8      1    365
 219      5     15      1    365
 220      3     40     60    304
 221      3    760      1    365
 222      5     83     60    244
 223      5      5      1    365
 224      5     74      1    365
 225      3    192     60    304
 226      3    107     60    304
 227      5    199      1    365
 228      5     32      1    365
 229      3     25     60    304
 230      3    603     60    304
 231      3    767     60    304
 232      3    300     60    304
 233      1    116      1    365
 234      3     24     60    273
 235      3    176     60    304
 236      5   1194      1    365
 237      5     66      1    365
 238      3    794     60    304
 239      3    272     60    304
 240      3     63     60    304
 241      5     25      1    365
 242      5     47      1    365
 243      1    144      1    365
 244      1    104      1    365
 245      1    109      1    365
 246      1     74      1    365
 247      5     58     60    213
 248      5     10      1    365
 249      5     46     60    244
 250      5    204      1    365
 251      3    409     91    288
 252      5    265      1    365
 253      1     53      1    365
 254      3     32    105    273
 999      0      0      1    365
