   1      3     78     60    304
   2      3     75     60    304
   3      3     50     60    304
   4      3     16      1    365
   5      3   1256     60    304
   6      3   1681     60    304
   7      3   1605     60    304
   8      3      9      1    365
   9      3   2936     60    304
  10      3   2926     60    304
  11      3    487     60    304
  12      5    114      1    365
  13      5      9     60    182
  14      5     35     60    213
  15      5    114      1    365
  16      5     71     60    213
  17      5      4     91    365
  18      5    136     32    365
  19      5     34      1    365
  20      5    151     60    304
  21      5    185    121    244
  22      5    237     91    213
  23      5    711     60    274
  24      5     13     91    244
  25      5    213      1    258
  26      5    199     91    213
  27      5     14     91    244
  28      5     26     32    335
  29      5     50     60    244
  30      5    426     60    244
  31      1     32      1    365
  32      1     23      1    365
  33      1     49     60    213
  34      1     25     60    274
  35      1    107      1    365
  36      1     78      1    365
  37      1     13     60    244
  38      1     55      1    365
  39      1     22     32    244
  40      1     23      1    365
  41      1     75     32    244
  42      1    249     91    365
  43      1    119     60    365
  44      1    184     60    244
  45      1    229     91    244
  46      1     65     91    213
  47      1    278      1    274
  48      1     20     91    305
  49      1    328      1    258
  50      1    164     32    166
  51      1     89     60    166
  52      1     55      1    365
  53      1     85     60    293
  54      1     55     91    213
  55      1    124     60    152
  56      1    313     60    244
  57      1    103     60    304
  58      1    224     91    182
  59      1     84     60    182
  60      5     52      1    365
  61      5    319      1    365
  62      1    131      1    365
  63      5    125      1    365
  64      1     10      1    365
  65      1     75      1    365
  66      1    199      1    365
  67      1      5      1    365
  68      5    172      1    365
  69      5     60      1    365
  70      1     35      1    365
  71      1     99      1    365
  72      5     52      1    365
  73      1   1551      1    365
  74      3     37     60    304
  75      5     39      1    365
  76      1     63      1    365
  77      1     80      1    365
  78      1    137      1    365
  79      3     16     60    304
  80      1    143      1    365
  81      1    114      1    365
  82      3     25     60    304
  83      3      7     60    304
  84      5     22      1    365
  85      3      7     60    304
  86      3     15     60    304
  87      3     25     60    304
  88      3     15     60    304
  89      3     66     60    304
  90      3     53     60    304
  91      3     86     60    304
  92      1     47      1    365
  93      1     10      1    365
  94      3    210     60    304
  95      3    169     60    304
  96      1    124      1    365
  97      1     15      1    365
  98      3    131     60    304
  99      3    122     60    304
 100      3     23     60    304
 101      1     97      1    365
 102      1     80      1    365
 103      1    108      1    365
 104      1     33      1    365
 105      3     13     60    304
 106      3    120     60    304
 107      3     97     60    304
 108      3     20     60    304
 109      3      9     60    304
 110      3      7     60    304
 111      3     63     60    304
 112      1     28     60    244
 113      5     43      1    365
 114      3     77     60    304
 115      3     43     60    304
 116      3     45     60    304
 117      5    952      1    365
 118      3      9     60    304
 119      3     14     60    304
 120      3      1     60    304
 121      3      1     60    304
 122      3     73     60    304
 123      3     59     60    304
 124      3    800     60    304
 125      3    343     60    304
 126      3      7     60    304
 127      3    347     60    304
 128      3    470     60    304
 129      3    425     60    304
 130      3    487     60    304
 131      5     69      1    365
 132      3    155     60    304
 133      3     11     60    304
 134      3      9     60    304
 135      3     60     60    304
 136      3     40     60    304
 137      5     40      1    196
 138      5     22      1    365
 139      3     11     60    304
 140      3    168     60    304
 141      3     94     60    304
 142      3    548     60    304
 143      3    441     60    304
 144      3     19     60    304
 145      3     12     60    304
 146      5    284      1    365
 147      3    474     60    304
 148      3     22     60    304
 149      3      4     60    304
 150      1     35      1    365
 151      1     89      1    365
 152      1     48      1    365
 153      3     32     60    304
 154      3     18     60    304
 155      5     52      1    365
 156      1    169      1    365
 157      1    209      1    365
 158      3     22     60    304
 159      5   2737      1    365
 160      5  10953      1    365
 161      5   3880      1    365
 162      1    778      1    365
 163      1    422      1    365
 164      5      6      1    365
 165      5     85      1    365
 166      1     57     91    258
 167      5      8     60    274
 168      5     85     32    244
 169      5     22      1    365
 170      5     37      1    365
 171      3    114     60    304
 172      5     79     32    244
 173      5     39      1    365
 174      5   7520      1    365
 175      1     45      1    365
 176      3     48     60    304
 177      3     97     60    304
 178      3     57     60    304
 179      3     32     60    304
 180      3     27     60    304
 181      5     32      1    365
 182      3    956     60    304
 183      3    770     60    304
 184      3     19     60    304
 185      3     13     60    304
 186      3      5     60    304
 187      3     25     60    304
 188      3     59     60    304
 189      3   1806     60    304
 190      3    281     60    304
 191      3     96     60    304
 192      1    119     91    244
 193      1     17     91    244
 194      1     15      1    365
 195      3    288      1    365
 196      3     61     60    304
 197      3    227     60    304
 198      3     79     60    304
 199      5      3      1    365
 200      3    125     60    304
 201      5     10      1    365
 202      3     36     60    304
 203      5    176      1    365
 204      5     85      1    365
 205      5    275      1    365
 206      5     77      1    365
 207      5     70      1    365
 208      5     58      1    365
 209      3     21     60    304
 210      1     17     32    304
 211      5    134     91    161
 212      3    146     60    304
 213      3   1276     60    304
 214      3     16     60    304
 215      5     23     60    244
 216      1     20      1    365
 217      3     95     60    304
 218      5     22      1    365
 219      5     39      1    365
 220      3     31     60    304
 221      3    718      1    365
 222      5    215     60    244
 223      5     13      1    365
 224      5    194      1    365
 225      3    160     60    304
 226      3    107     60    304
 227      5    199      1    365
 228      5     32      1    365
 229      3     21     60    304
 230      3     73     60    304
 231      3    936     60    304
 232      3    284     60    304
 233      1     86      1    365
 234      3     19     60    273
 235      3    215     60    304
 236      5   2426      1    365
 237      5    172      1    365
 238      3    751     60    304
 239      3    258     60    304
 240      3     60     60    304
 241      5     25      1    365
 242      5     47      1    365
 243      1    107      1    365
 244      1     77      1    365
 245      1     81      1    365
 246      1     74      1    365
 247      5    151     60    213
 248      5     26      1    365
 249      5    121     60    244
 250      5    195      1    365
 251      3     50     91    288
 252      5    689      1    365
 253      1     39      1    365
 254      3     25    105    273
 999      0      0      1    365
