   1      3    107     60    304
   2      3     65     60    304
   3      3     50     60    304
   4      3     22      1    365
   5      3   1356     60    304
   6      3   1815     60    304
   7      3   1605     60    304
   8      3      8      1    365
   9      3   3169     60    304
  10      3   3159     60    304
  11      3    279     60    304
  12      5    104      1    365
  13      5     11     60    182
  14      5     32     60    213
  15      5    104      1    365
  16      5     27     60    213
  17      5      6     91    365
  18      5    124     32    365
  19      5     31      1    365
  20      5    194     60    304
  21      5     70    121    244
  22      5     81     91    213
  23      5    271     60    274
  24      5     17     91    244
  25      5    194      1    258
  26      5     76     91    213
  27      5      5     91    244
  28      5     24     32    335
  29      5     45     60    244
  30      5    162     60    244
  31      1     38      1    365
  32      1     28      1    365
  33      1     60     60    213
  34      1     30     60    274
  35      1    130      1    365
  36      1     95      1    365
  37      1     16     60    244
  38      1     67      1    365
  39      1     26     32    244
  40      1     28      1    365
  41      1     91     32    244
  42      1    231     91    365
  43      1    111     60    365
  44      1    171     60    244
  45      1    212     91    244
  46      1     60     91    213
  47      1    258      1    274
  48      1     18     91    305
  49      1    304      1    258
  50      1    152     32    166
  51      1     83     60    166
  52      1     51      1    365
  53      1     78     60    293
  54      1     51     91    213
  55      1    115     60    152
  56      1    291     60    244
  57      1    204     60    304
  58      1    208     91    182
  59      1    102     60    182
  60      5     47      1    365
  61      5    411      1    365
  62      1    159      1    365
  63      5    161      1    365
  64      1      9      1    365
  65      1     69      1    365
  66      1    184      1    365
  67      1      7      1    365
  68      5    222      1    365
  69      5     78      1    365
  70      1     42      1    365
  71      1     92      1    365
  72      5     67      1    365
  73      1    311      1    365
  74      3     51     60    304
  75      5     50      1    365
  76      1    125      1    365
  77      1    159      1    365
  78      1    273      1    365
  79      3     14     60    304
  80      1    284      1    365
  81      1    227      1    365
  82      3     34     60    304
  83      3     10     60    304
  84      5     28      1    365
  85      3      6     60    304
  86      3     13     60    304
  87      3     14     60    304
  88      3     20     60    304
  89      3     90     60    304
  90      3     53     60    304
  91      3     75     60    304
  92      1     57      1    365
  93      1     12      1    365
  94      3    286     60    304
  95      3    169     60    304
  96      1    115      1    365
  97      1     14      1    365
  98      3     75     60    304
  99      3     70     60    304
 100      3     25     60    304
 101      1    193      1    365
 102      1    159      1    365
 103      1    216      1    365
 104      1     40      1    365
 105      3      7     60    304
 106      3    164     60    304
 107      3     97     60    304
 108      3    155     60    304
 109      3     68     60    304
 110      3      7     60    304
 111      3     36     60    304
 112      1     34     60    244
 113      5     16      1    365
 114      3     44     60    304
 115      3     43     60    304
 116      3     26     60    304
 117      5    362      1    365
 118      3     12     60    304
 119      3    107     60    304
 120      3      1     60    304
 121      3      1     60    304
 122      3    572     60    304
 123      3     59     60    304
 124      3    864     60    304
 125      3    197     60    304
 126      3     58     60    304
 127      3    302     60    304
 128      3    508     60    304
 129      3    459     60    304
 130      3    279     60    304
 131      5     89      1    365
 132      3    211     60    304
 133      3     87     60    304
 134      3      8     60    304
 135      3     52     60    304
 136      3     40     60    304
 137      5     36      1    196
 138      5     20      1    365
 139      3     15     60    304
 140      3    181     60    304
 141      3    102     60    304
 142      3    746     60    304
 143      3    441     60    304
 144      3    145     60    304
 145      3     12     60    304
 146      5    108      1    365
 147      3    412     60    304
 148      3    174     60    304
 149      3     29     60    304
 150      1     32      1    365
 151      1     83      1    365
 152      1     58      1    365
 153      3     18     60    304
 154      3     18     60    304
 155      5     47      1    365
 156      1    205      1    365
 157      1    194      1    365
 158      3    174     60    304
 159      5   2490      1    365
 160      5   9965      1    365
 161      5   3530      1    365
 162      1    946      1    365
 163      1    840      1    365
 164      5      5      1    365
 165      5     32      1    365
 166      1     69     91    258
 167      5      7     60    274
 168      5     77     32    244
 169      5     20      1    365
 170      5     34      1    365
 171      3     66     60    304
 172      5     72     32    244
 173      5     50      1    365
 174      5   6842      1    365
 175      1     42      1    365
 176      3     66     60    304
 177      3     84     60    304
 178      3     33     60    304
 179      3     32     60    304
 180      3     15     60    304
 181      5     29      1    365
 182      3   1302     60    304
 183      3    770     60    304
 184      3     17     60    304
 185      3     13     60    304
 186      3     39     60    304
 187      3     34     60    304
 188      3     34     60    304
 189      3   2459     60    304
 190      3    382     60    304
 191      3    130     60    304
 192      1    144     91    244
 193      1     21     91    244
 194      1     19      1    365
 195      3    165      1    365
 196      3     35     60    304
 197      3    310     60    304
 198      3     69     60    304
 199      5      3      1    365
 200      3    109     60    304
 201      5      9      1    365
 202      3     31     60    304
 203      5    160      1    365
 204      5     77      1    365
 205      5    250      1    365
 206      5     70      1    365
 207      5     70      1    365
 208      5     53      1    365
 209      3     18     60    304
 210      1     21     32    304
 211      5    172     91    161
 212      3    127     60    304
 213      3   1108     60    304
 214      3     22     60    304
 215      5     21     60    244
 216      1     24      1    365
 217      3     83     60    304
 218      5     28      1    365
 219      5     50      1    365
 220      3     42     60    304
 221      3    776      1    365
 222      5    278     60    244
 223      5     17      1    365
 224      5    250      1    365
 225      3    138     60    304
 226      3    107     60    304
 227      5    181      1    365
 228      5     29      1    365
 229      3     18     60    304
 230      3    572     60    304
 231      3    536     60    304
 232      3    306     60    304
 233      1    105      1    365
 234      3     25     60    273
 235      3    123     60    304
 236      5    827      1    365
 237      5    222      1    365
 238      3    811     60    304
 239      3    278     60    304
 240      3     64     60    304
 241      5     23      1    365
 242      5     43      1    365
 243      1    130      1    365
 244      1     94      1    365
 245      1     98      1    365
 246      1     74      1    365
 247      5    194     60    213
 248      5     33      1    365
 249      5    155     60    244
 250      5   1985      1    365
 251      3    387     91    288
 252      5    888      1    365
 253      1     48      1    365
 254      3     34    105    273
 999      0      0      1    365
