   1      3    107     60    304
   2      3     70     60    304
   3      3     50     60    304
   4      3     22      1    365
   5      3   1251     60    304
   6      3   1675     60    304
   7      3   1605     60    304
   8      3      8      1    365
   9      3   2925     60    304
  10      3   2915     60    304
  11      3    587     60    304
  12      5    106      1    365
  13      5      5     60    182
  14      5     33     60    213
  15      5    106      1    365
  16      5     36     60    213
  17      5      2     91    365
  18      5    126     32    365
  19      5     32      1    365
  20      5     79     60    304
  21      5     93    121    244
  22      5    213     91    213
  23      5    357     60    274
  24      5      7     91    244
  25      5    198      1    258
  26      5    100     91    213
  27      5      7     91    244
  28      5     24     32    335
  29      5     46     60    244
  30      5    214     60    244
  31      1     35      1    365
  32      1     25      1    365
  33      1     54     60    213
  34      1     28     60    274
  35      1    118      1    365
  36      1     87      1    365
  37      1     14     60    244
  38      1     61      1    365
  39      1     24     32    244
  40      1     25      1    365
  41      1     83     32    244
  42      1     63     91    365
  43      1     30     60    365
  44      1     46     60    244
  45      1     58     91    244
  46      1     16     91    213
  47      1     70      1    274
  48      1      5     91    305
  49      1     83      1    258
  50      1     41     32    166
  51      1     23     60    166
  52      1     14      1    365
  53      1     21     60    293
  54      1     14     91    213
  55      1     31     60    152
  56      1     79     60    244
  57      1    227     60    304
  58      1     56     91    182
  59      1     93     60    182
  60      5     48      1    365
  61      5    167      1    365
  62      1    145      1    365
  63      5     65      1    365
  64      1      3      1    365
  65      1     19      1    365
  66      1     50      1    365
  67      1      6      1    365
  68      5     90      1    365
  69      5     32      1    365
  70      1     39      1    365
  71      1     25      1    365
  72      5     27      1    365
  73      1   2562      1    365
  74      3     51     60    304
  75      5     20      1    365
  76      1    139      1    365
  77      1    177      1    365
  78      1    303      1    365
  79      3     15     60    304
  80      1    315      1    365
  81      1    252      1    365
  82      3     34     60    304
  83      3     10     60    304
  84      5     11      1    365
  85      3      7     60    304
  86      3     14     60    304
  87      3     30     60    304
  88      3     20     60    304
  89      3     90     60    304
  90      3     53     60    304
  91      3     81     60    304
  92      1     52      1    365
  93      1     11      1    365
  94      3    288     60    304
  95      3    169     60    304
  96      1     31      1    365
  97      1      4      1    365
  98      3    158     60    304
  99      3    147     60    304
 100      3     23     60    304
 101      1    215      1    365
 102      1    177      1    365
 103      1    240      1    365
 104      1     36      1    365
 105      3     15     60    304
 106      3    165     60    304
 107      3     97     60    304
 108      3    120     60    304
 109      3     53     60    304
 110      3      7     60    304
 111      3     76     60    304
 112      1     31     60    244
 113      5     21      1    365
 114      3     93     60    304
 115      3     43     60    304
 116      3     54     60    304
 117      5    479      1    365
 118      3     12     60    304
 119      3     83     60    304
 120      3      1     60    304
 121      3      1     60    304
 122      3    443     60    304
 123      3     59     60    304
 124      3    797     60    304
 125      3    415     60    304
 126      3     45     60    304
 127      3    326     60    304
 128      3    468     60    304
 129      3    424     60    304
 130      3    587     60    304
 131      5     36      1    365
 132      3    213     60    304
 133      3     68     60    304
 134      3      8     60    304
 135      3     56     60    304
 136      3     40     60    304
 137      5     37      1    196
 138      5     20      1    365
 139      3     15     60    304
 140      3    167     60    304
 141      3     94     60    304
 142      3    752     60    304
 143      3    441     60    304
 144      3    113     60    304
 145      3     11     60    304
 146      5    143      1    365
 147      3    445     60    304
 148      3    135     60    304
 149      3     23     60    304
 150      1      9      1    365
 151      1     23      1    365
 152      1     53      1    365
 153      3     39     60    304
 154      3     18     60    304
 155      5     48      1    365
 156      1    187      1    365
 157      1     53      1    365
 158      3    135     60    304
 159      5   2537      1    365
 160      5  10152      1    365
 161      5   3596      1    365
 162      1    862      1    365
 163      1    934      1    365
 164      5      5      1    365
 165      5     43      1    365
 166      1     63     91    258
 167      5      7     60    274
 168      5     79     32    244
 169      5     20      1    365
 170      5     35      1    365
 171      3    138     60    304
 172      5     73     32    244
 173      5     20      1    365
 174      5   6970      1    365
 175      1     11      1    365
 176      3     67     60    304
 177      3     91     60    304
 178      3     69     60    304
 179      3     32     60    304
 180      3     32     60    304
 181      5     30      1    365
 182      3   1313     60    304
 183      3    770     60    304
 184      3     18     60    304
 185      3     13     60    304
 186      3     30     60    304
 187      3     34     60    304
 188      3     71     60    304
 189      3   2480     60    304
 190      3    385     60    304
 191      3    131     60    304
 192      1    131     91    244
 193      1     19     91    244
 194      1     17      1    365
 195      3    348      1    365
 196      3     73     60    304
 197      3    312     60    304
 198      3     74     60    304
 199      5      3      1    365
 200      3    118     60    304
 201      5      9      1    365
 202      3     34     60    304
 203      5    163      1    365
 204      5     79      1    365
 205      5    255      1    365
 206      5     71      1    365
 207      5     70      1    365
 208      5     54      1    365
 209      3     20     60    304
 210      1     19     32    304
 211      5     70     91    161
 212      3    137     60    304
 213      3   1198     60    304
 214      3     22     60    304
 215      5     21     60    244
 216      1     22      1    365
 217      3     90     60    304
 218      5     11      1    365
 219      5     20      1    365
 220      3     43     60    304
 221      3    716      1    365
 222      5    113     60    244
 223      5      7      1    365
 224      5    101      1    365
 225      3    150     60    304
 226      3    107     60    304
 227      5    185      1    365
 228      5     30      1    365
 229      3     20     60    304
 230      3    443     60    304
 231      3   1129     60    304
 232      3    283     60    304
 233      1     95      1    365
 234      3     26     60    273
 235      3    259     60    304
 236      5   2181      1    365
 237      5     90      1    365
 238      3    748     60    304
 239      3    257     60    304
 240      3     59     60    304
 241      5     23      1    365
 242      5     44      1    365
 243      1    118      1    365
 244      1     86      1    365
 245      1     89      1    365
 246      1     74      1    365
 247      5     79     60    213
 248      5     14      1    365
 249      5     63     60    244
 250      5   1029      1    365
 251      3    300     91    288
 252      5    360      1    365
 253      1     43      1    365
 254      3     34    105    273
 999      0      0      1    365
