   1      3     91     60    304
   2      3     91     60    304
   3      3     50     60    304
   4      3     19      1    365
   5      3   1312     60    304
   6      3   1757     60    304
   7      3   1605     60    304
   8      3     11      1    365
   9      3   3068     60    304
  10      3   3058     60    304
  11      3    552     60    304
  12      5    106      1    365
  13      5      7     60    182
  14      5     33     60    213
  15      5    106      1    365
  16      5     62     60    213
  17      5      4     91    365
  18      5    126     32    365
  19      5     32      1    365
  20      5    127     60    304
  21      5    161    121    244
  22      5     83     91    213
  23      5    619     60    274
  24      5     11     91    244
  25      5    197      1    258
  26      5    173     91    213
  27      5     12     91    244
  28      5     24     32    335
  29      5     46     60    244
  30      5    371     60    244
  31      1     47      1    365
  32      1     34      1    365
  33      1     73     60    213
  34      1     37     60    274
  35      1    159      1    365
  36      1    117      1    365
  37      1     19     60    244
  38      1     83      1    365
  39      1     32     32    244
  40      1     34      1    365
  41      1    112     32    244
  42      1     78     91    365
  43      1     37     60    365
  44      1     58     60    244
  45      1     72     91    244
  46      1     20     91    213
  47      1     87      1    274
  48      1      6     91    305
  49      1    103      1    258
  50      1     51     32    166
  51      1     28     60    166
  52      1     17      1    365
  53      1     27     60    293
  54      1     17     91    213
  55      1     39     60    152
  56      1     98     60    244
  57      1    203     60    304
  58      1     70     91    182
  59      1    125     60    182
  60      5     48      1    365
  61      5    269      1    365
  62      1    195      1    365
  63      5    105      1    365
  64      1      3      1    365
  65      1     23      1    365
  66      1     62      1    365
  67      1      8      1    365
  68      5    145      1    365
  69      5     51      1    365
  70      1     52      1    365
  71      1     31      1    365
  72      5     44      1    365
  73      1   1313      1    365
  74      3     44     60    304
  75      5     33      1    365
  76      1    124      1    365
  77      1    158      1    365
  78      1    271      1    365
  79      3     20     60    304
  80      1    282      1    365
  81      1    226      1    365
  82      3     29     60    304
  83      3      9     60    304
  84      5     18      1    365
  85      3      9     60    304
  86      3     18     60    304
  87      3     28     60    304
  88      3     17     60    304
  89      3     77     60    304
  90      3     53     60    304
  91      3    106     60    304
  92      1     70      1    365
  93      1     15      1    365
  94      3    245     60    304
  95      3    169     60    304
  96      1     39      1    365
  97      1      5      1    365
  98      3    148     60    304
  99      3    138     60    304
 100      3     24     60    304
 101      1    192      1    365
 102      1    158      1    365
 103      1    214      1    365
 104      1     49      1    365
 105      3     14     60    304
 106      3    141     60    304
 107      3     97     60    304
 108      3     48     60    304
 109      3     21     60    304
 110      3      7     60    304
 111      3     71     60    304
 112      1     42     60    244
 113      5     37      1    365
 114      3     87     60    304
 115      3     43     60    304
 116      3     51     60    304
 117      5    829      1    365
 118      3     10     60    304
 119      3     33     60    304
 120      3      2     60    304
 121      3      1     60    304
 122      3    178     60    304
 123      3     59     60    304
 124      3    836     60    304
 125      3    390     60    304
 126      3     18     60    304
 127      3    425     60    304
 128      3    491     60    304
 129      3    444     60    304
 130      3    552     60    304
 131      5     58      1    365
 132      3    181     60    304
 133      3     27     60    304
 134      3     11     60    304
 135      3     73     60    304
 136      3     40     60    304
 137      5     37      1    196
 138      5     20      1    365
 139      3     13     60    304
 140      3    175     60    304
 141      3     99     60    304
 142      3    640     60    304
 143      3    441     60    304
 144      3     45     60    304
 145      3     12     60    304
 146      5    247      1    365
 147      3    580     60    304
 148      3     54     60    304
 149      3      9     60    304
 150      1     11      1    365
 151      1     28      1    365
 152      1     71      1    365
 153      3     37     60    304
 154      3     18     60    304
 155      5     48      1    365
 156      1    251      1    365
 157      1     66      1    365
 158      3     54     60    304
 159      5   2529      1    365
 160      5  10122      1    365
 161      5   3585      1    365
 162      1   1160      1    365
 163      1    835      1    365
 164      5      5      1    365
 165      5     74      1    365
 166      1     84     91    258
 167      5      7     60    274
 168      5     78     32    244
 169      5     20      1    365
 170      5     35      1    365
 171      3    130     60    304
 172      5     73     32    244
 173      5     33      1    365
 174      5   6949      1    365
 175      1     14      1    365
 176      3     57     60    304
 177      3    119     60    304
 178      3     65     60    304
 179      3     32     60    304
 180      3     30     60    304
 181      5     29      1    365
 182      3   1117     60    304
 183      3    770     60    304
 184      3     24     60    304
 185      3     13     60    304
 186      3     12     60    304
 187      3     29     60    304
 188      3     67     60    304
 189      3   2109     60    304
 190      3    328     60    304
 191      3    112     60    304
 192      1    177     91    244
 193      1     26     91    244
 194      1     23      1    365
 195      3    327      1    365
 196      3     69     60    304
 197      3    265     60    304
 198      3     97     60    304
 199      5      3      1    365
 200      3    153     60    304
 201      5      9      1    365
 202      3     44     60    304
 203      5    163      1    365
 204      5     78      1    365
 205      5    254      1    365
 206      5     71      1    365
 207      5     70      1    365
 208      5     54      1    365
 209      3     26     60    304
 210      1     26     32    304
 211      5    112     91    161
 212      3    179     60    304
 213      3   1561     60    304
 214      3     19     60    304
 215      5     21     60    244
 216      1     29      1    365
 217      3    117     60    304
 218      5     18      1    365
 219      5     33      1    365
 220      3     36     60    304
 221      3    751      1    365
 222      5    181     60    244
 223      5     11      1    365
 224      5    163      1    365
 225      3    195     60    304
 226      3    107     60    304
 227      5    184      1    365
 228      5     29      1    365
 229      3     26     60    304
 230      3    178     60    304
 231      3   1062     60    304
 232      3    297     60    304
 233      1    128      1    365
 234      3     22     60    273
 235      3    244     60    304
 236      5    847      1    365
 237      5    145      1    365
 238      3    785     60    304
 239      3    269     60    304
 240      3     62     60    304
 241      5     23      1    365
 242      5     44      1    365
 243      1    159      1    365
 244      1    115      1    365
 245      1    120      1    365
 246      1     74      1    365
 247      5    127     60    213
 248      5     22      1    365
 249      5    102     60    244
 250      5   1857      1    365
 251      3    121     91    288
 252      5    581      1    365
 253      1     58      1    365
 254      3     29    105    273
 999      0      0      1    365
