   1      3     74     60    304
   2      3    107     60    304
   3      3     50     60    304
   4      3     15      1    365
   5      3   1414     60    304
   6      3   1893     60    304
   7      3   1605     60    304
   8      3     13      1    365
   9      3   3306     60    304
  10      3   3295     60    304
  11      3    416     60    304
  12      5    110      1    365
  13      5      4     60    182
  14      5     34     60    213
  15      5    110      1    365
  16      5     35     60    213
  17      5      2     91    365
  18      5    131     32    365
  19      5     33      1    365
  20      5     67     60    304
  21      5     92    121    244
  22      5    163     91    213
  23      5    354     60    274
  24      5      6     91    244
  25      5    204      1    258
  26      5     99     91    213
  27      5      7     91    244
  28      5     25     32    335
  29      5     47     60    244
  30      5    212     60    244
  31      1     50      1    365
  32      1     36      1    365
  33      1     77     60    213
  34      1     39     60    274
  35      1    167      1    365
  36      1    123      1    365
  37      1     21     60    244
  38      1     87      1    365
  39      1     34     32    244
  40      1     36      1    365
  41      1    118     32    244
  42      1     61     91    365
  43      1     29     60    365
  44      1     45     60    244
  45      1     56     91    244
  46      1     16     91    213
  47      1     68      1    274
  48      1      5     91    305
  49      1     81      1    258
  50      1     40     32    166
  51      1     22     60    166
  52      1     13      1    365
  53      1     21     60    293
  54      1     13     91    213
  55      1     31     60    152
  56      1     77     60    244
  57      1    109     60    304
  58      1     55     91    182
  59      1    132     60    182
  60      5     50      1    365
  61      5    141      1    365
  62      1    205      1    365
  63      5     55      1    365
  64      1      2      1    365
  65      1     18      1    365
  66      1     49      1    365
  67      1      9      1    365
  68      5     76      1    365
  69      5     27      1    365
  70      1     55      1    365
  71      1     24      1    365
  72      5     23      1    365
  73      1   1697      1    365
  74      3     35     60    304
  75      5     17      1    365
  76      1     67      1    365
  77      1     85      1    365
  78      1    146      1    365
  79      3     23     60    304
  80      1    152      1    365
  81      1    121      1    365
  82      3     24     60    304
  83      3      7     60    304
  84      5     10      1    365
  85      3     11     60    304
  86      3     21     60    304
  87      3     21     60    304
  88      3     14     60    304
  89      3     63     60    304
  90      3     53     60    304
  91      3    124     60    304
  92      1     73      1    365
  93      1     15      1    365
  94      3    200     60    304
  95      3    169     60    304
  96      1     31      1    365
  97      1      4      1    365
  98      3    112     60    304
  99      3    104     60    304
 100      3     26     60    304
 101      1    103      1    365
 102      1     85      1    365
 103      1    115      1    365
 104      1     51      1    365
 105      3     11     60    304
 106      3    115     60    304
 107      3     97     60    304
 108      3    134     60    304
 109      3     58     60    304
 110      3      7     60    304
 111      3     53     60    304
 112      1     44     60    244
 113      5     21      1    365
 114      3     66     60    304
 115      3     43     60    304
 116      3     38     60    304
 117      5    474      1    365
 118      3      8     60    304
 119      3     92     60    304
 120      3      2     60    304
 121      3      1     60    304
 122      3    493     60    304
 123      3     59     60    304
 124      3    901     60    304
 125      3    293     60    304
 126      3     50     60    304
 127      3    498     60    304
 128      3    530     60    304
 129      3    479     60    304
 130      3    416     60    304
 131      5     31      1    365
 132      3    148     60    304
 133      3     75     60    304
 134      3     13     60    304
 135      3     85     60    304
 136      3     40     60    304
 137      5     38      1    196
 138      5     21      1    365
 139      3     11     60    304
 140      3    189     60    304
 141      3    106     60    304
 142      3    521     60    304
 143      3    441     60    304
 144      3    125     60    304
 145      3     13     60    304
 146      5    141      1    365
 147      3    679     60    304
 148      3    150     60    304
 149      3     25     60    304
 150      1      9      1    365
 151      1     22      1    365
 152      1     75      1    365
 153      3     28     60    304
 154      3     18     60    304
 155      5     50      1    365
 156      1    265      1    365
 157      1     51      1    365
 158      3    150     60    304
 159      5   2620      1    365
 160      5  10487      1    365
 161      5   3715      1    365
 162      1   1222      1    365
 163      1    449      1    365
 164      5      5      1    365
 165      5     42      1    365
 166      1     89     91    258
 167      5      7     60    274
 168      5     81     32    244
 169      5     21      1    365
 170      5     36      1    365
 171      3     98     60    304
 172      5     76     32    244
 173      5     17      1    365
 174      5   7200      1    365
 175      1     11      1    365
 176      3     46     60    304
 177      3    139     60    304
 178      3     49     60    304
 179      3     32     60    304
 180      3     23     60    304
 181      5     31      1    365
 182      3    909     60    304
 183      3    770     60    304
 184      3     28     60    304
 185      3     13     60    304
 186      3     33     60    304
 187      3     24     60    304
 188      3     50     60    304
 189      3   1717     60    304
 190      3    267     60    304
 191      3     91     60    304
 192      1    186     91    244
 193      1     27     91    244
 194      1     24      1    365
 195      3    246      1    365
 196      3     52     60    304
 197      3    216     60    304
 198      3    113     60    304
 199      5      3      1    365
 200      3    179     60    304
 201      5      9      1    365
 202      3     51     60    304
 203      5    169      1    365
 204      5     81      1    365
 205      5    263      1    365
 206      5     74      1    365
 207      5     70      1    365
 208      5     56      1    365
 209      3     30     60    304
 210      1     27     32    304
 211      5     59     91    161
 212      3    209     60    304
 213      3   1829     60    304
 214      3     15     60    304
 215      5     22     60    244
 216      1     31      1    365
 217      3    137     60    304
 218      5     10      1    365
 219      5     17      1    365
 220      3     30     60    304
 221      3    809      1    365
 222      5     95     60    244
 223      5      6      1    365
 224      5     86      1    365
 225      3    229     60    304
 226      3    107     60    304
 227      5    191      1    365
 228      5     31      1    365
 229      3     30     60    304
 230      3    493     60    304
 231      3    799     60    304
 232      3    320     60    304
 233      1    135      1    365
 234      3     18     60    273
 235      3    183     60    304
 236      5   1669      1    365
 237      5     76      1    365
 238      3    846     60    304
 239      3    290     60    304
 240      3     67     60    304
 241      5     24      1    365
 242      5     45      1    365
 243      1    167      1    365
 244      1    121      1    365
 245      1    126      1    365
 246      1     74      1    365
 247      5     67     60    213
 248      5     11      1    365
 249      5     53     60    244
 250      5   2110      1    365
 251      3    334     91    288
 252      5    306      1    365
 253      1     62      1    365
 254      3     24    105    273
 999      0      0      1    365
