   1      3     85     60    304
   2      3     65     60    304
   3      3     50     60    304
   4      3     18      1    365
   5      3   1377     60    304
   6      3   1843     60    304
   7      3   1605     60    304
   8      3      8      1    365
   9      3   3219     60    304
  10      3   3208     60    304
  11      3    592     60    304
  12      5    114      1    365
  13      5      2     60    182
  14      5     35     60    213
  15      5    114      1    365
  16      5     32     60    213
  17      5      1     91    365
  18      5    136     32    365
  19      5     34      1    365
  20      5     43     60    304
  21      5     82    121    244
  22      5    129     91    213
  23      5    316     60    274
  24      5      4     91    244
  25      5    213      1    258
  26      5     88     91    213
  27      5      6     91    244
  28      5     26     32    335
  29      5     49     60    244
  30      5    189     60    244
  31      1     45      1    365
  32      1     32      1    365
  33      1     69     60    213
  34      1     35     60    274
  35      1    151      1    365
  36      1    111      1    365
  37      1     18     60    244
  38      1     78      1    365
  39      1     31     32    244
  40      1     32      1    365
  41      1    106     32    244
  42      1    205     91    365
  43      1     98     60    365
  44      1    151     60    244
  45      1    188     91    244
  46      1     53     91    213
  47      1    229      1    274
  48      1     16     91    305
  49      1    270      1    258
  50      1    135     32    166
  51      1     74     60    166
  52      1     45      1    365
  53      1     70     60    293
  54      1     45     91    213
  55      1    102     60    152
  56      1    258     60    244
  57      1     89     60    304
  58      1    184     91    182
  59      1    118     60    182
  60      5     52      1    365
  61      5     91      1    365
  62      1    184      1    365
  63      5     35      1    365
  64      1      8      1    365
  65      1     61      1    365
  66      1    164      1    365
  67      1      8      1    365
  68      5     49      1    365
  69      5     17      1    365
  70      1     49      1    365
  71      1     82      1    365
  72      5     15      1    365
  73      1    420      1    365
  74      3     41     60    304
  75      5     11      1    365
  76      1     54      1    365
  77      1     69      1    365
  78      1    118      1    365
  79      3     14     60    304
  80      1    123      1    365
  81      1     98      1    365
  82      3     27     60    304
  83      3      8     60    304
  84      5      6      1    365
  85      3      6     60    304
  86      3     13     60    304
  87      3     30     60    304
  88      3     16     60    304
  89      3     72     60    304
  90      3     53     60    304
  91      3     75     60    304
  92      1     66      1    365
  93      1     14      1    365
  94      3    229     60    304
  95      3    169     60    304
  96      1    102      1    365
  97      1     12      1    365
  98      3    159     60    304
  99      3    148     60    304
 100      3     25     60    304
 101      1     84      1    365
 102      1     69      1    365
 103      1     93      1    365
 104      1     46      1    365
 105      3     15     60    304
 106      3    131     60    304
 107      3     97     60    304
 108      3    163     60    304
 109      3     71     60    304
 110      3      7     60    304
 111      3     76     60    304
 112      1     40     60    244
 113      5     19      1    365
 114      3     94     60    304
 115      3     43     60    304
 116      3     54     60    304
 117      5    423      1    365
 118      3      9     60    304
 119      3    112     60    304
 120      3      1     60    304
 121      3      1     60    304
 122      3    601     60    304
 123      3     59     60    304
 124      3    877     60    304
 125      3    418     60    304
 126      3     61     60    304
 127      3    302     60    304
 128      3    516     60    304
 129      3    466     60    304
 130      3    592     60    304
 131      5     20      1    365
 132      3    169     60    304
 133      3     92     60    304
 134      3      8     60    304
 135      3     52     60    304
 136      3     40     60    304
 137      5     40      1    196
 138      5     22      1    365
 139      3     12     60    304
 140      3    184     60    304
 141      3    103     60    304
 142      3    597     60    304
 143      3    441     60    304
 144      3    153     60    304
 145      3     13     60    304
 146      5    126      1    365
 147      3    412     60    304
 148      3    183     60    304
 149      3     31     60    304
 150      1     29      1    365
 151      1     74      1    365
 152      1     68      1    365
 153      3     39     60    304
 154      3     18     60    304
 155      5     52      1    365
 156      1    238      1    365
 157      1    172      1    365
 158      3    183     60    304
 159      5   2732      1    365
 160      5  10932      1    365
 161      5   3872      1    365
 162      1   1099      1    365
 163      1    364      1    365
 164      5      5      1    365
 165      5     38      1    365
 166      1     80     91    258
 167      5      8     60    274
 168      5     85     32    244
 169      5     22      1    365
 170      5     37      1    365
 171      3    139     60    304
 172      5     79     32    244
 173      5     11      1    365
 174      5   7505      1    365
 175      1     37      1    365
 176      3     53     60    304
 177      3     84     60    304
 178      3     70     60    304
 179      3     32     60    304
 180      3     33     60    304
 181      5     32      1    365
 182      3   1042     60    304
 183      3    770     60    304
 184      3     17     60    304
 185      3     13     60    304
 186      3     41     60    304
 187      3     27     60    304
 188      3     72     60    304
 189      3   1968     60    304
 190      3    306     60    304
 191      3    104     60    304
 192      1    168     91    244
 193      1     25     91    244
 194      1     22      1    365
 195      3    350      1    365
 196      3     74     60    304
 197      3    248     60    304
 198      3     69     60    304
 199      5      3      1    365
 200      3    109     60    304
 201      5     10      1    365
 202      3     31     60    304
 203      5    176      1    365
 204      5     85      1    365
 205      5    274      1    365
 206      5     77      1    365
 207      5     70      1    365
 208      5     58      1    365
 209      3     18     60    304
 210      1     25     32    304
 211      5     38     91    161
 212      3    127     60    304
 213      3   1110     60    304
 214      3     18     60    304
 215      5     23     60    244
 216      1     28      1    365
 217      3     83     60    304
 218      5      6      1    365
 219      5     11      1    365
 220      3     34     60    304
 221      3    788      1    365
 222      5     61     60    244
 223      5      4      1    365
 224      5     55      1    365
 225      3    139     60    304
 226      3    107     60    304
 227      5    199      1    365
 228      5     32      1    365
 229      3     18     60    304
 230      3    601     60    304
 231      3   1138     60    304
 232      3    311     60    304
 233      1    121      1    365
 234      3     20     60    273
 235      3    261     60    304
 236      5   1318      1    365
 237      5     49      1    365
 238      3    823     60    304
 239      3    282     60    304
 240      3     65     60    304
 241      5     25      1    365
 242      5     47      1    365
 243      1    151      1    365
 244      1    109      1    365
 245      1    114      1    365
 246      1     74      1    365
 247      5     43     60    213
 248      5      7      1    365
 249      5     34     60    244
 250      5   1654      1    365
 251      3    407     91    288
 252      5    196      1    365
 253      1     55      1    365
 254      3     27    105    273
 999      0      0      1    365
