   1      3     78     60    304
   2      3    106     60    304
   3      3     50     60    304
   4      3     16      1    365
   5      3   1432     60    304
   6      3   1917     60    304
   7      3   1605     60    304
   8      3     13      1    365
   9      3   3347     60    304
  10      3   3336     60    304
  11      3    384     60    304
  12      5    106      1    365
  13      5      5     60    182
  14      5     33     60    213
  15      5    106      1    365
  16      5     49     60    213
  17      5      3     91    365
  18      5    127     32    365
  19      5     32      1    365
  20      5     90     60    304
  21      5    127    121    244
  22      5     60     91    213
  23      5    487     60    274
  24      5      8     91    244
  25      5    198      1    258
  26      5    136     91    213
  27      5     10     91    244
  28      5     25     32    335
  29      5     46     60    244
  30      5    292     60    244
  31      1     54      1    365
  32      1     39      1    365
  33      1     84     60    213
  34      1     43     60    274
  35      1    183      1    365
  36      1    134      1    365
  37      1     22     60    244
  38      1     95      1    365
  39      1     37     32    244
  40      1     39      1    365
  41      1    129     32    244
  42      1    166     91    365
  43      1     80     60    365
  44      1    123     60    244
  45      1    153     91    244
  46      1     43     91    213
  47      1    186      1    274
  48      1     13     91    305
  49      1    219      1    258
  50      1    110     32    166
  51      1     60     60    166
  52      1     37      1    365
  53      1     56     60    293
  54      1     37     91    213
  55      1     83     60    152
  56      1    209     60    244
  57      1    170     60    304
  58      1    149     91    182
  59      1    144     60    182
  60      5     48      1    365
  61      5    189      1    365
  62      1    224      1    365
  63      5     74      1    365
  64      1      7      1    365
  65      1     50      1    365
  66      1    133      1    365
  67      1      9      1    365
  68      5    102      1    365
  69      5     36      1    365
  70      1     60      1    365
  71      1     66      1    365
  72      5     31      1    365
  73      1   2123      1    365
  74      3     37     60    304
  75      5     23      1    365
  76      1    104      1    365
  77      1    132      1    365
  78      1    227      1    365
  79      3     23     60    304
  80      1    236      1    365
  81      1    189      1    365
  82      3     25     60    304
  83      3      7     60    304
  84      5     13      1    365
  85      3     11     60    304
  86      3     21     60    304
  87      3     20     60    304
  88      3     15     60    304
  89      3     66     60    304
  90      3     53     60    304
  91      3    123     60    304
  92      1     80      1    365
  93      1     17      1    365
  94      3    210     60    304
  95      3    169     60    304
  96      1     83      1    365
  97      1     10      1    365
  98      3    103     60    304
  99      3     96     60    304
 100      3     26     60    304
 101      1    161      1    365
 102      1    132      1    365
 103      1    180      1    365
 104      1     56      1    365
 105      3     10     60    304
 106      3    121     60    304
 107      3     97     60    304
 108      3     57     60    304
 109      3     25     60    304
 110      3      7     60    304
 111      3     49     60    304
 112      1     48     60    244
 113      5     29      1    365
 114      3     61     60    304
 115      3     43     60    304
 116      3     35     60    304
 117      5    652      1    365
 118      3      9     60    304
 119      3     39     60    304
 120      3      2     60    304
 121      3      1     60    304
 122      3    212     60    304
 123      3     59     60    304
 124      3    912     60    304
 125      3    271     60    304
 126      3     22     60    304
 127      3    494     60    304
 128      3    536     60    304
 129      3    485     60    304
 130      3    384     60    304
 131      5     41      1    365
 132      3    156     60    304
 133      3     32     60    304
 134      3     13     60    304
 135      3     85     60    304
 136      3     40     60    304
 137      5     37      1    196
 138      5     20      1    365
 139      3     11     60    304
 140      3    191     60    304
 141      3    107     60    304
 142      3    549     60    304
 143      3    441     60    304
 144      3     54     60    304
 145      3     13     60    304
 146      5    195      1    365
 147      3    674     60    304
 148      3     65     60    304
 149      3     11     60    304
 150      1     23      1    365
 151      1     60      1    365
 152      1     82      1    365
 153      3     25     60    304
 154      3     18     60    304
 155      5     48      1    365
 156      1    289      1    365
 157      1    139      1    365
 158      3     65     60    304
 159      5   2542      1    365
 160      5  10174      1    365
 161      5   3604      1    365
 162      1   1333      1    365
 163      1    699      1    365
 164      5      5      1    365
 165      5     58      1    365
 166      1     97     91    258
 167      5      7     60    274
 168      5     79     32    244
 169      5     20      1    365
 170      5     35      1    365
 171      3     90     60    304
 172      5     74     32    244
 173      5     23      1    365
 174      5   6985      1    365
 175      1     30      1    365
 176      3     49     60    304
 177      3    138     60    304
 178      3     45     60    304
 179      3     32     60    304
 180      3     21     60    304
 181      5     30      1    365
 182      3    959     60    304
 183      3    770     60    304
 184      3     28     60    304
 185      3     13     60    304
 186      3     14     60    304
 187      3     25     60    304
 188      3     47     60    304
 189      3   1811     60    304
 190      3    281     60    304
 191      3     96     60    304
 192      1    203     91    244
 193      1     30     91    244
 194      1     26      1    365
 195      3    227      1    365
 196      3     48     60    304
 197      3    228     60    304
 198      3    112     60    304
 199      5      3      1    365
 200      3    178     60    304
 201      5      9      1    365
 202      3     51     60    304
 203      5    163      1    365
 204      5     79      1    365
 205      5    255      1    365
 206      5     72      1    365
 207      5     70      1    365
 208      5     54      1    365
 209      3     30     60    304
 210      1     30     32    304
 211      5     79     91    161
 212      3    208     60    304
 213      3   1814     60    304
 214      3     16     60    304
 215      5     21     60    244
 216      1     34      1    365
 217      3    136     60    304
 218      5     13      1    365
 219      5     23      1    365
 220      3     31     60    304
 221      3    819      1    365
 222      5    128     60    244
 223      5      8      1    365
 224      5    115      1    365
 225      3    227     60    304
 226      3    107     60    304
 227      5    185      1    365
 228      5     30      1    365
 229      3     30     60    304
 230      3    212     60    304
 231      3    738     60    304
 232      3    324     60    304
 233      1    147      1    365
 234      3     19     60    273
 235      3    169     60    304
 236      5    613      1    365
 237      5    102      1    365
 238      3    856     60    304
 239      3    294     60    304
 240      3     68     60    304
 241      5     24      1    365
 242      5     44      1    365
 243      1    183      1    365
 244      1    132      1    365
 245      1    138      1    365
 246      1     74      1    365
 247      5     90     60    213
 248      5     15      1    365
 249      5     72     60    244
 250      5   1116      1    365
 251      3    143     91    288
 252      5    410      1    365
 253      1     67      1    365
 254      3     25    105    273
 999      0      0      1    365
