   1      3    106     60    304
   2      3    130     60    304
   3      3     50     60    304
   4      3     22      1    365
   5      3   1341     60    304
   6      3   1796     60    304
   7      3   1605     60    304
   8      3     16      1    365
   9      3   3136     60    304
  10      3   3126     60    304
  11      3    276     60    304
  12      5    117      1    365
  13      5      5     60    182
  14      5     36     60    213
  15      5    117      1    365
  16      5      6     60    213
  17      5      3     91    365
  18      5    140     32    365
  19      5     35      1    365
  20      5     95     60    304
  21      5     16    121    244
  22      5     46     91    213
  23      5     61     60    274
  24      5      8     91    244
  25      5    218      1    258
  26      5     17     91    213
  27      5      1     91    244
  28      5     27     32    335
  29      5     51     60    244
  30      5     37     60    244
  31      1     30      1    365
  32      1     22      1    365
  33      1     47     60    213
  34      1     24     60    274
  35      1    102      1    365
  36      1     75      1    365
  37      1     13     60    244
  38      1     53      1    365
  39      1     21     32    244
  40      1     22      1    365
  41      1     72     32    244
  42      1    109     91    365
  43      1     52     60    365
  44      1     80     60    244
  45      1    100     91    244
  46      1     28     91    213
  47      1    122      1    274
  48      1      9     91    305
  49      1    143      1    258
  50      1     72     32    166
  51      1     39     60    166
  52      1     24      1    365
  53      1     37     60    293
  54      1     24     91    213
  55      1     54     60    152
  56      1    137     60    244
  57      1     95     60    304
  58      1     98     91    182
  59      1     80     60    182
  60      5     53      1    365
  61      5    201      1    365
  62      1    125      1    365
  63      5     79      1    365
  64      1      4      1    365
  65      1     33      1    365
  66      1     87      1    365
  67      1      5      1    365
  68      5    108      1    365
  69      5     38      1    365
  70      1     33      1    365
  71      1     43      1    365
  72      5     33      1    365
  73      1    499      1    365
  74      3     51     60    304
  75      5     24      1    365
  76      1     58      1    365
  77      1     74      1    365
  78      1    127      1    365
  79      3     29     60    304
  80      1    132      1    365
  81      1    106      1    365
  82      3     34     60    304
  83      3     10     60    304
  84      5     14      1    365
  85      3     13     60    304
  86      3     26     60    304
  87      3     14     60    304
  88      3     20     60    304
  89      3     89     60    304
  90      3     53     60    304
  91      3    151     60    304
  92      1     45      1    365
  93      1      9      1    365
  94      3    285     60    304
  95      3    169     60    304
  96      1     54      1    365
  97      1      7      1    365
  98      3     74     60    304
  99      3     69     60    304
 100      3     25     60    304
 101      1     90      1    365
 102      1     74      1    365
 103      1    100      1    365
 104      1     31      1    365
 105      3      7     60    304
 106      3    164     60    304
 107      3     97     60    304
 108      3    126     60    304
 109      3     55     60    304
 110      3      7     60    304
 111      3     35     60    304
 112      1     27     60    244
 113      5      4      1    365
 114      3     44     60    304
 115      3     43     60    304
 116      3     25     60    304
 117      5     82      1    365
 118      3     12     60    304
 119      3     86     60    304
 120      3      3     60    304
 121      3      1     60    304
 122      3    463     60    304
 123      3     59     60    304
 124      3    855     60    304
 125      3    195     60    304
 126      3     47     60    304
 127      3    607     60    304
 128      3    502     60    304
 129      3    454     60    304
 130      3    276     60    304
 131      5     43      1    365
 132      3    211     60    304
 133      3     71     60    304
 134      3     16     60    304
 135      3    104     60    304
 136      3     40     60    304
 137      5     41      1    196
 138      5     23      1    365
 139      3     15     60    304
 140      3    179     60    304
 141      3    101     60    304
 142      3    744     60    304
 143      3    441     60    304
 144      3    118     60    304
 145      3     12     60    304
 146      5     24      1    365
 147      3    828     60    304
 148      3    141     60    304
 149      3     24     60    304
 150      1     15      1    365
 151      1     39      1    365
 152      1     46      1    365
 153      3     18     60    304
 154      3     18     60    304
 155      5     53      1    365
 156      1    162      1    365
 157      1     91      1    365
 158      3    141     60    304
 159      5   2801      1    365
 160      5  11211      1    365
 161      5   3971      1    365
 162      1    746      1    365
 163      1    391      1    365
 164      5      6      1    365
 165      5      7      1    365
 166      1     54     91    258
 167      5      8     60    274
 168      5     87     32    244
 169      5     23      1    365
 170      5     38      1    365
 171      3     65     60    304
 172      5     81     32    244
 173      5     24      1    365
 174      5   7697      1    365
 175      1     20      1    365
 176      3     66     60    304
 177      3    169     60    304
 178      3     32     60    304
 179      3     32     60    304
 180      3     15     60    304
 181      5     33      1    365
 182      3   1298     60    304
 183      3    770     60    304
 184      3     34     60    304
 185      3     13     60    304
 186      3     31     60    304
 187      3     34     60    304
 188      3     33     60    304
 189      3   2452     60    304
 190      3    381     60    304
 191      3    130     60    304
 192      1    114     91    244
 193      1     17     91    244
 194      1     15      1    365
 195      3    163      1    365
 196      3     34     60    304
 197      3    309     60    304
 198      3    138     60    304
 199      5      3      1    365
 200      3    219     60    304
 201      5     10      1    365
 202      3     63     60    304
 203      5    180      1    365
 204      5     87      1    365
 205      5    281      1    365
 206      5     79      1    365
 207      5     70      1    365
 208      5     60      1    365
 209      3     36     60    304
 210      1     17     32    304
 211      5     84     91    161
 212      3    255     60    304
 213      3   2230     60    304
 214      3     22     60    304
 215      5     24     60    244
 216      1     19      1    365
 217      3    167     60    304
 218      5     14      1    365
 219      5     24      1    365
 220      3     42     60    304
 221      3    767      1    365
 222      5    136     60    244
 223      5      8      1    365
 224      5    122      1    365
 225      3    279     60    304
 226      3    107     60    304
 227      5    204      1    365
 228      5     33      1    365
 229      3     36     60    304
 230      3    463     60    304
 231      3    530     60    304
 232      3    303     60    304
 233      1     82      1    365
 234      3     25     60    273
 235      3    122     60    304
 236      5    473      1    365
 237      5    108      1    365
 238      3    802     60    304
 239      3    275     60    304
 240      3     64     60    304
 241      5     26      1    365
 242      5     48      1    365
 243      1    102      1    365
 244      1     74      1    365
 245      1     77      1    365
 246      1     74      1    365
 247      5     95     60    213
 248      5     16      1    365
 249      5     76     60    244
 250      5   3504      1    365
 251      3    314     91    288
 252      5    434      1    365
 253      1     38      1    365
 254      3     34    105    273
 999      0      0      1    365
