   1      3     88     60    304
   2      3     94     60    304
   3      3     50     60    304
   4      3     18      1    365
   5      3   1204     60    304
   6      3   1611     60    304
   7      3   1605     60    304
   8      3     11      1    365
   9      3   2814     60    304
  10      3   2805     60    304
  11      3    295     60    304
  12      5    106      1    365
  13      5      8     60    182
  14      5     32     60    213
  15      5    106      1    365
  16      5     33     60    213
  17      5      4     91    365
  18      5    126     32    365
  19      5     31      1    365
  20      5    148     60    304
  21      5     85    121    244
  22      5     31     91    213
  23      5    327     60    274
  24      5     13     91    244
  25      5    197      1    258
  26      5     92     91    213
  27      5      7     91    244
  28      5     24     32    335
  29      5     46     60    244
  30      5    196     60    244
  31      1     54      1    365
  32      1     39      1    365
  33      1     84     60    213
  34      1     43     60    274
  35      1    184      1    365
  36      1    135      1    365
  37      1     22     60    244
  38      1     96      1    365
  39      1     37     32    244
  40      1     39      1    365
  41      1    129     32    244
  42      1    221     91    365
  43      1    106     60    365
  44      1    163     60    244
  45      1    203     91    244
  46      1     57     91    213
  47      1    247      1    274
  48      1     18     91    305
  49      1    291      1    258
  50      1    146     32    166
  51      1     79     60    166
  52      1     49      1    365
  53      1     75     60    293
  54      1     49     91    213
  55      1    110     60    152
  56      1    278     60    244
  57      1    159     60    304
  58      1    199     91    182
  59      1    144     60    182
  60      5     48      1    365
  61      5    313      1    365
  62      1    225      1    365
  63      5    123      1    365
  64      1      9      1    365
  65      1     66      1    365
  66      1    177      1    365
  67      1      9      1    365
  68      5    169      1    365
  69      5     59      1    365
  70      1     60      1    365
  71      1     88      1    365
  72      5     51      1    365
  73      1   1903      1    365
  74      3     42     60    304
  75      5     38      1    365
  76      1     97      1    365
  77      1    124      1    365
  78      1    212      1    365
  79      3     21     60    304
  80      1    221      1    365
  81      1    177      1    365
  82      3     28     60    304
  83      3      8     60    304
  84      5     21      1    365
  85      3      9     60    304
  86      3     19     60    304
  87      3     15     60    304
  88      3     17     60    304
  89      3     74     60    304
  90      3     53     60    304
  91      3    109     60    304
  92      1     81      1    365
  93      1     17      1    365
  94      3    237     60    304
  95      3    169     60    304
  96      1    110      1    365
  97      1     13      1    365
  98      3     79     60    304
  99      3     74     60    304
 100      3     22     60    304
 101      1    150      1    365
 102      1    124      1    365
 103      1    168      1    365
 104      1     56      1    365
 105      3      8     60    304
 106      3    136     60    304
 107      3     97     60    304
 108      3    169     60    304
 109      3     74     60    304
 110      3      7     60    304
 111      3     38     60    304
 112      1     49     60    244
 113      5     20      1    365
 114      3     47     60    304
 115      3     43     60    304
 116      3     27     60    304
 117      5    438      1    365
 118      3     10     60    304
 119      3    116     60    304
 120      3      2     60    304
 121      3      1     60    304
 122      3    624     60    304
 123      3     59     60    304
 124      3    767     60    304
 125      3    208     60    304
 126      3     63     60    304
 127      3    438     60    304
 128      3    451     60    304
 129      3    408     60    304
 130      3    295     60    304
 131      5     68      1    365
 132      3    175     60    304
 133      3     95     60    304
 134      3     11     60    304
 135      3     75     60    304
 136      3     40     60    304
 137      5     37      1    196
 138      5     20      1    365
 139      3     13     60    304
 140      3    161     60    304
 141      3     90     60    304
 142      3    617     60    304
 143      3    441     60    304
 144      3    159     60    304
 145      3     11     60    304
 146      5    131      1    365
 147      3    597     60    304
 148      3    190     60    304
 149      3     32     60    304
 150      1     31      1    365
 151      1     79      1    365
 152      1     82      1    365
 153      3     20     60    304
 154      3     18     60    304
 155      5     48      1    365
 156      1    291      1    365
 157      1    185      1    365
 158      3    190     60    304
 159      5   2524      1    365
 160      5  10103      1    365
 161      5   3579      1    365
 162      1   1340      1    365
 163      1    654      1    365
 164      5      5      1    365
 165      5     39      1    365
 166      1     97     91    258
 167      5      7     60    274
 168      5     78     32    244
 169      5     20      1    365
 170      5     34      1    365
 171      3     69     60    304
 172      5     73     32    244
 173      5     38      1    365
 174      5   6936      1    365
 175      1     40      1    365
 176      3     55     60    304
 177      3    122     60    304
 178      3     35     60    304
 179      3     32     60    304
 180      3     16     60    304
 181      5     29      1    365
 182      3   1078     60    304
 183      3    770     60    304
 184      3     24     60    304
 185      3     13     60    304
 186      3     42     60    304
 187      3     28     60    304
 188      3     36     60    304
 189      3   2035     60    304
 190      3    316     60    304
 191      3    108     60    304
 192      1    204     91    244
 193      1     30     91    244
 194      1     26      1    365
 195      3    175      1    365
 196      3     37     60    304
 197      3    256     60    304
 198      3    100     60    304
 199      5      3      1    365
 200      3    158     60    304
 201      5      9      1    365
 202      3     45     60    304
 203      5    162      1    365
 204      5     78      1    365
 205      5    254      1    365
 206      5     71      1    365
 207      5     70      1    365
 208      5     54      1    365
 209      3     26     60    304
 210      1     30     32    304
 211      5    131     91    161
 212      3    184     60    304
 213      3   1608     60    304
 214      3     18     60    304
 215      5     21     60    244
 216      1     34      1    365
 217      3    120     60    304
 218      5     21      1    365
 219      5     38      1    365
 220      3     35     60    304
 221      3    689      1    365
 222      5    212     60    244
 223      5     13      1    365
 224      5    191      1    365
 225      3    201     60    304
 226      3    107     60    304
 227      5    184      1    365
 228      5     29      1    365
 229      3     26     60    304
 230      3    624     60    304
 231      3    568     60    304
 232      3    272     60    304
 233      1    148      1    365
 234      3     21     60    273
 235      3    130     60    304
 236      5    322      1    365
 237      5    169      1    365
 238      3    720     60    304
 239      3    247     60    304
 240      3     57     60    304
 241      5     23      1    365
 242      5     44      1    365
 243      1    184      1    365
 244      1    133      1    365
 245      1    139      1    365
 246      1     74      1    365
 247      5    148     60    213
 248      5     25      1    365
 249      5    119     60    244
 250      5   1794      1    365
 251      3    423     91    288
 252      5    677      1    365
 253      1     67      1    365
 254      3     28    105    273
 999      0      0      1    365
