   1      3     82     60    304
   2      3     83     60    304
   3      3     50     60    304
   4      3     17      1    365
   5      3   1387     60    304
   6      3   1857     60    304
   7      3   1605     60    304
   8      3     10      1    365
   9      3   3244     60    304
  10      3   3233     60    304
  11      3    570     60    304
  12      5    104      1    365
  13      5      8     60    182
  14      5     32     60    213
  15      5    104      1    365
  16      5     24     60    213
  17      5      4     91    365
  18      5    124     32    365
  19      5     31      1    365
  20      5    144     60    304
  21      5     62    121    244
  22      5    221     91    213
  23      5    238     60    274
  24      5     12     91    244
  25      5    194      1    258
  26      5     67     91    213
  27      5      5     91    244
  28      5     24     32    335
  29      5     45     60    244
  30      5    143     60    244
  31      1     46      1    365
  32      1     34      1    365
  33      1     72     60    213
  34      1     37     60    274
  35      1    157      1    365
  36      1    115      1    365
  37      1     19     60    244
  38      1     81      1    365
  39      1     32     32    244
  40      1     34      1    365
  41      1    110     32    244
  42      1    114     91    365
  43      1     55     60    365
  44      1     85     60    244
  45      1    105     91    244
  46      1     30     91    213
  47      1    128      1    274
  48      1      9     91    305
  49      1    151      1    258
  50      1     75     32    166
  51      1     41     60    166
  52      1     25      1    365
  53      1     39     60    293
  54      1     25     91    213
  55      1     57     60    152
  56      1    144     60    244
  57      1    145     60    304
  58      1    103     91    182
  59      1    123     60    182
  60      5     47      1    365
  61      5    305      1    365
  62      1    192      1    365
  63      5    120      1    365
  64      1      5      1    365
  65      1     34      1    365
  66      1     91      1    365
  67      1      8      1    365
  68      5    165      1    365
  69      5     58      1    365
  70      1     51      1    365
  71      1     46      1    365
  72      5     50      1    365
  73      1   2326      1    365
  74      3     39     60    304
  75      5     37      1    365
  76      1     89      1    365
  77      1    113      1    365
  78      1    193      1    365
  79      3     18     60    304
  80      1    202      1    365
  81      1    161      1    365
  82      3     26     60    304
  83      3      8     60    304
  84      5     21      1    365
  85      3      8     60    304
  86      3     17     60    304
  87      3     29     60    304
  88      3     16     60    304
  89      3     69     60    304
  90      3     53     60    304
  91      3     97     60    304
  92      1     69      1    365
  93      1     14      1    365
  94      3    219     60    304
  95      3    169     60    304
  96      1     57      1    365
  97      1      7      1    365
  98      3    153     60    304
  99      3    143     60    304
 100      3     25     60    304
 101      1    137      1    365
 102      1    113      1    365
 103      1    153      1    365
 104      1     48      1    365
 105      3     15     60    304
 106      3    126     60    304
 107      3     97     60    304
 108      3     39     60    304
 109      3     17     60    304
 110      3      7     60    304
 111      3     73     60    304
 112      1     42     60    244
 113      5     14      1    365
 114      3     90     60    304
 115      3     43     60    304
 116      3     52     60    304
 117      5    320      1    365
 118      3      9     60    304
 119      3     26     60    304
 120      3      2     60    304
 121      3      1     60    304
 122      3    142     60    304
 123      3     59     60    304
 124      3    884     60    304
 125      3    402     60    304
 126      3     14     60    304
 127      3    388     60    304
 128      3    520     60    304
 129      3    470     60    304
 130      3    570     60    304
 131      5     66      1    365
 132      3    162     60    304
 133      3     22     60    304
 134      3     10     60    304
 135      3     67     60    304
 136      3     40     60    304
 137      5     36      1    196
 138      5     20      1    365
 139      3     12     60    304
 140      3    185     60    304
 141      3    104     60    304
 142      3    572     60    304
 143      3    441     60    304
 144      3     36     60    304
 145      3     13     60    304
 146      5     95      1    365
 147      3    530     60    304
 148      3     43     60    304
 149      3      7     60    304
 150      1     16      1    365
 151      1     41      1    365
 152      1     70      1    365
 153      3     38     60    304
 154      3     18     60    304
 155      5     47      1    365
 156      1    248      1    365
 157      1     96      1    365
 158      3     43     60    304
 159      5   2490      1    365
 160      5   9965      1    365
 161      5   3530      1    365
 162      1   1143      1    365
 163      1    596      1    365
 164      5      5      1    365
 165      5     29      1    365
 166      1     83     91    258
 167      5      7     60    274
 168      5     77     32    244
 169      5     20      1    365
 170      5     34      1    365
 171      3    134     60    304
 172      5     72     32    244
 173      5     37      1    365
 174      5   6842      1    365
 175      1     21      1    365
 176      3     51     60    304
 177      3    108     60    304
 178      3     67     60    304
 179      3     32     60    304
 180      3     31     60    304
 181      5     29      1    365
 182      3    999     60    304
 183      3    770     60    304
 184      3     22     60    304
 185      3     13     60    304
 186      3     10     60    304
 187      3     26     60    304
 188      3     69     60    304
 189      3   1887     60    304
 190      3    293     60    304
 191      3    100     60    304
 192      1    174     91    244
 193      1     26     91    244
 194      1     22      1    365
 195      3    337      1    365
 196      3     71     60    304
 197      3    237     60    304
 198      3     88     60    304
 199      5      3      1    365
 200      3    140     60    304
 201      5      9      1    365
 202      3     40     60    304
 203      5    160      1    365
 204      5     77      1    365
 205      5    250      1    365
 206      5     70      1    365
 207      5     70      1    365
 208      5     53      1    365
 209      3     23     60    304
 210      1     26     32    304
 211      5    128     91    161
 212      3    163     60    304
 213      3   1426     60    304
 214      3     17     60    304
 215      5     21     60    244
 216      1     29      1    365
 217      3    107     60    304
 218      5     21      1    365
 219      5     37      1    365
 220      3     32     60    304
 221      3    794      1    365
 222      5    206     60    244
 223      5     12      1    365
 224      5    186      1    365
 225      3    178     60    304
 226      3    107     60    304
 227      5    181      1    365
 228      5     29      1    365
 229      3     23     60    304
 230      3    142     60    304
 231      3   1096     60    304
 232      3    314     60    304
 233      1    126      1    365
 234      3     19     60    273
 235      3    251     60    304
 236      5   2258      1    365
 237      5    165      1    365
 238      3    830     60    304
 239      3    285     60    304
 240      3     66     60    304
 241      5     23      1    365
 242      5     43      1    365
 243      1    157      1    365
 244      1    113      1    365
 245      1    118      1    365
 246      1     74      1    365
 247      5    144     60    213
 248      5     25      1    365
 249      5    116     60    244
 250      5   1447      1    365
 251      3     96     91    288
 252      5    660      1    365
 253      1     58      1    365
 254      3     26    105    273
 999      0      0      1    365
