   1      3    108     60    304
   2      3     76     60    304
   3      3     50     60    304
   4      3     22      1    365
   5      3   1375     60    304
   6      3   1841     60    304
   7      3   1605     60    304
   8      3      9      1    365
   9      3   3214     60    304
  10      3   3204     60    304
  11      3    300     60    304
  12      5    115      1    365
  13      5      5     60    182
  14      5     35     60    213
  15      5    115      1    365
  16      5     11     60    213
  17      5      3     91    365
  18      5    137     32    365
  19      5     34      1    365
  20      5     91     60    304
  21      5     27    121    244
  22      5     50     91    213
  23      5    105     60    274
  24      5      8     91    244
  25      5    215      1    258
  26      5     29     91    213
  27      5      2     91    244
  28      5     27     32    335
  29      5     50     60    244
  30      5     63     60    244
  31      1     45      1    365
  32      1     33      1    365
  33      1     71     60    213
  34      1     36     60    274
  35      1    154      1    365
  36      1    113      1    365
  37      1     19     60    244
  38      1     80      1    365
  39      1     31     32    244
  40      1     33      1    365
  41      1    108     32    244
  42      1     77     91    365
  43      1     37     60    365
  44      1     57     60    244
  45      1     71     91    244
  46      1     20     91    213
  47      1     87      1    274
  48      1      6     91    305
  49      1    102      1    258
  50      1     51     32    166
  51      1     28     60    166
  52      1     17      1    365
  53      1     26     60    293
  54      1     17     91    213
  55      1     39     60    152
  56      1     97     60    244
  57      1    253     60    304
  58      1     70     91    182
  59      1    121     60    182
  60      5     52      1    365
  61      5    193      1    365
  62      1    188      1    365
  63      5     76      1    365
  64      1      3      1    365
  65      1     23      1    365
  66      1     62      1    365
  67      1      8      1    365
  68      5    104      1    365
  69      5     37      1    365
  70      1     50      1    365
  71      1     31      1    365
  72      5     31      1    365
  73      1    590      1    365
  74      3     52     60    304
  75      5     23      1    365
  76      1    155      1    365
  77      1    197      1    365
  78      1    337      1    365
  79      3     17     60    304
  80      1    351      1    365
  81      1    281      1    365
  82      3     34     60    304
  83      3     10     60    304
  84      5     13      1    365
  85      3      8     60    304
  86      3     15     60    304
  87      3     15     60    304
  88      3     21     60    304
  89      3     91     60    304
  90      3     53     60    304
  91      3     88     60    304
  92      1     67      1    365
  93      1     14      1    365
  94      3    291     60    304
  95      3    169     60    304
  96      1     39      1    365
  97      1      5      1    365
  98      3     80     60    304
  99      3     75     60    304
 100      3     25     60    304
 101      1    239      1    365
 102      1    197      1    365
 103      1    267      1    365
 104      1     47      1    365
 105      3      8     60    304
 106      3    167     60    304
 107      3     97     60    304
 108      3    106     60    304
 109      3     47     60    304
 110      3      7     60    304
 111      3     39     60    304
 112      1     41     60    244
 113      5      6      1    365
 114      3     47     60    304
 115      3     43     60    304
 116      3     28     60    304
 117      5    141      1    365
 118      3     12     60    304
 119      3     73     60    304
 120      3      2     60    304
 121      3      1     60    304
 122      3    393     60    304
 123      3     59     60    304
 124      3    876     60    304
 125      3    212     60    304
 126      3     40     60    304
 127      3    353     60    304
 128      3    515     60    304
 129      3    466     60    304
 130      3    300     60    304
 131      5     42      1    365
 132      3    215     60    304
 133      3     60     60    304
 134      3      9     60    304
 135      3     61     60    304
 136      3     40     60    304
 137      5     40      1    196
 138      5     22      1    365
 139      3     15     60    304
 140      3    183     60    304
 141      3    103     60    304
 142      3    759     60    304
 143      3    441     60    304
 144      3    100     60    304
 145      3     13     60    304
 146      5     42      1    365
 147      3    482     60    304
 148      3    120     60    304
 149      3     20     60    304
 150      1     11      1    365
 151      1     28      1    365
 152      1     69      1    365
 153      3     20     60    304
 154      3     18     60    304
 155      5     52      1    365
 156      1    243      1    365
 157      1     65      1    365
 158      3    120     60    304
 159      5   2751      1    365
 160      5  11011      1    365
 161      5   3900      1    365
 162      1   1121      1    365
 163      1   1040      1    365
 164      5      6      1    365
 165      5     13      1    365
 166      1     82     91    258
 167      5      8     60    274
 168      5     85     32    244
 169      5     22      1    365
 170      5     38      1    365
 171      3     71     60    304
 172      5     80     32    244
 173      5     23      1    365
 174      5   7559      1    365
 175      1     14      1    365
 176      3     67     60    304
 177      3     99     60    304
 178      3     35     60    304
 179      3     32     60    304
 180      3     17     60    304
 181      5     32      1    365
 182      3   1324     60    304
 183      3    770     60    304
 184      3     20     60    304
 185      3     13     60    304
 186      3     27     60    304
 187      3     34     60    304
 188      3     36     60    304
 189      3   2501     60    304
 190      3    389     60    304
 191      3    132     60    304
 192      1    171     91    244
 193      1     25     91    244
 194      1     22      1    365
 195      3    177      1    365
 196      3     37     60    304
 197      3    315     60    304
 198      3     80     60    304
 199      5      3      1    365
 200      3    127     60    304
 201      5     10      1    365
 202      3     36     60    304
 203      5    177      1    365
 204      5     85      1    365
 205      5    276      1    365
 206      5     77      1    365
 207      5     70      1    365
 208      5     59      1    365
 209      3     21     60    304
 210      1     25     32    304
 211      5     81     91    161
 212      3    149     60    304
 213      3   1298     60    304
 214      3     22     60    304
 215      5     23     60    244
 216      1     28      1    365
 217      3     97     60    304
 218      5     13      1    365
 219      5     23      1    365
 220      3     43     60    304
 221      3    787      1    365
 222      5    130     60    244
 223      5      8      1    365
 224      5    117      1    365
 225      3    162     60    304
 226      3    107     60    304
 227      5    200      1    365
 228      5     32      1    365
 229      3     21     60    304
 230      3    393     60    304
 231      3    577     60    304
 232      3    311     60    304
 233      1    124      1    365
 234      3     26     60    273
 235      3    132     60    304
 236      5    510      1    365
 237      5    104      1    365
 238      3    822     60    304
 239      3    282     60    304
 240      3     65     60    304
 241      5     25      1    365
 242      5     48      1    365
 243      1    154      1    365
 244      1    111      1    365
 245      1    116      1    365
 246      1     74      1    365
 247      5     91     60    213
 248      5     16      1    365
 249      5     73     60    244
 250      5   2899      1    365
 251      3    266     91    288
 252      5    418      1    365
 253      1     56      1    365
 254      3     34    105    273
 999      0      0      1    365
