   1      3     69     60    304
   2      3     99     60    304
   3      3     50     60    304
   4      3     14      1    365
   5      3   1292     60    304
   6      3   1729     60    304
   7      3   1605     60    304
   8      3     12      1    365
   9      3   3020     60    304
  10      3   3011     60    304
  11      3    529     60    304
  12      5    109      1    365
  13      5      7     60    182
  14      5     33     60    213
  15      5    109      1    365
  16      5     57     60    213
  17      5      3     91    365
  18      5    130     32    365
  19      5     32      1    365
  20      5    122     60    304
  21      5    147    121    244
  22      5    159     91    213
  23      5    566     60    274
  24      5     10     91    244
  25      5    203      1    258
  26      5    159     91    213
  27      5     11     91    244
  28      5     25     32    335
  29      5     47     60    244
  30      5    340     60    244
  31      1     30      1    365
  32      1     22      1    365
  33      1     47     60    213
  34      1     24     60    274
  35      1    101      1    365
  36      1     75      1    365
  37      1     12     60    244
  38      1     53      1    365
  39      1     21     32    244
  40      1     22      1    365
  41      1     71     32    244
  42      1    120     91    365
  43      1     58     60    365
  44      1     89     60    244
  45      1    110     91    244
  46      1     31     91    213
  47      1    134      1    274
  48      1     10     91    305
  49      1    158      1    258
  50      1     79     32    166
  51      1     43     60    166
  52      1     26      1    365
  53      1     41     60    293
  54      1     26     91    213
  55      1     60     60    152
  56      1    151     60    244
  57      1    188     60    304
  58      1    108     91    182
  59      1     80     60    182
  60      5     49      1    365
  61      5    259      1    365
  62      1    124      1    365
  63      5    101      1    365
  64      1      5      1    365
  65      1     36      1    365
  66      1     96      1    365
  67      1      5      1    365
  68      5    140      1    365
  69      5     49      1    365
  70      1     33      1    365
  71      1     48      1    365
  72      5     42      1    365
  73      1   1807      1    365
  74      3     33     60    304
  75      5     31      1    365
  76      1    115      1    365
  77      1    146      1    365
  78      1    251      1    365
  79      3     22     60    304
  80      1    261      1    365
  81      1    209      1    365
  82      3     22     60    304
  83      3      7     60    304
  84      5     17      1    365
  85      3     10     60    304
  86      3     20     60    304
  87      3     27     60    304
  88      3     13     60    304
  89      3     58     60    304
  90      3     53     60    304
  91      3    115     60    304
  92      1     45      1    365
  93      1      9      1    365
  94      3    186     60    304
  95      3    169     60    304
  96      1     60      1    365
  97      1      7      1    365
  98      3    142     60    304
  99      3    132     60    304
 100      3     24     60    304
 101      1    178      1    365
 102      1    146      1    365
 103      1    199      1    365
 104      1     31      1    365
 105      3     14     60    304
 106      3    107     60    304
 107      3     97     60    304
 108      3    120     60    304
 109      3     53     60    304
 110      3      7     60    304
 111      3     68     60    304
 112      1     27     60    244
 113      5     34      1    365
 114      3     84     60    304
 115      3     43     60    304
 116      3     49     60    304
 117      5    759      1    365
 118      3      8     60    304
 119      3     83     60    304
 120      3      2     60    304
 121      3      1     60    304
 122      3    443     60    304
 123      3     59     60    304
 124      3    823     60    304
 125      3    373     60    304
 126      3     45     60    304
 127      3    462     60    304
 128      3    484     60    304
 129      3    437     60    304
 130      3    529     60    304
 131      5     56      1    365
 132      3    137     60    304
 133      3     68     60    304
 134      3     12     60    304
 135      3     79     60    304
 136      3     40     60    304
 137      5     38      1    196
 138      5     21      1    365
 139      3     10     60    304
 140      3    172     60    304
 141      3     97     60    304
 142      3    485     60    304
 143      3    441     60    304
 144      3    113     60    304
 145      3     12     60    304
 146      5    226      1    365
 147      3    631     60    304
 148      3    135     60    304
 149      3     23     60    304
 150      1     17      1    365
 151      1     43      1    365
 152      1     46      1    365
 153      3     35     60    304
 154      3     18     60    304
 155      5     49      1    365
 156      1    160      1    365
 157      1    101      1    365
 158      3    135     60    304
 159      5   2603      1    365
 160      5  10417      1    365
 161      5   3690      1    365
 162      1    740      1    365
 163      1    773      1    365
 164      5      5      1    365
 165      5     68      1    365
 166      1     54     91    258
 167      5      7     60    274
 168      5     81     32    244
 169      5     21      1    365
 170      5     36      1    365
 171      3    124     60    304
 172      5     75     32    244
 173      5     31      1    365
 174      5   7152      1    365
 175      1     22      1    365
 176      3     43     60    304
 177      3    129     60    304
 178      3     62     60    304
 179      3     32     60    304
 180      3     29     60    304
 181      5     30      1    365
 182      3    847     60    304
 183      3    770     60    304
 184      3     26     60    304
 185      3     13     60    304
 186      3     30     60    304
 187      3     22     60    304
 188      3     64     60    304
 189      3   1598     60    304
 190      3    248     60    304
 191      3     85     60    304
 192      1    113     91    244
 193      1     17     91    244
 194      1     14      1    365
 195      3    313      1    365
 196      3     66     60    304
 197      3    201     60    304
 198      3    105     60    304
 199      5      3      1    365
 200      3    167     60    304
 201      5      9      1    365
 202      3     48     60    304
 203      5    167      1    365
 204      5     81      1    365
 205      5    262      1    365
 206      5     73      1    365
 207      5     70      1    365
 208      5     55      1    365
 209      3     28     60    304
 210      1     17     32    304
 211      5    108     91    161
 212      3    194     60    304
 213      3   1698     60    304
 214      3     14     60    304
 215      5     22     60    244
 216      1     19      1    365
 217      3    127     60    304
 218      5     17      1    365
 219      5     31      1    365
 220      3     27     60    304
 221      3    739      1    365
 222      5    175     60    244
 223      5     10      1    365
 224      5    157      1    365
 225      3    212     60    304
 226      3    107     60    304
 227      5    189      1    365
 228      5     30      1    365
 229      3     28     60    304
 230      3    443     60    304
 231      3   1016     60    304
 232      3    292     60    304
 233      1     82      1    365
 234      3     16     60    273
 235      3    233     60    304
 236      5   1623      1    365
 237      5    140      1    365
 238      3    773     60    304
 239      3    265     60    304
 240      3     61     60    304
 241      5     24      1    365
 242      5     45      1    365
 243      1    101      1    365
 244      1     73      1    365
 245      1     77      1    365
 246      1     74      1    365
 247      5    122     60    213
 248      5     21      1    365
 249      5     98     60    244
 250      5   1259      1    365
 251      3    301     91    288
 252      5    560      1    365
 253      1     37      1    365
 254      3     22    105    273
 999      0      0      1    365
