   1      3    100     60    304
   2      3     85     60    304
   3      3     50     60    304
   4      3     21      1    365
   5      3   1331     60    304
   6      3   1782     60    304
   7      3   1605     60    304
   8      3     10      1    365
   9      3   3112     60    304
  10      3   3102     60    304
  11      3    298     60    304
  12      5    109      1    365
  13      5      6     60    182
  14      5     34     60    213
  15      5    109      1    365
  16      5     32     60    213
  17      5      3     91    365
  18      5    130     32    365
  19      5     32      1    365
  20      5     98     60    304
  21      5     84    121    244
  22      5     10     91    213
  23      5    322     60    274
  24      5      8     91    244
  25      5    203      1    258
  26      5     90     91    213
  27      5      6     91    244
  28      5     25     32    335
  29      5     47     60    244
  30      5    193     60    244
  31      1     38      1    365
  32      1     27      1    365
  33      1     59     60    213
  34      1     30     60    274
  35      1    128      1    365
  36      1     94      1    365
  37      1     16     60    244
  38      1     67      1    365
  39      1     26     32    244
  40      1     27      1    365
  41      1     90     32    244
  42      1    205     91    365
  43      1     98     60    365
  44      1    151     60    244
  45      1    188     91    244
  46      1     53     91    213
  47      1    229      1    274
  48      1     16     91    305
  49      1    270      1    258
  50      1    135     32    166
  51      1     74     60    166
  52      1     45      1    365
  53      1     70     60    293
  54      1     45     91    213
  55      1    102     60    152
  56      1    258     60    244
  57      1    184     60    304
  58      1    184     91    182
  59      1    101     60    182
  60      5     49      1    365
  61      5    206      1    365
  62      1    157      1    365
  63      5     81      1    365
  64      1      8      1    365
  65      1     61      1    365
  66      1    164      1    365
  67      1      7      1    365
  68      5    112      1    365
  69      5     39      1    365
  70      1     42      1    365
  71      1     82      1    365
  72      5     33      1    365
  73      1   1488      1    365
  74      3     47     60    304
  75      5     25      1    365
  76      1    113      1    365
  77      1    143      1    365
  78      1    246      1    365
  79      3     19     60    304
  80      1    256      1    365
  81      1    205      1    365
  82      3     32     60    304
  83      3      9     60    304
  84      5     14      1    365
  85      3      8     60    304
  86      3     17     60    304
  87      3     15     60    304
  88      3     19     60    304
  89      3     84     60    304
  90      3     53     60    304
  91      3     98     60    304
  92      1     56      1    365
  93      1     12      1    365
  94      3    267     60    304
  95      3    169     60    304
  96      1    102      1    365
  97      1     12      1    365
  98      3     80     60    304
  99      3     74     60    304
 100      3     24     60    304
 101      1    174      1    365
 102      1    143      1    365
 103      1    195      1    365
 104      1     39      1    365
 105      3      8     60    304
 106      3    153     60    304
 107      3     97     60    304
 108      3    167     60    304
 109      3     73     60    304
 110      3      7     60    304
 111      3     38     60    304
 112      1     34     60    244
 113      5     19      1    365
 114      3     47     60    304
 115      3     43     60    304
 116      3     27     60    304
 117      5    431      1    365
 118      3     11     60    304
 119      3    115     60    304
 120      3      2     60    304
 121      3      1     60    304
 122      3    616     60    304
 123      3     59     60    304
 124      3    848     60    304
 125      3    210     60    304
 126      3     63     60    304
 127      3    394     60    304
 128      3    498     60    304
 129      3    451     60    304
 130      3    298     60    304
 131      5     45      1    365
 132      3    197     60    304
 133      3     94     60    304
 134      3     10     60    304
 135      3     68     60    304
 136      3     40     60    304
 137      5     38      1    196
 138      5     21      1    365
 139      3     14     60    304
 140      3    178     60    304
 141      3    100     60    304
 142      3    697     60    304
 143      3    441     60    304
 144      3    157     60    304
 145      3     12     60    304
 146      5    129      1    365
 147      3    538     60    304
 148      3    188     60    304
 149      3     31     60    304
 150      1     29      1    365
 151      1     74      1    365
 152      1     58      1    365
 153      3     20     60    304
 154      3     18     60    304
 155      5     49      1    365
 156      1    203      1    365
 157      1    172      1    365
 158      3    188     60    304
 159      5   2605      1    365
 160      5  10425      1    365
 161      5   3693      1    365
 162      1    935      1    365
 163      1    758      1    365
 164      5      5      1    365
 165      5     39      1    365
 166      1     68     91    258
 167      5      7     60    274
 168      5     81     32    244
 169      5     21      1    365
 170      5     36      1    365
 171      3     70     60    304
 172      5     75     32    244
 173      5     25      1    365
 174      5   7158      1    365
 175      1     37      1    365
 176      3     62     60    304
 177      3    110     60    304
 178      3     35     60    304
 179      3     32     60    304
 180      3     16     60    304
 181      5     30      1    365
 182      3   1216     60    304
 183      3    770     60    304
 184      3     22     60    304
 185      3     13     60    304
 186      3     42     60    304
 187      3     32     60    304
 188      3     36     60    304
 189      3   2297     60    304
 190      3    357     60    304
 191      3    122     60    304
 192      1    143     91    244
 193      1     21     91    244
 194      1     18      1    365
 195      3    176      1    365
 196      3     37     60    304
 197      3    289     60    304
 198      3     90     60    304
 199      5      3      1    365
 200      3    142     60    304
 201      5      9      1    365
 202      3     41     60    304
 203      5    168      1    365
 204      5     81      1    365
 205      5    262      1    365
 206      5     73      1    365
 207      5     70      1    365
 208      5     55      1    365
 209      3     24     60    304
 210      1     21     32    304
 211      5     86     91    161
 212      3    166     60    304
 213      3   1448     60    304
 214      3     21     60    304
 215      5     22     60    244
 216      1     24      1    365
 217      3    108     60    304
 218      5     14      1    365
 219      5     25      1    365
 220      3     39     60    304
 221      3    762      1    365
 222      5    139     60    244
 223      5      8      1    365
 224      5    125      1    365
 225      3    181     60    304
 226      3    107     60    304
 227      5    190      1    365
 228      5     30      1    365
 229      3     24     60    304
 230      3    616     60    304
 231      3    572     60    304
 232      3    301     60    304
 233      1    103      1    365
 234      3     24     60    273
 235      3    131     60    304
 236      5     99      1    365
 237      5    112      1    365
 238      3    796     60    304
 239      3    273     60    304
 240      3     63     60    304
 241      5     24      1    365
 242      5     45      1    365
 243      1    128      1    365
 244      1     93      1    365
 245      1     97      1    365
 246      1     74      1    365
 247      5     98     60    213
 248      5     17      1    365
 249      5     78     60    244
 250      5   2234      1    365
 251      3    418     91    288
 252      5    446      1    365
 253      1     47      1    365
 254      3     32    105    273
 999      0      0      1    365
