   1      3    121     60    304
   2      3    103     60    304
   3      3     50     60    304
   4      3     25      1    365
   5      3   1403     60    304
   6      3   1878     60    304
   7      3   1605     60    304
   8      3     12      1    365
   9      3   3280     60    304
  10      3   3269     60    304
  11      3    460     60    304
  12      5    108      1    365
  13      5      6     60    182
  14      5     33     60    213
  15      5    108      1    365
  16      5     21     60    213
  17      5      3     91    365
  18      5    129     32    365
  19      5     32      1    365
  20      5    100     60    304
  21      5     55    121    244
  22      5    318     91    213
  23      5    211     60    274
  24      5      9     91    244
  25      5    202      1    258
  26      5     59     91    213
  27      5      4     91    244
  28      5     25     32    335
  29      5     47     60    244
  30      5    127     60    244
  31      1     57      1    365
  32      1     41      1    365
  33      1     88     60    213
  34      1     45     60    274
  35      1    191      1    365
  36      1    140      1    365
  37      1     23     60    244
  38      1     99      1    365
  39      1     39     32    244
  40      1     41      1    365
  41      1    135     32    244
  42      1     65     91    365
  43      1     31     60    365
  44      1     48     60    244
  45      1     60     91    244
  46      1     17     91    213
  47      1     73      1    274
  48      1      5     91    305
  49      1     86      1    258
  50      1     43     32    166
  51      1     23     60    166
  52      1     14      1    365
  53      1     22     60    293
  54      1     14     91    213
  55      1     32     60    152
  56      1     82     60    244
  57      1     20     60    304
  58      1     58     91    182
  59      1    150     60    182
  60      5     49      1    365
  61      5    211      1    365
  62      1    234      1    365
  63      5     82      1    365
  64      1      3      1    365
  65      1     19      1    365
  66      1     52      1    365
  67      1     10      1    365
  68      5    114      1    365
  69      5     40      1    365
  70      1     62      1    365
  71      1     26      1    365
  72      5     34      1    365
  73      1    944      1    365
  74      3     58     60    304
  75      5     26      1    365
  76      1     12      1    365
  77      1     15      1    365
  78      1     26      1    365
  79      3     23     60    304
  80      1     27      1    365
  81      1     22      1    365
  82      3     38     60    304
  83      3     12     60    304
  84      5     14      1    365
  85      3     10     60    304
  86      3     21     60    304
  87      3     24     60    304
  88      3     23     60    304
  89      3    102     60    304
  90      3     53     60    304
  91      3    120     60    304
  92      1     84      1    365
  93      1     18      1    365
  94      3    325     60    304
  95      3    169     60    304
  96      1     32      1    365
  97      1      4      1    365
  98      3    124     60    304
  99      3    115     60    304
 100      3     26     60    304
 101      1     18      1    365
 102      1     15      1    365
 103      1     21      1    365
 104      1     58      1    365
 105      3     12     60    304
 106      3    186     60    304
 107      3     97     60    304
 108      3     61     60    304
 109      3     27     60    304
 110      3      7     60    304
 111      3     59     60    304
 112      1     51     60    244
 113      5     13      1    365
 114      3     73     60    304
 115      3     43     60    304
 116      3     42     60    304
 117      5    283      1    365
 118      3     13     60    304
 119      3     42     60    304
 120      3      2     60    304
 121      3      1     60    304
 122      3    226     60    304
 123      3     59     60    304
 124      3    894     60    304
 125      3    325     60    304
 126      3     23     60    304
 127      3    481     60    304
 128      3    525     60    304
 129      3    475     60    304
 130      3    460     60    304
 131      5     46      1    365
 132      3    240     60    304
 133      3     34     60    304
 134      3     12     60    304
 135      3     83     60    304
 136      3     40     60    304
 137      5     37      1    196
 138      5     21      1    365
 139      3     17     60    304
 140      3    187     60    304
 141      3    105     60    304
 142      3    847     60    304
 143      3    441     60    304
 144      3     57     60    304
 145      3     13     60    304
 146      5     84      1    365
 147      3    657     60    304
 148      3     69     60    304
 149      3     11     60    304
 150      1      9      1    365
 151      1     23      1    365
 152      1     86      1    365
 153      3     30     60    304
 154      3     18     60    304
 155      5     49      1    365
 156      1    302      1    365
 157      1     54      1    365
 158      3     69     60    304
 159      5   2589      1    365
 160      5  10362      1    365
 161      5   3670      1    365
 162      1   1394      1    365
 163      1     80      1    365
 164      5      5      1    365
 165      5     25      1    365
 166      1    101     91    258
 167      5      7     60    274
 168      5     80     32    244
 169      5     21      1    365
 170      5     35      1    365
 171      3    108     60    304
 172      5     75     32    244
 173      5     26      1    365
 174      5   7114      1    365
 175      1     12      1    365
 176      3     75     60    304
 177      3    134     60    304
 178      3     54     60    304
 179      3     32     60    304
 180      3     25     60    304
 181      5     30      1    365
 182      3   1479     60    304
 183      3    770     60    304
 184      3     27     60    304
 185      3     13     60    304
 186      3     15     60    304
 187      3     38     60    304
 188      3     56     60    304
 189      3   2793     60    304
 190      3    434     60    304
 191      3    148     60    304
 192      1    212     91    244
 193      1     31     91    244
 194      1     27      1    365
 195      3    272      1    365
 196      3     58     60    304
 197      3    351     60    304
 198      3    110     60    304
 199      5      3      1    365
 200      3    174     60    304
 201      5      9      1    365
 202      3     50     60    304
 203      5    167      1    365
 204      5     80      1    365
 205      5    260      1    365
 206      5     73      1    365
 207      5     70      1    365
 208      5     55      1    365
 209      3     29     60    304
 210      1     31     32    304
 211      5     88     91    161
 212      3    203     60    304
 213      3   1769     60    304
 214      3     25     60    304
 215      5     22     60    244
 216      1     35      1    365
 217      3    132     60    304
 218      5     14      1    365
 219      5     26      1    365
 220      3     48     60    304
 221      3    803      1    365
 222      5    142     60    244
 223      5      9      1    365
 224      5    128      1    365
 225      3    221     60    304
 226      3    107     60    304
 227      5    188      1    365
 228      5     30      1    365
 229      3     29     60    304
 230      3    226     60    304
 231      3    885     60    304
 232      3    317     60    304
 233      1    154      1    365
 234      3     29     60    273
 235      3    203     60    304
 236      5   3253      1    365
 237      5    114      1    365
 238      3    839     60    304
 239      3    288     60    304
 240      3     67     60    304
 241      5     24      1    365
 242      5     45      1    365
 243      1    191      1    365
 244      1    138      1    365
 245      1    144      1    365
 246      1     74      1    365
 247      5    100     60    213
 248      5     17      1    365
 249      5     80     60    244
 250      5    243      1    365
 251      3    153     91    288
 252      5    455      1    365
 253      1     70      1    365
 254      3     38    105    273
 999      0      0      1    365
