   1      3    115     60    304
   2      3     80     60    304
   3      3     50     60    304
   4      3     24      1    365
   5      3   1239     60    304
   6      3   1659     60    304
   7      3   1605     60    304
   8      3     10      1    365
   9      3   2898     60    304
  10      3   2888     60    304
  11      3    623     60    304
  12      5    113      1    365
  13      5      4     60    182
  14      5     35     60    213
  15      5    113      1    365
  16      5     18     60    213
  17      5      2     91    365
  18      5    135     32    365
  19      5     34      1    365
  20      5     78     60    304
  21      5     47    121    244
  22      5     19     91    213
  23      5    182     60    274
  24      5      7     91    244
  25      5    211      1    258
  26      5     51     91    213
  27      5      4     91    244
  28      5     26     32    335
  29      5     49     60    244
  30      5    109     60    244
  31      1     30      1    365
  32      1     22      1    365
  33      1     47     60    213
  34      1     24     60    274
  35      1    101      1    365
  36      1     74      1    365
  37      1     12     60    244
  38      1     53      1    365
  39      1     21     32    244
  40      1     22      1    365
  41      1     71     32    244
  42      1    178     91    365
  43      1     85     60    365
  44      1    131     60    244
  45      1    163     91    244
  46      1     46     91    213
  47      1    199      1    274
  48      1     14     91    305
  49      1    234      1    258
  50      1    117     32    166
  51      1     64     60    166
  52      1     39      1    365
  53      1     60     60    293
  54      1     39     91    213
  55      1     89     60    152
  56      1    224     60    244
  57      1    236     60    304
  58      1    160     91    182
  59      1     80     60    182
  60      5     51      1    365
  61      5    165      1    365
  62      1    124      1    365
  63      5     65      1    365
  64      1      7      1    365
  65      1     53      1    365
  66      1    142      1    365
  67      1      5      1    365
  68      5     89      1    365
  69      5     31      1    365
  70      1     33      1    365
  71      1     71      1    365
  72      5     27      1    365
  73      1   2959      1    365
  74      3     55     60    304
  75      5     20      1    365
  76      1    144      1    365
  77      1    184      1    365
  78      1    315      1    365
  79      3     18     60    304
  80      1    328      1    365
  81      1    262      1    365
  82      3     36     60    304
  83      3     11     60    304
  84      5     11      1    365
  85      3      8     60    304
  86      3     16     60    304
  87      3     32     60    304
  88      3     22     60    304
  89      3     97     60    304
  90      3     53     60    304
  91      3     93     60    304
  92      1     44      1    365
  93      1      9      1    365
  94      3    308     60    304
  95      3    169     60    304
  96      1     89      1    365
  97      1     11      1    365
  98      3    167     60    304
  99      3    156     60    304
 100      3     23     60    304
 101      1    223      1    365
 102      1    184      1    365
 103      1    249      1    365
 104      1     31      1    365
 105      3     16     60    304
 106      3    177     60    304
 107      3     97     60    304
 108      3     30     60    304
 109      3     13     60    304
 110      3      7     60    304
 111      3     80     60    304
 112      1     27     60    244
 113      5     11      1    365
 114      3     98     60    304
 115      3     43     60    304
 116      3     57     60    304
 117      5    244      1    365
 118      3     13     60    304
 119      3     20     60    304
 120      3      2     60    304
 121      3      1     60    304
 122      3    109     60    304
 123      3     59     60    304
 124      3    790     60    304
 125      3    440     60    304
 126      3     11     60    304
 127      3    375     60    304
 128      3    464     60    304
 129      3    420     60    304
 130      3    623     60    304
 131      5     36      1    365
 132      3    228     60    304
 133      3     17     60    304
 134      3     10     60    304
 135      3     64     60    304
 136      3     40     60    304
 137      5     39      1    196
 138      5     22      1    365
 139      3     16     60    304
 140      3    165     60    304
 141      3     93     60    304
 142      3    803     60    304
 143      3    441     60    304
 144      3     28     60    304
 145      3     11     60    304
 146      5     73      1    365
 147      3    512     60    304
 148      3     33     60    304
 149      3      6     60    304
 150      1     25      1    365
 151      1     64      1    365
 152      1     46      1    365
 153      3     41     60    304
 154      3     18     60    304
 155      5     51      1    365
 156      1    160      1    365
 157      1    149      1    365
 158      3     33     60    304
 159      5   2702      1    365
 160      5  10815      1    365
 161      5   3831      1    365
 162      1    740      1    365
 163      1    970      1    365
 164      5      5      1    365
 165      5     22      1    365
 166      1     54     91    258
 167      5      8     60    274
 168      5     84     32    244
 169      5     22      1    365
 170      5     37      1    365
 171      3    147     60    304
 172      5     78     32    244
 173      5     20      1    365
 174      5   7425      1    365
 175      1     32      1    365
 176      3     71     60    304
 177      3    105     60    304
 178      3     73     60    304
 179      3     32     60    304
 180      3     34     60    304
 181      5     31      1    365
 182      3   1403     60    304
 183      3    770     60    304
 184      3     21     60    304
 185      3     13     60    304
 186      3      7     60    304
 187      3     36     60    304
 188      3     76     60    304
 189      3   2649     60    304
 190      3    412     60    304
 191      3    140     60    304
 192      1    113     91    244
 193      1     17     91    244
 194      1     14      1    365
 195      3    369      1    365
 196      3     78     60    304
 197      3    333     60    304
 198      3     85     60    304
 199      5      3      1    365
 200      3    135     60    304
 201      5     10      1    365
 202      3     39     60    304
 203      5    174      1    365
 204      5     84      1    365
 205      5    272      1    365
 206      5     76      1    365
 207      5     70      1    365
 208      5     58      1    365
 209      3     23     60    304
 210      1     17     32    304
 211      5     69     91    161
 212      3    158     60    304
 213      3   1378     60    304
 214      3     24     60    304
 215      5     23     60    244
 216      1     19      1    365
 217      3    103     60    304
 218      5     11      1    365
 219      5     20      1    365
 220      3     46     60    304
 221      3    709      1    365
 222      5    111     60    244
 223      5      7      1    365
 224      5    100      1    365
 225      3    172     60    304
 226      3    107     60    304
 227      5    197      1    365
 228      5     31      1    365
 229      3     23     60    304
 230      3    109     60    304
 231      3   1197     60    304
 232      3    280     60    304
 233      1     82      1    365
 234      3     27     60    273
 235      3    275     60    304
 236      5    197      1    365
 237      5     89      1    365
 238      3    741     60    304
 239      3    254     60    304
 240      3     59     60    304
 241      5     25      1    365
 242      5     47      1    365
 243      1    101      1    365
 244      1     73      1    365
 245      1     77      1    365
 246      1     74      1    365
 247      5     78     60    213
 248      5     13      1    365
 249      5     62     60    244
 250      5   1033      1    365
 251      3     74     91    288
 252      5    356      1    365
 253      1     37      1    365
 254      3     36    105    273
 999      0      0      1    365
