   1      3     74     60    304
   2      3    103     60    304
   3      3     50     60    304
   4      3     15      1    365
   5      3   1279     60    304
   6      3   1712     60    304
   7      3   1605     60    304
   8      3     12      1    365
   9      3   2990     60    304
  10      3   2981     60    304
  11      3    403     60    304
  12      5    105      1    365
  13      5     10     60    182
  14      5     32     60    213
  15      5    105      1    365
  16      5     25     60    213
  17      5      5     91    365
  18      5    126     32    365
  19      5     31      1    365
  20      5    183     60    304
  21      5     66    121    244
  22      5    256     91    213
  23      5    252     60    274
  24      5     16     91    244
  25      5    196      1    258
  26      5     71     91    213
  27      5      5     91    244
  28      5     24     32    335
  29      5     46     60    244
  30      5    151     60    244
  31      1     30      1    365
  32      1     22      1    365
  33      1     47     60    213
  34      1     24     60    274
  35      1    102      1    365
  36      1     75      1    365
  37      1     13     60    244
  38      1     53      1    365
  39      1     21     32    244
  40      1     22      1    365
  41      1     72     32    244
  42      1    145     91    365
  43      1     69     60    365
  44      1    107     60    244
  45      1    133     91    244
  46      1     38     91    213
  47      1    162      1    274
  48      1     12     91    305
  49      1    191      1    258
  50      1     95     32    166
  51      1     52     60    166
  52      1     32      1    365
  53      1     49     60    293
  54      1     32     91    213
  55      1     72     60    152
  56      1    182     60    244
  57      1    137     60    304
  58      1    130     91    182
  59      1     80     60    182
  60      5     48      1    365
  61      5    388      1    365
  62      1    125      1    365
  63      5    152      1    365
  64      1      6      1    365
  65      1     43      1    365
  66      1    116      1    365
  67      1      5      1    365
  68      5    210      1    365
  69      5     73      1    365
  70      1     33      1    365
  71      1     58      1    365
  72      5     63      1    365
  73      1   2172      1    365
  74      3     35     60    304
  75      5     47      1    365
  76      1     83      1    365
  77      1    106      1    365
  78      1    182      1    365
  79      3     23     60    304
  80      1    190      1    365
  81      1    152      1    365
  82      3     24     60    304
  83      3      7     60    304
  84      5     26      1    365
  85      3     10     60    304
  86      3     21     60    304
  87      3     21     60    304
  88      3     14     60    304
  89      3     63     60    304
  90      3     53     60    304
  91      3    119     60    304
  92      1     45      1    365
  93      1      9      1    365
  94      3    200     60    304
  95      3    169     60    304
  96      1     72      1    365
  97      1      9      1    365
  98      3    108     60    304
  99      3    101     60    304
 100      3     23     60    304
 101      1    129      1    365
 102      1    106      1    365
 103      1    144      1    365
 104      1     31      1    365
 105      3     10     60    304
 106      3    115     60    304
 107      3     97     60    304
 108      3     54     60    304
 109      3     24     60    304
 110      3      7     60    304
 111      3     52     60    304
 112      1     27     60    244
 113      5     15      1    365
 114      3     64     60    304
 115      3     43     60    304
 116      3     37     60    304
 117      5    338      1    365
 118      3      8     60    304
 119      3     37     60    304
 120      3      2     60    304
 121      3      1     60    304
 122      3    199     60    304
 123      3     59     60    304
 124      3    815     60    304
 125      3    285     60    304
 126      3     20     60    304
 127      3    479     60    304
 128      3    479     60    304
 129      3    433     60    304
 130      3    403     60    304
 131      5     84      1    365
 132      3    148     60    304
 133      3     30     60    304
 134      3     12     60    304
 135      3     82     60    304
 136      3     40     60    304
 137      5     36      1    196
 138      5     20      1    365
 139      3     11     60    304
 140      3    171     60    304
 141      3     96     60    304
 142      3    521     60    304
 143      3    441     60    304
 144      3     51     60    304
 145      3     12     60    304
 146      5    101      1    365
 147      3    653     60    304
 148      3     61     60    304
 149      3     10     60    304
 150      1     20      1    365
 151      1     52      1    365
 152      1     46      1    365
 153      3     27     60    304
 154      3     18     60    304
 155      5     48      1    365
 156      1    162      1    365
 157      1    121      1    365
 158      3     61     60    304
 159      5   2519      1    365
 160      5  10080      1    365
 161      5   3571      1    365
 162      1    747      1    365
 163      1    561      1    365
 164      5      5      1    365
 165      5     30      1    365
 166      1     54     91    258
 167      5      7     60    274
 168      5     78     32    244
 169      5     20      1    365
 170      5     34      1    365
 171      3     95     60    304
 172      5     73     32    244
 173      5     47      1    365
 174      5   6921      1    365
 175      1     26      1    365
 176      3     46     60    304
 177      3    134     60    304
 178      3     47     60    304
 179      3     32     60    304
 180      3     22     60    304
 181      5     29      1    365
 182      3    910     60    304
 183      3    770     60    304
 184      3     27     60    304
 185      3     13     60    304
 186      3     13     60    304
 187      3     24     60    304
 188      3     49     60    304
 189      3   1718     60    304
 190      3    267     60    304
 191      3     91     60    304
 192      1    114     91    244
 193      1     17     91    244
 194      1     15      1    365
 195      3    239      1    365
 196      3     50     60    304
 197      3    216     60    304
 198      3    109     60    304
 199      5      3      1    365
 200      3    173     60    304
 201      5      9      1    365
 202      3     49     60    304
 203      5    162      1    365
 204      5     78      1    365
 205      5    253      1    365
 206      5     71      1    365
 207      5     70      1    365
 208      5     54      1    365
 209      3     29     60    304
 210      1     17     32    304
 211      5    162     91    161
 212      3    201     60    304
 213      3   1758     60    304
 214      3     15     60    304
 215      5     21     60    244
 216      1     19      1    365
 217      3    131     60    304
 218      5     26      1    365
 219      5     47      1    365
 220      3     30     60    304
 221      3    732      1    365
 222      5    262     60    244
 223      5     16      1    365
 224      5    236      1    365
 225      3    220     60    304
 226      3    107     60    304
 227      5    183      1    365
 228      5     29      1    365
 229      3     29     60    304
 230      3    199     60    304
 231      3    776     60    304
 232      3    289     60    304
 233      1     82      1    365
 234      3     18     60    273
 235      3    178     60    304
 236      5   2613      1    365
 237      5    210      1    365
 238      3    765     60    304
 239      3    262     60    304
 240      3     61     60    304
 241      5     23      1    365
 242      5     44      1    365
 243      1    102      1    365
 244      1     74      1    365
 245      1     77      1    365
 246      1     74      1    365
 247      5    183     60    213
 248      5     31      1    365
 249      5    147     60    244
 250      5   2803      1    365
 251      3    135     91    288
 252      5    838      1    365
 253      1     38      1    365
 254      3     24    105    273
 999      0      0      1    365
