   1      3     65     60    304
   2      3    102     60    304
   3      3     50     60    304
   4      3     13      1    365
   5      3   1397     60    304
   6      3   1870     60    304
   7      3   1605     60    304
   8      3     12      1    365
   9      3   3266     60    304
  10      3   3255     60    304
  11      3    302     60    304
  12      5    107      1    365
  13      5      8     60    182
  14      5     33     60    213
  15      5    107      1    365
  16      5     51     60    213
  17      5      4     91    365
  18      5    128     32    365
  19      5     32      1    365
  20      5    148     60    304
  21      5    132    121    244
  22      5     79     91    213
  23      5    510     60    274
  24      5     13     91    244
  25      5    200      1    258
  26      5    143     91    213
  27      5     10     91    244
  28      5     25     32    335
  29      5     46     60    244
  30      5    306     60    244
  31      1     57      1    365
  32      1     41      1    365
  33      1     88     60    213
  34      1     45     60    274
  35      1    192      1    365
  36      1    141      1    365
  37      1     23     60    244
  38      1    100      1    365
  39      1     39     32    244
  40      1     41      1    365
  41      1    135     32    244
  42      1    224     91    365
  43      1    108     60    365
  44      1    166     60    244
  45      1    206     91    244
  46      1     58     91    213
  47      1    251      1    274
  48      1     18     91    305
  49      1    296      1    258
  50      1    148     32    166
  51      1     81     60    166
  52      1     49      1    365
  53      1     76     60    293
  54      1     49     91    213
  55      1    112     60    152
  56      1    282     60    244
  57      1    151     60    304
  58      1    202     91    182
  59      1    151     60    182
  60      5     49      1    365
  61      5    313      1    365
  62      1    235      1    365
  63      5    123      1    365
  64      1      9      1    365
  65      1     67      1    365
  66      1    179      1    365
  67      1     10      1    365
  68      5    169      1    365
  69      5     59      1    365
  70      1     63      1    365
  71      1     90      1    365
  72      5     51      1    365
  73      1   1609      1    365
  74      3     31     60    304
  75      5     38      1    365
  76      1     92      1    365
  77      1    118      1    365
  78      1    202      1    365
  79      3     22     60    304
  80      1    210      1    365
  81      1    168      1    365
  82      3     21     60    304
  83      3      6     60    304
  84      5     21      1    365
  85      3     10     60    304
  86      3     20     60    304
  87      3     16     60    304
  88      3     12     60    304
  89      3     55     60    304
  90      3     53     60    304
  91      3    119     60    304
  92      1     84      1    365
  93      1     18      1    365
  94      3    174     60    304
  95      3    169     60    304
  96      1    112      1    365
  97      1     13      1    365
  98      3     81     60    304
  99      3     76     60    304
 100      3     26     60    304
 101      1    143      1    365
 102      1    118      1    365
 103      1    160      1    365
 104      1     59      1    365
 105      3      8     60    304
 106      3    100     60    304
 107      3     97     60    304
 108      3     71     60    304
 109      3     31     60    304
 110      3      7     60    304
 111      3     39     60    304
 112      1     51     60    244
 113      5     31      1    365
 114      3     48     60    304
 115      3     43     60    304
 116      3     28     60    304
 117      5    683      1    365
 118      3      7     60    304
 119      3     49     60    304
 120      3      2     60    304
 121      3      1     60    304
 122      3    262     60    304
 123      3     59     60    304
 124      3    890     60    304
 125      3    213     60    304
 126      3     27     60    304
 127      3    476     60    304
 128      3    523     60    304
 129      3    473     60    304
 130      3    302     60    304
 131      5     68      1    365
 132      3    129     60    304
 133      3     40     60    304
 134      3     12     60    304
 135      3     82     60    304
 136      3     40     60    304
 137      5     37      1    196
 138      5     21      1    365
 139      3      9     60    304
 140      3    186     60    304
 141      3    105     60    304
 142      3    455     60    304
 143      3    441     60    304
 144      3     66     60    304
 145      3     13     60    304
 146      5    204      1    365
 147      3    650     60    304
 148      3     80     60    304
 149      3     13     60    304
 150      1     31      1    365
 151      1     81      1    365
 152      1     86      1    365
 153      3     20     60    304
 154      3     18     60    304
 155      5     49      1    365
 156      1    303      1    365
 157      1    188      1    365
 158      3     80     60    304
 159      5   2568      1    365
 160      5  10276      1    365
 161      5   3640      1    365
 162      1   1398      1    365
 163      1    621      1    365
 164      5      5      1    365
 165      5     61      1    365
 166      1    102     91    258
 167      5      7     60    274
 168      5     79     32    244
 169      5     21      1    365
 170      5     35      1    365
 171      3     71     60    304
 172      5     74     32    244
 173      5     38      1    365
 174      5   7055      1    365
 175      1     40      1    365
 176      3     40     60    304
 177      3    133     60    304
 178      3     36     60    304
 179      3     32     60    304
 180      3     17     60    304
 181      5     30      1    365
 182      3    794     60    304
 183      3    770     60    304
 184      3     27     60    304
 185      3     13     60    304
 186      3     18     60    304
 187      3     21     60    304
 188      3     37     60    304
 189      3   1499     60    304
 190      3    233     60    304
 191      3     79     60    304
 192      1    213     91    244
 193      1     31     91    244
 194      1     27      1    365
 195      3    179      1    365
 196      3     38     60    304
 197      3    189     60    304
 198      3    108     60    304
 199      5      3      1    365
 200      3    172     60    304
 201      5      9      1    365
 202      3     49     60    304
 203      5    165      1    365
 204      5     79      1    365
 205      5    258      1    365
 206      5     72      1    365
 207      5     70      1    365
 208      5     55      1    365
 209      3     29     60    304
 210      1     31     32    304
 211      5    131     91    161
 212      3    200     60    304
 213      3   1749     60    304
 214      3     13     60    304
 215      5     22     60    244
 216      1     35      1    365
 217      3    131     60    304
 218      5     21      1    365
 219      5     38      1    365
 220      3     26     60    304
 221      3    799      1    365
 222      5    211     60    244
 223      5     13      1    365
 224      5    190      1    365
 225      3    219     60    304
 226      3    107     60    304
 227      5    187      1    365
 228      5     30      1    365
 229      3     29     60    304
 230      3    262     60    304
 231      3    581     60    304
 232      3    316     60    304
 233      1    155      1    365
 234      3     15     60    273
 235      3    133     60    304
 236      5    811      1    365
 237      5    169      1    365
 238      3    835     60    304
 239      3    287     60    304
 240      3     66     60    304
 241      5     24      1    365
 242      5     44      1    365
 243      1    192      1    365
 244      1    139      1    365
 245      1    145      1    365
 246      1     74      1    365
 247      5    148     60    213
 248      5     25      1    365
 249      5    118     60    244
 250      5    913      1    365
 251      3    177     91    288
 252      5    676      1    365
 253      1     70      1    365
 254      3     21    105    273
 999      0      0      1    365
