   1      3     68     60    304
   2      3     90     60    304
   3      3     50     60    304
   4      3     14      1    365
   5      3   1408     60    304
   6      3   1885     60    304
   7      3   1605     60    304
   8      3     11      1    365
   9      3   3291     60    304
  10      3   3281     60    304
  11      3    413     60    304
  12      5    108      1    365
  13      5      9     60    182
  14      5     33     60    213
  15      5    108      1    365
  16      5      6     60    213
  17      5      4     91    365
  18      5    129     32    365
  19      5     32      1    365
  20      5    149     60    304
  21      5     16    121    244
  22      5    147     91    213
  23      5     63     60    274
  24      5     13     91    244
  25      5    202      1    258
  26      5     18     91    213
  27      5      1     91    244
  28      5     25     32    335
  29      5     47     60    244
  30      5     38     60    244
  31      1     39      1    365
  32      1     29      1    365
  33      1     61     60    213
  34      1     31     60    274
  35      1    133      1    365
  36      1     98      1    365
  37      1     16     60    244
  38      1     69      1    365
  39      1     27     32    244
  40      1     29      1    365
  41      1     94     32    244
  42      1    200     91    365
  43      1     96     60    365
  44      1    148     60    244
  45      1    184     91    244
  46      1     52     91    213
  47      1    225      1    274
  48      1     16     91    305
  49      1    265      1    258
  50      1    132     32    166
  51      1     72     60    166
  52      1     44      1    365
  53      1     68     60    293
  54      1     44     91    213
  55      1    100     60    152
  56      1    253     60    244
  57      1    128     60    304
  58      1    180     91    182
  59      1    105     60    182
  60      5     49      1    365
  61      5    316      1    365
  62      1    163      1    365
  63      5    124      1    365
  64      1      8      1    365
  65      1     60      1    365
  66      1    160      1    365
  67      1      7      1    365
  68      5    171      1    365
  69      5     60      1    365
  70      1     44      1    365
  71      1     80      1    365
  72      5     51      1    365
  73      1   1794      1    365
  74      3     32     60    304
  75      5     38      1    365
  76      1     78      1    365
  77      1     99      1    365
  78      1    170      1    365
  79      3     20     60    304
  80      1    177      1    365
  81      1    142      1    365
  82      3     21     60    304
  83      3      6     60    304
  84      5     21      1    365
  85      3      9     60    304
  86      3     18     60    304
  87      3     21     60    304
  88      3     13     60    304
  89      3     57     60    304
  90      3     53     60    304
  91      3    104     60    304
  92      1     58      1    365
  93      1     12      1    365
  94      3    182     60    304
  95      3    169     60    304
  96      1    100      1    365
  97      1     12      1    365
  98      3    111     60    304
  99      3    103     60    304
 100      3     26     60    304
 101      1    121      1    365
 102      1     99      1    365
 103      1    135      1    365
 104      1     41      1    365
 105      3     11     60    304
 106      3    104     60    304
 107      3     97     60    304
 108      3    124     60    304
 109      3     54     60    304
 110      3      7     60    304
 111      3     53     60    304
 112      1     35     60    244
 113      5      4      1    365
 114      3     65     60    304
 115      3     43     60    304
 116      3     38     60    304
 117      5     84      1    365
 118      3      8     60    304
 119      3     85     60    304
 120      3      2     60    304
 121      3      1     60    304
 122      3    455     60    304
 123      3     59     60    304
 124      3    897     60    304
 125      3    292     60    304
 126      3     46     60    304
 127      3    418     60    304
 128      3    527     60    304
 129      3    477     60    304
 130      3    413     60    304
 131      5     68      1    365
 132      3    134     60    304
 133      3     69     60    304
 134      3     11     60    304
 135      3     72     60    304
 136      3     40     60    304
 137      5     37      1    196
 138      5     21      1    365
 139      3     10     60    304
 140      3    188     60    304
 141      3    106     60    304
 142      3    474     60    304
 143      3    441     60    304
 144      3    116     60    304
 145      3     13     60    304
 146      5     25      1    365
 147      3    570     60    304
 148      3    139     60    304
 149      3     23     60    304
 150      1     28      1    365
 151      1     72      1    365
 152      1     60      1    365
 153      3     27     60    304
 154      3     18     60    304
 155      5     49      1    365
 156      1    211      1    365
 157      1    168      1    365
 158      3    139     60    304
 159      5   2589      1    365
 160      5  10361      1    365
 161      5   3670      1    365
 162      1    973      1    365
 163      1    525      1    365
 164      5      5      1    365
 165      5      8      1    365
 166      1     71     91    258
 167      5      7     60    274
 168      5     80     32    244
 169      5     21      1    365
 170      5     35      1    365
 171      3     97     60    304
 172      5     75     32    244
 173      5     38      1    365
 174      5   7113      1    365
 175      1     36      1    365
 176      3     42     60    304
 177      3    117     60    304
 178      3     49     60    304
 179      3     32     60    304
 180      3     23     60    304
 181      5     30      1    365
 182      3    827     60    304
 183      3    770     60    304
 184      3     23     60    304
 185      3     13     60    304
 186      3     31     60    304
 187      3     21     60    304
 188      3     50     60    304
 189      3   1562     60    304
 190      3    243     60    304
 191      3     83     60    304
 192      1    148     91    244
 193      1     22     91    244
 194      1     19      1    365
 195      3    244      1    365
 196      3     52     60    304
 197      3    197     60    304
 198      3     95     60    304
 199      5      3      1    365
 200      3    151     60    304
 201      5      9      1    365
 202      3     43     60    304
 203      5    166      1    365
 204      5     80      1    365
 205      5    260      1    365
 206      5     73      1    365
 207      5     70      1    365
 208      5     55      1    365
 209      3     25     60    304
 210      1     22     32    304
 211      5    132     91    161
 212      3    176     60    304
 213      3   1534     60    304
 214      3     14     60    304
 215      5     22     60    244
 216      1     24      1    365
 217      3    115     60    304
 218      5     21      1    365
 219      5     38      1    365
 220      3     27     60    304
 221      3    805      1    365
 222      5    213     60    244
 223      5     13      1    365
 224      5    192      1    365
 225      3    192     60    304
 226      3    107     60    304
 227      5    188      1    365
 228      5     30      1    365
 229      3     25     60    304
 230      3    455     60    304
 231      3    794     60    304
 232      3    318     60    304
 233      1    107      1    365
 234      3     16     60    273
 235      3    182     60    304
 236      5   1502      1    365
 237      5    171      1    365
 238      3    842     60    304
 239      3    289     60    304
 240      3     67     60    304
 241      5     24      1    365
 242      5     45      1    365
 243      1    133      1    365
 244      1     97      1    365
 245      1    101      1    365
 246      1     74      1    365
 247      5    149     60    213
 248      5     26      1    365
 249      5    119     60    244
 250      5   2175      1    365
 251      3    309     91    288
 252      5    682      1    365
 253      1     49      1    365
 254      3     21    105    273
 999      0      0      1    365
