   1      3     98     60    304
   2      3     74     60    304
   3      3     50     60    304
   4      3     20      1    365
   5      3   1327     60    304
   6      3   1776     60    304
   7      3   1605     60    304
   8      3      9      1    365
   9      3   3102     60    304
  10      3   3092     60    304
  11      3    470     60    304
  12      5    106      1    365
  13      5      8     60    182
  14      5     33     60    213
  15      5    106      1    365
  16      5     23     60    213
  17      5      4     91    365
  18      5    127     32    365
  19      5     32      1    365
  20      5    140     60    304
  21      5     59    121    244
  22      5     51     91    213
  23      5    228     60    274
  24      5     12     91    244
  25      5    198      1    258
  26      5     64     91    213
  27      5      5     91    244
  28      5     25     32    335
  29      5     46     60    244
  30      5    137     60    244
  31      1     59      1    365
  32      1     43      1    365
  33      1     92     60    213
  34      1     47     60    274
  35      1    200      1    365
  36      1    147      1    365
  37      1     24     60    244
  38      1    104      1    365
  39      1     41     32    244
  40      1     43      1    365
  41      1    141     32    244
  42      1    101     91    365
  43      1     48     60    365
  44      1     75     60    244
  45      1     93     91    244
  46      1     26     91    213
  47      1    113      1    274
  48      1      8     91    305
  49      1    133      1    258
  50      1     67     32    166
  51      1     36     60    166
  52      1     22      1    365
  53      1     34     60    293
  54      1     22     91    213
  55      1     51     60    152
  56      1    127     60    244
  57      1    218     60    304
  58      1     91     91    182
  59      1    157     60    182
  60      5     48      1    365
  61      5    295      1    365
  62      1    245      1    365
  63      5    116      1    365
  64      1      4      1    365
  65      1     30      1    365
  66      1     81      1    365
  67      1     10      1    365
  68      5    159      1    365
  69      5     56      1    365
  70      1     65      1    365
  71      1     40      1    365
  72      5     48      1    365
  73      1    634      1    365
  74      3     46     60    304
  75      5     36      1    365
  76      1    133      1    365
  77      1    170      1    365
  78      1    291      1    365
  79      3     16     60    304
  80      1    303      1    365
  81      1    242      1    365
  82      3     31     60    304
  83      3      9     60    304
  84      5     20      1    365
  85      3      7     60    304
  86      3     15     60    304
  87      3     24     60    304
  88      3     19     60    304
  89      3     82     60    304
  90      3     53     60    304
  91      3     86     60    304
  92      1     88      1    365
  93      1     18      1    365
  94      3    262     60    304
  95      3    169     60    304
  96      1     51      1    365
  97      1      6      1    365
  98      3    126     60    304
  99      3    118     60    304
 100      3     24     60    304
 101      1    206      1    365
 102      1    170      1    365
 103      1    230      1    365
 104      1     61      1    365
 105      3     12     60    304
 106      3    150     60    304
 107      3     97     60    304
 108      3    143     60    304
 109      3     62     60    304
 110      3      7     60    304
 111      3     61     60    304
 112      1     53     60    244
 113      5     14      1    365
 114      3     74     60    304
 115      3     43     60    304
 116      3     43     60    304
 117      5    305      1    365
 118      3     11     60    304
 119      3     98     60    304
 120      3      1     60    304
 121      3      1     60    304
 122      3    526     60    304
 123      3     59     60    304
 124      3    845     60    304
 125      3    332     60    304
 126      3     53     60    304
 127      3    345     60    304
 128      3    497     60    304
 129      3    449     60    304
 130      3    470     60    304
 131      5     64      1    365
 132      3    194     60    304
 133      3     80     60    304
 134      3      9     60    304
 135      3     59     60    304
 136      3     40     60    304
 137      5     37      1    196
 138      5     20      1    365
 139      3     14     60    304
 140      3    177     60    304
 141      3    100     60    304
 142      3    684     60    304
 143      3    441     60    304
 144      3    134     60    304
 145      3     12     60    304
 146      5     91      1    365
 147      3    471     60    304
 148      3    160     60    304
 149      3     27     60    304
 150      1     14      1    365
 151      1     36      1    365
 152      1     90      1    365
 153      3     31     60    304
 154      3     18     60    304
 155      5     48      1    365
 156      1    316      1    365
 157      1     85      1    365
 158      3    160     60    304
 159      5   2540      1    365
 160      5  10165      1    365
 161      5   3601      1    365
 162      1   1458      1    365
 163      1    897      1    365
 164      5      5      1    365
 165      5     27      1    365
 166      1    106     91    258
 167      5      7     60    274
 168      5     79     32    244
 169      5     20      1    365
 170      5     35      1    365
 171      3    111     60    304
 172      5     74     32    244
 173      5     36      1    365
 174      5   6979      1    365
 175      1     18      1    365
 176      3     60     60    304
 177      3     96     60    304
 178      3     55     60    304
 179      3     32     60    304
 180      3     26     60    304
 181      5     30      1    365
 182      3   1193     60    304
 183      3    770     60    304
 184      3     19     60    304
 185      3     13     60    304
 186      3     36     60    304
 187      3     31     60    304
 188      3     57     60    304
 189      3   2254     60    304
 190      3    350     60    304
 191      3    119     60    304
 192      1    222     91    244
 193      1     33     91    244
 194      1     29      1    365
 195      3    278      1    365
 196      3     59     60    304
 197      3    284     60    304
 198      3     79     60    304
 199      5      3      1    365
 200      3    124     60    304
 201      5      9      1    365
 202      3     36     60    304
 203      5    163      1    365
 204      5     79      1    365
 205      5    255      1    365
 206      5     71      1    365
 207      5     70      1    365
 208      5     54      1    365
 209      3     21     60    304
 210      1     33     32    304
 211      5    124     91    161
 212      3    145     60    304
 213      3   1268     60    304
 214      3     20     60    304
 215      5     21     60    244
 216      1     37      1    365
 217      3     95     60    304
 218      5     20      1    365
 219      5     36      1    365
 220      3     39     60    304
 221      3    759      1    365
 222      5    199     60    244
 223      5     12      1    365
 224      5    179      1    365
 225      3    159     60    304
 226      3    107     60    304
 227      5    185      1    365
 228      5     30      1    365
 229      3     21     60    304
 230      3    526     60    304
 231      3    904     60    304
 232      3    300     60    304
 233      1    161      1    365
 234      3     23     60    273
 235      3    207     60    304
 236      5    521      1    365
 237      5    159      1    365
 238      3    793     60    304
 239      3    272     60    304
 240      3     63     60    304
 241      5     23      1    365
 242      5     44      1    365
 243      1    200      1    365
 244      1    145      1    365
 245      1    151      1    365
 246      1     74      1    365
 247      5    140     60    213
 248      5     24      1    365
 249      5    112     60    244
 250      5   1948      1    365
 251      3    356     91    288
 252      5    638      1    365
 253      1     73      1    365
 254      3     31    105    273
 999      0      0      1    365
