   1      3     91     60    304
   2      3     82     60    304
   3      3     50     60    304
   4      3     19      1    365
   5      3   1361     60    304
   6      3   1822     60    304
   7      3   1605     60    304
   8      3     10      1    365
   9      3   3181     60    304
  10      3   3171     60    304
  11      3    475     60    304
  12      5    106      1    365
  13      5      9     60    182
  14      5     33     60    213
  15      5    106      1    365
  16      5      6     60    213
  17      5      4     91    365
  18      5    126     32    365
  19      5     32      1    365
  20      5    149     60    304
  21      5     17    121    244
  22      5    232     91    213
  23      5     65     60    274
  24      5     13     91    244
  25      5    198      1    258
  26      5     18     91    213
  27      5      1     91    244
  28      5     24     32    335
  29      5     46     60    244
  30      5     39     60    244
  31      1     48      1    365
  32      1     34      1    365
  33      1     74     60    213
  34      1     38     60    274
  35      1    161      1    365
  36      1    118      1    365
  37      1     20     60    244
  38      1     84      1    365
  39      1     33     32    244
  40      1     34      1    365
  41      1    113     32    244
  42      1    213     91    365
  43      1    102     60    365
  44      1    158     60    244
  45      1    196     91    244
  46      1     55     91    213
  47      1    239      1    274
  48      1     17     91    305
  49      1    281      1    258
  50      1    141     32    166
  51      1     77     60    166
  52      1     47      1    365
  53      1     72     60    293
  54      1     47     91    213
  55      1    107     60    152
  56      1    269     60    244
  57      1     39     60    304
  58      1    192     91    182
  59      1    126     60    182
  60      5     48      1    365
  61      5    315      1    365
  62      1    197      1    365
  63      5    123      1    365
  64      1      9      1    365
  65      1     64      1    365
  66      1    171      1    365
  67      1      8      1    365
  68      5    170      1    365
  69      5     60      1    365
  70      1     53      1    365
  71      1     85      1    365
  72      5     51      1    365
  73      1   1111      1    365
  74      3     43     60    304
  75      5     38      1    365
  76      1     24      1    365
  77      1     30      1    365
  78      1     52      1    365
  79      3     18     60    304
  80      1     54      1    365
  81      1     43      1    365
  82      3     29     60    304
  83      3      9     60    304
  84      5     21      1    365
  85      3      8     60    304
  86      3     16     60    304
  87      3     24     60    304
  88      3     17     60    304
  89      3     77     60    304
  90      3     53     60    304
  91      3     95     60    304
  92      1     71      1    365
  93      1     15      1    365
  94      3    245     60    304
  95      3    169     60    304
  96      1    107      1    365
  97      1     13      1    365
  98      3    128     60    304
  99      3    119     60    304
 100      3     25     60    304
 101      1     36      1    365
 102      1     30      1    365
 103      1     41      1    365
 104      1     49      1    365
 105      3     12     60    304
 106      3    140     60    304
 107      3     97     60    304
 108      3     89     60    304
 109      3     39     60    304
 110      3      7     60    304
 111      3     61     60    304
 112      1     43     60    244
 113      5      4      1    365
 114      3     75     60    304
 115      3     43     60    304
 116      3     44     60    304
 117      5     87      1    365
 118      3     10     60    304
 119      3     62     60    304
 120      3      2     60    304
 121      3      1     60    304
 122      3    330     60    304
 123      3     59     60    304
 124      3    867     60    304
 125      3    336     60    304
 126      3     34     60    304
 127      3    381     60    304
 128      3    510     60    304
 129      3    461     60    304
 130      3    475     60    304
 131      5     68      1    365
 132      3    181     60    304
 133      3     50     60    304
 134      3     10     60    304
 135      3     65     60    304
 136      3     40     60    304
 137      5     37      1    196
 138      5     20      1    365
 139      3     13     60    304
 140      3    182     60    304
 141      3    102     60    304
 142      3    638     60    304
 143      3    441     60    304
 144      3     84     60    304
 145      3     12     60    304
 146      5     26      1    365
 147      3    521     60    304
 148      3    101     60    304
 149      3     17     60    304
 150      1     30      1    365
 151      1     77      1    365
 152      1     72      1    365
 153      3     31     60    304
 154      3     18     60    304
 155      5     48      1    365
 156      1    254      1    365
 157      1    179      1    365
 158      3    101     60    304
 159      5   2534      1    365
 160      5  10140      1    365
 161      5   3592      1    365
 162      1   1173      1    365
 163      1    159      1    365
 164      5      5      1    365
 165      5      8      1    365
 166      1     85     91    258
 167      5      7     60    274
 168      5     78     32    244
 169      5     20      1    365
 170      5     35      1    365
 171      3    112     60    304
 172      5     73     32    244
 173      5     38      1    365
 174      5   6962      1    365
 175      1     38      1    365
 176      3     56     60    304
 177      3    106     60    304
 178      3     56     60    304
 179      3     32     60    304
 180      3     26     60    304
 181      5     30      1    365
 182      3   1115     60    304
 183      3    770     60    304
 184      3     21     60    304
 185      3     13     60    304
 186      3     22     60    304
 187      3     29     60    304
 188      3     58     60    304
 189      3   2105     60    304
 190      3    327     60    304
 191      3    111     60    304
 192      1    179     91    244
 193      1     26     91    244
 194      1     23      1    365
 195      3    281      1    365
 196      3     59     60    304
 197      3    265     60    304
 198      3     87     60    304
 199      5      3      1    365
 200      3    138     60    304
 201      5      9      1    365
 202      3     39     60    304
 203      5    163      1    365
 204      5     78      1    365
 205      5    255      1    365
 206      5     71      1    365
 207      5     70      1    365
 208      5     54      1    365
 209      3     23     60    304
 210      1     26     32    304
 211      5    132     91    161
 212      3    160     60    304
 213      3   1401     60    304
 214      3     19     60    304
 215      5     21     60    244
 216      1     30      1    365
 217      3    105     60    304
 218      5     21      1    365
 219      5     38      1    365
 220      3     36     60    304
 221      3    779      1    365
 222      5    213     60    244
 223      5     13      1    365
 224      5    192      1    365
 225      3    175     60    304
 226      3    107     60    304
 227      5    184      1    365
 228      5     30      1    365
 229      3     23     60    304
 230      3    330     60    304
 231      3    914     60    304
 232      3    308     60    304
 233      1    130      1    365
 234      3     22     60    273
 235      3    210     60    304
 236      5   2367      1    365
 237      5    170      1    365
 238      3    814     60    304
 239      3    279     60    304
 240      3     65     60    304
 241      5     23      1    365
 242      5     44      1    365
 243      1    161      1    365
 244      1    117      1    365
 245      1    121      1    365
 246      1     74      1    365
 247      5    149     60    213
 248      5     26      1    365
 249      5    119     60    244
 250      5   2263      1    365
 251      3    224     91    288
 252      5    681      1    365
 253      1     59      1    365
 254      3     29    105    273
 999      0      0      1    365
