   1      3     94     60    304
   2      3     65     60    304
   3      3     50     60    304
   4      3     19      1    365
   5      3   1432     60    304
   6      3   1917     60    304
   7      3   1605     60    304
   8      3      8      1    365
   9      3   3347     60    304
  10      3   3336     60    304
  11      3    273     60    304
  12      5    109      1    365
  13      5      8     60    182
  14      5     34     60    213
  15      5    109      1    365
  16      5     46     60    213
  17      5      4     91    365
  18      5    130     32    365
  19      5     33      1    365
  20      5    147     60    304
  21      5    119    121    244
  22      5     73     91    213
  23      5    456     60    274
  24      5     13     91    244
  25      5    204      1    258
  26      5    128     91    213
  27      5      9     91    244
  28      5     25     32    335
  29      5     47     60    244
  30      5    274     60    244
  31      1     41      1    365
  32      1     30      1    365
  33      1     64     60    213
  34      1     33     60    274
  35      1    139      1    365
  36      1    102      1    365
  37      1     17     60    244
  38      1     73      1    365
  39      1     28     32    244
  40      1     30      1    365
  41      1     98     32    244
  42      1    208     91    365
  43      1    100     60    365
  44      1    154     60    244
  45      1    192     91    244
  46      1     54     91    213
  47      1    233      1    274
  48      1     17     91    305
  49      1    275      1    258
  50      1    137     32    166
  51      1     75     60    166
  52      1     46      1    365
  53      1     71     60    293
  54      1     46     91    213
  55      1    104     60    152
  56      1    262     60    244
  57      1    164     60    304
  58      1    187     91    182
  59      1    109     60    182
  60      5     49      1    365
  61      5    311      1    365
  62      1    171      1    365
  63      5    122      1    365
  64      1      8      1    365
  65      1     62      1    365
  66      1    167      1    365
  67      1      7      1    365
  68      5    168      1    365
  69      5     59      1    365
  70      1     46      1    365
  71      1     83      1    365
  72      5     51      1    365
  73      1   1072      1    365
  74      3     45     60    304
  75      5     38      1    365
  76      1    100      1    365
  77      1    127      1    365
  78      1    218      1    365
  79      3     14     60    304
  80      1    227      1    365
  81      1    182      1    365
  82      3     30     60    304
  83      3      9     60    304
  84      5     21      1    365
  85      3      7     60    304
  86      3     13     60    304
  87      3     14     60    304
  88      3     18     60    304
  89      3     79     60    304
  90      3     53     60    304
  91      3     76     60    304
  92      1     61      1    365
  93      1     13      1    365
  94      3    252     60    304
  95      3    169     60    304
  96      1    104      1    365
  97      1     12      1    365
  98      3     73     60    304
  99      3     68     60    304
 100      3     26     60    304
 101      1    154      1    365
 102      1    127      1    365
 103      1    173      1    365
 104      1     43      1    365
 105      3      7     60    304
 106      3    145     60    304
 107      3     97     60    304
 108      3    115     60    304
 109      3     50     60    304
 110      3      7     60    304
 111      3     35     60    304
 112      1     37     60    244
 113      5     27      1    365
 114      3     43     60    304
 115      3     43     60    304
 116      3     25     60    304
 117      5    611      1    365
 118      3     10     60    304
 119      3     79     60    304
 120      3      1     60    304
 121      3      1     60    304
 122      3    424     60    304
 123      3     59     60    304
 124      3    912     60    304
 125      3    192     60    304
 126      3     43     60    304
 127      3    304     60    304
 128      3    536     60    304
 129      3    485     60    304
 130      3    273     60    304
 131      5     67      1    365
 132      3    186     60    304
 133      3     65     60    304
 134      3      8     60    304
 135      3     52     60    304
 136      3     40     60    304
 137      5     38      1    196
 138      5     21      1    365
 139      3     13     60    304
 140      3    191     60    304
 141      3    107     60    304
 142      3    657     60    304
 143      3    441     60    304
 144      3    108     60    304
 145      3     13     60    304
 146      5    182      1    365
 147      3    416     60    304
 148      3    129     60    304
 149      3     22     60    304
 150      1     29      1    365
 151      1     75      1    365
 152      1     63      1    365
 153      3     18     60    304
 154      3     18     60    304
 155      5     49      1    365
 156      1    220      1    365
 157      1    175      1    365
 158      3    129     60    304
 159      5   2617      1    365
 160      5  10475      1    365
 161      5   3710      1    365
 162      1   1017      1    365
 163      1    672      1    365
 164      5      5      1    365
 165      5     55      1    365
 166      1     74     91    258
 167      5      7     60    274
 168      5     81     32    244
 169      5     21      1    365
 170      5     36      1    365
 171      3     64     60    304
 172      5     76     32    244
 173      5     38      1    365
 174      5   7191      1    365
 175      1     37      1    365
 176      3     58     60    304
 177      3     85     60    304
 178      3     32     60    304
 179      3     32     60    304
 180      3     15     60    304
 181      5     31      1    365
 182      3   1147     60    304
 183      3    770     60    304
 184      3     17     60    304
 185      3     13     60    304
 186      3     29     60    304
 187      3     30     60    304
 188      3     33     60    304
 189      3   2166     60    304
 190      3    337     60    304
 191      3    115     60    304
 192      1    155     91    244
 193      1     23     91    244
 194      1     20      1    365
 195      3    161      1    365
 196      3     34     60    304
 197      3    273     60    304
 198      3     69     60    304
 199      5      3      1    365
 200      3    110     60    304
 201      5      9      1    365
 202      3     31     60    304
 203      5    168      1    365
 204      5     81      1    365
 205      5    263      1    365
 206      5     74      1    365
 207      5     70      1    365
 208      5     56      1    365
 209      3     18     60    304
 210      1     23     32    304
 211      5    130     91    161
 212      3    128     60    304
 213      3   1119     60    304
 214      3     19     60    304
 215      5     22     60    244
 216      1     26      1    365
 217      3     84     60    304
 218      5     21      1    365
 219      5     38      1    365
 220      3     37     60    304
 221      3    819      1    365
 222      5    210     60    244
 223      5     13      1    365
 224      5    189      1    365
 225      3    140     60    304
 226      3    107     60    304
 227      5    190      1    365
 228      5     31      1    365
 229      3     18     60    304
 230      3    424     60    304
 231      3    524     60    304
 232      3    324     60    304
 233      1    112      1    365
 234      3     22     60    273
 235      3    120     60    304
 236      5    748      1    365
 237      5    168      1    365
 238      3    856     60    304
 239      3    294     60    304
 240      3     68     60    304
 241      5     24      1    365
 242      5     45      1    365
 243      1    139      1    365
 244      1    101      1    365
 245      1    105      1    365
 246      1     74      1    365
 247      5    147     60    213
 248      5     25      1    365
 249      5    118     60    244
 250      5   1463      1    365
 251      3    287     91    288
 252      5    673      1    365
 253      1     51      1    365
 254      3     30    105    273
 999      0      0      1    365
