   1      3     76     60    304
   2      3    119     60    304
   3      3     50     60    304
   4      3     16      1    365
   5      3   1482     60    304
   6      3   1984     60    304
   7      3   1605     60    304
   8      3     14      1    365
   9      3   3465     60    304
  10      3   3454     60    304
  11      3    377     60    304
  12      5    108      1    365
  13      5      4     60    182
  14      5     33     60    213
  15      5    108      1    365
  16      5     20     60    213
  17      5      2     91    365
  18      5    129     32    365
  19      5     32      1    365
  20      5     68     60    304
  21      5     53    121    244
  22      5    139     91    213
  23      5    203     60    274
  24      5      6     91    244
  25      5    201      1    258
  26      5     57     91    213
  27      5      4     91    244
  28      5     25     32    335
  29      5     47     60    244
  30      5    122     60    244
  31      1     36      1    365
  32      1     26      1    365
  33      1     56     60    213
  34      1     29     60    274
  35      1    122      1    365
  36      1     89      1    365
  37      1     15     60    244
  38      1     63      1    365
  39      1     25     32    244
  40      1     26      1    365
  41      1     86     32    244
  42      1    245     91    365
  43      1    118     60    365
  44      1    182     60    244
  45      1    226     91    244
  46      1     64     91    213
  47      1    275      1    274
  48      1     20     91    305
  49      1    324      1    258
  50      1    162     32    166
  51      1     88     60    166
  52      1     54      1    365
  53      1     83     60    293
  54      1     54     91    213
  55      1    123     60    152
  56      1    309     60    244
  57      1    136     60    304
  58      1    221     91    182
  59      1     96     60    182
  60      5     49      1    365
  61      5    145      1    365
  62      1    149      1    365
  63      5     57      1    365
  64      1     10      1    365
  65      1     74      1    365
  66      1    196      1    365
  67      1      6      1    365
  68      5     78      1    365
  69      5     27      1    365
  70      1     40      1    365
  71      1     98      1    365
  72      5     23      1    365
  73      1   2059      1    365
  74      3     36     60    304
  75      5     18      1    365
  76      1     83      1    365
  77      1    106      1    365
  78      1    181      1    365
  79      3     26     60    304
  80      1    189      1    365
  81      1    151      1    365
  82      3     24     60    304
  83      3      7     60    304
  84      5     10      1    365
  85      3     12     60    304
  86      3     24     60    304
  87      3     19     60    304
  88      3     14     60    304
  89      3     64     60    304
  90      3     53     60    304
  91      3    138     60    304
  92      1     53      1    365
  93      1     11      1    365
  94      3    204     60    304
  95      3    169     60    304
  96      1    123      1    365
  97      1     15      1    365
  98      3    101     60    304
  99      3     94     60    304
 100      3     27     60    304
 101      1    128      1    365
 102      1    106      1    365
 103      1    144      1    365
 104      1     37      1    365
 105      3     10     60    304
 106      3    117     60    304
 107      3     97     60    304
 108      3    125     60    304
 109      3     55     60    304
 110      3      7     60    304
 111      3     49     60    304
 112      1     32     60    244
 113      5     12      1    365
 114      3     60     60    304
 115      3     43     60    304
 116      3     35     60    304
 117      5    272      1    365
 118      3      8     60    304
 119      3     86     60    304
 120      3      2     60    304
 121      3      1     60    304
 122      3    461     60    304
 123      3     59     60    304
 124      3    944     60    304
 125      3    266     60    304
 126      3     47     60    304
 127      3    553     60    304
 128      3    555     60    304
 129      3    502     60    304
 130      3    377     60    304
 131      5     31      1    365
 132      3    151     60    304
 133      3     70     60    304
 134      3     14     60    304
 135      3     95     60    304
 136      3     40     60    304
 137      5     37      1    196
 138      5     21      1    365
 139      3     11     60    304
 140      3    198     60    304
 141      3    111     60    304
 142      3    531     60    304
 143      3    441     60    304
 144      3    117     60    304
 145      3     14     60    304
 146      5     81      1    365
 147      3    754     60    304
 148      3    141     60    304
 149      3     23     60    304
 150      1     34      1    365
 151      1     88      1    365
 152      1     55      1    365
 153      3     25     60    304
 154      3     18     60    304
 155      5     49      1    365
 156      1    192      1    365
 157      1    206      1    365
 158      3    141     60    304
 159      5   2580      1    365
 160      5  10325      1    365
 161      5   3657      1    365
 162      1    887      1    365
 163      1    559      1    365
 164      5      5      1    365
 165      5     24      1    365
 166      1     65     91    258
 167      5      7     60    274
 168      5     80     32    244
 169      5     21      1    365
 170      5     35      1    365
 171      3     89     60    304
 172      5     75     32    244
 173      5     18      1    365
 174      5   7089      1    365
 175      1     44      1    365
 176      3     47     60    304
 177      3    154     60    304
 178      3     44     60    304
 179      3     32     60    304
 180      3     21     60    304
 181      5     30      1    365
 182      3    928     60    304
 183      3    770     60    304
 184      3     31     60    304
 185      3     13     60    304
 186      3     31     60    304
 187      3     24     60    304
 188      3     46     60    304
 189      3   1752     60    304
 190      3    272     60    304
 191      3     93     60    304
 192      1    135     91    244
 193      1     20     91    244
 194      1     17      1    365
 195      3    223      1    365
 196      3     47     60    304
 197      3    220     60    304
 198      3    126     60    304
 199      5      3      1    365
 200      3    199     60    304
 201      5      9      1    365
 202      3     57     60    304
 203      5    166      1    365
 204      5     80      1    365
 205      5    259      1    365
 206      5     73      1    365
 207      5     70      1    365
 208      5     55      1    365
 209      3     33     60    304
 210      1     20     32    304
 211      5     61     91    161
 212      3    233     60    304
 213      3   2031     60    304
 214      3     16     60    304
 215      5     22     60    244
 216      1     22      1    365
 217      3    152     60    304
 218      5     10      1    365
 219      5     18      1    365
 220      3     30     60    304
 221      3    848      1    365
 222      5     98     60    244
 223      5      6      1    365
 224      5     88      1    365
 225      3    254     60    304
 226      3    107     60    304
 227      5    188      1    365
 228      5     30      1    365
 229      3     33     60    304
 230      3    461     60    304
 231      3    726     60    304
 232      3    335     60    304
 233      1     98      1    365
 234      3     18     60    273
 235      3    167     60    304
 236      5   1425      1    365
 237      5     78      1    365
 238      3    886     60    304
 239      3    304     60    304
 240      3     70     60    304
 241      5     24      1    365
 242      5     45      1    365
 243      1    122      1    365
 244      1     88      1    365
 245      1     92      1    365
 246      1     74      1    365
 247      5     68     60    213
 248      5     12      1    365
 249      5     55     60    244
 250      5    294      1    365
 251      3    313     91    288
 252      5    313      1    365
 253      1     45      1    365
 254      3     24    105    273
 999      0      0      1    365
