   1      3     66     60    304
   2      3     53     60    304
   3      3     50     60    304
   4      3     14      1    365
   5      3   1518     60    304
   6      3   2032     60    304
   7      3   1605     60    304
   8      3      6      1    365
   9      3   3548     60    304
  10      3   3537     60    304
  11      3    346     60    304
  12      5    117      1    365
  13      5      4     60    182
  14      5     36     60    213
  15      5    117      1    365
  16      5     56     60    213
  17      5      2     91    365
  18      5    140     32    365
  19      5     35      1    365
  20      5     62     60    304
  21      5    144    121    244
  22      5     59     91    213
  23      5    555     60    274
  24      5      5     91    244
  25      5    219      1    258
  26      5    155     91    213
  27      5     11     91    244
  28      5     27     32    335
  29      5     51     60    244
  30      5    333     60    244
  31      1     45      1    365
  32      1     32      1    365
  33      1     69     60    213
  34      1     35     60    274
  35      1    151      1    365
  36      1    111      1    365
  37      1     18     60    244
  38      1     79      1    365
  39      1     31     32    244
  40      1     32      1    365
  41      1    106     32    244
  42      1    188     91    365
  43      1     90     60    365
  44      1    139     60    244
  45      1    173     91    244
  46      1     49     91    213
  47      1    211      1    274
  48      1     15     91    305
  49      1    248      1    258
  50      1    124     32    166
  51      1     68     60    166
  52      1     41      1    365
  53      1     64     60    293
  54      1     41     91    213
  55      1     94     60    152
  56      1    237     60    244
  57      1     57     60    304
  58      1    169     91    182
  59      1    119     60    182
  60      5     53      1    365
  61      5    131      1    365
  62      1    185      1    365
  63      5     51      1    365
  64      1      8      1    365
  65      1     56      1    365
  66      1    151      1    365
  67      1      8      1    365
  68      5     71      1    365
  69      5     25      1    365
  70      1     49      1    365
  71      1     75      1    365
  72      5     21      1    365
  73      1   2071      1    365
  74      3     32     60    304
  75      5     16      1    365
  76      1     35      1    365
  77      1     45      1    365
  78      1     77      1    365
  79      3     12     60    304
  80      1     80      1    365
  81      1     64      1    365
  82      3     21     60    304
  83      3      6     60    304
  84      5      9      1    365
  85      3      5     60    304
  86      3     11     60    304
  87      3     18     60    304
  88      3     13     60    304
  89      3     56     60    304
  90      3     53     60    304
  91      3     62     60    304
  92      1     66      1    365
  93      1     14      1    365
  94      3    178     60    304
  95      3    169     60    304
  96      1     94      1    365
  97      1     11      1    365
  98      3     93     60    304
  99      3     86     60    304
 100      3     28     60    304
 101      1     54      1    365
 102      1     45      1    365
 103      1     61      1    365
 104      1     46      1    365
 105      3      9     60    304
 106      3    102     60    304
 107      3     97     60    304
 108      3     57     60    304
 109      3     25     60    304
 110      3      7     60    304
 111      3     44     60    304
 112      1     40     60    244
 113      5     33      1    365
 114      3     55     60    304
 115      3     43     60    304
 116      3     32     60    304
 117      5    744      1    365
 118      3      7     60    304
 119      3     39     60    304
 120      3      1     60    304
 121      3      1     60    304
 122      3    212     60    304
 123      3     59     60    304
 124      3    967     60    304
 125      3    244     60    304
 126      3     22     60    304
 127      3    249     60    304
 128      3    568     60    304
 129      3    514     60    304
 130      3    346     60    304
 131      5     28      1    365
 132      3    132     60    304
 133      3     32     60    304
 134      3      6     60    304
 135      3     43     60    304
 136      3     40     60    304
 137      5     41      1    196
 138      5     23      1    365
 139      3      9     60    304
 140      3    203     60    304
 141      3    114     60    304
 142      3    465     60    304
 143      3    441     60    304
 144      3     54     60    304
 145      3     14     60    304
 146      5    222      1    365
 147      3    340     60    304
 148      3     65     60    304
 149      3     11     60    304
 150      1     26      1    365
 151      1     68      1    365
 152      1     68      1    365
 153      3     23     60    304
 154      3     18     60    304
 155      5     53      1    365
 156      1    239      1    365
 157      1    158      1    365
 158      3     65     60    304
 159      5   2809      1    365
 160      5  11243      1    365
 161      5   3983      1    365
 162      1   1101      1    365
 163      1    236      1    365
 164      5      6      1    365
 165      5     67      1    365
 166      1     80     91    258
 167      5      8     60    274
 168      5     87     32    244
 169      5     23      1    365
 170      5     38      1    365
 171      3     81     60    304
 172      5     81     32    244
 173      5     16      1    365
 174      5   7719      1    365
 175      1     34      1    365
 176      3     41     60    304
 177      3     69     60    304
 178      3     41     60    304
 179      3     32     60    304
 180      3     19     60    304
 181      5     33      1    365
 182      3    813     60    304
 183      3    770     60    304
 184      3     14     60    304
 185      3     13     60    304
 186      3     14     60    304
 187      3     21     60    304
 188      3     42     60    304
 189      3   1534     60    304
 190      3    238     60    304
 191      3     81     60    304
 192      1    168     91    244
 193      1     25     91    244
 194      1     22      1    365
 195      3    205      1    365
 196      3     43     60    304
 197      3    193     60    304
 198      3     57     60    304
 199      5      3      1    365
 200      3     90     60    304
 201      5     10      1    365
 202      3     26     60    304
 203      5    181      1    365
 204      5     87      1    365
 205      5    282      1    365
 206      5     79      1    365
 207      5     70      1    365
 208      5     60      1    365
 209      3     15     60    304
 210      1     25     32    304
 211      5     55     91    161
 212      3    105     60    304
 213      3    915     60    304
 214      3     14     60    304
 215      5     24     60    244
 216      1     28      1    365
 217      3     68     60    304
 218      5      9      1    365
 219      5     16      1    365
 220      3     26     60    304
 221      3    868      1    365
 222      5     89     60    244
 223      5      5      1    365
 224      5     80      1    365
 225      3    114     60    304
 226      3    107     60    304
 227      5    204      1    365
 228      5     33      1    365
 229      3     15     60    304
 230      3    212     60    304
 231      3    665     60    304
 232      3    343     60    304
 233      1    122      1    365
 234      3     16     60    273
 235      3    153     60    304
 236      5    601      1    365
 237      5     71      1    365
 238      3    908     60    304
 239      3    311     60    304
 240      3     72     60    304
 241      5     26      1    365
 242      5     49      1    365
 243      1    151      1    365
 244      1    109      1    365
 245      1    114      1    365
 246      1     74      1    365
 247      5     62     60    213
 248      5     11      1    365
 249      5     50     60    244
 250      5   3041      1    365
 251      3    143     91    288
 252      5    284      1    365
 253      1     55      1    365
 254      3     21    105    273
 999      0      0      1    365
