   1      3     86     60    304
   2      3     92     60    304
   3      3     50     60    304
   4      3     18      1    365
   5      3   1236     60    304
   6      3   1654     60    304
   7      3   1605     60    304
   8      3     11      1    365
   9      3   2889     60    304
  10      3   2880     60    304
  11      3    608     60    304
  12      5    106      1    365
  13      5      9     60    182
  14      5     33     60    213
  15      5    106      1    365
  16      5     30     60    213
  17      5      5     91    365
  18      5    126     32    365
  19      5     32      1    365
  20      5    166     60    304
  21      5     79    121    244
  22      5     38     91    213
  23      5    304     60    274
  24      5     14     91    244
  25      5    197      1    258
  26      5     85     91    213
  27      5      6     91    244
  28      5     24     32    335
  29      5     46     60    244
  30      5    182     60    244
  31      1     50      1    365
  32      1     36      1    365
  33      1     77     60    213
  34      1     40     60    274
  35      1    169      1    365
  36      1    124      1    365
  37      1     21     60    244
  38      1     88      1    365
  39      1     34     32    244
  40      1     36      1    365
  41      1    119     32    244
  42      1    219     91    365
  43      1    105     60    365
  44      1    162     60    244
  45      1    202     91    244
  46      1     57     91    213
  47      1    245      1    274
  48      1     18     91    305
  49      1    289      1    258
  50      1    145     32    166
  51      1     79     60    166
  52      1     48      1    365
  53      1     74     60    293
  54      1     48     91    213
  55      1    110     60    152
  56      1    276     60    244
  57      1    215     60    304
  58      1    197     91    182
  59      1    132     60    182
  60      5     48      1    365
  61      5    351      1    365
  62      1    206      1    365
  63      5    138      1    365
  64      1      9      1    365
  65      1     66      1    365
  66      1    175      1    365
  67      1      9      1    365
  68      5    190      1    365
  69      5     66      1    365
  70      1     55      1    365
  71      1     88      1    365
  72      5     57      1    365
  73      1   2266      1    365
  74      3     41     60    304
  75      5     43      1    365
  76      1    131      1    365
  77      1    167      1    365
  78      1    286      1    365
  79      3     20     60    304
  80      1    298      1    365
  81      1    239      1    365
  82      3     27     60    304
  83      3      8     60    304
  84      5     24      1    365
  85      3      9     60    304
  86      3     18     60    304
  87      3     31     60    304
  88      3     16     60    304
  89      3     72     60    304
  90      3     53     60    304
  91      3    106     60    304
  92      1     74      1    365
  93      1     15      1    365
  94      3    230     60    304
  95      3    169     60    304
  96      1    110      1    365
  97      1     13      1    365
  98      3    163     60    304
  99      3    152     60    304
 100      3     23     60    304
 101      1    203      1    365
 102      1    167      1    365
 103      1    227      1    365
 104      1     52      1    365
 105      3     16     60    304
 106      3    132     60    304
 107      3     97     60    304
 108      3     65     60    304
 109      3     29     60    304
 110      3      7     60    304
 111      3     78     60    304
 112      1     45     60    244
 113      5     18      1    365
 114      3     96     60    304
 115      3     43     60    304
 116      3     56     60    304
 117      5    407      1    365
 118      3     10     60    304
 119      3     45     60    304
 120      3      2     60    304
 121      3      1     60    304
 122      3    241     60    304
 123      3     59     60    304
 124      3    787     60    304
 125      3    429     60    304
 126      3     25     60    304
 127      3    427     60    304
 128      3    463     60    304
 129      3    418     60    304
 130      3    608     60    304
 131      5     76      1    365
 132      3    170     60    304
 133      3     37     60    304
 134      3     11     60    304
 135      3     73     60    304
 136      3     40     60    304
 137      5     37      1    196
 138      5     20      1    365
 139      3     12     60    304
 140      3    165     60    304
 141      3     93     60    304
 142      3    599     60    304
 143      3    441     60    304
 144      3     61     60    304
 145      3     11     60    304
 146      5    121      1    365
 147      3    582     60    304
 148      3     74     60    304
 149      3     12     60    304
 150      1     31      1    365
 151      1     79      1    365
 152      1     76      1    365
 153      3     40     60    304
 154      3     18     60    304
 155      5     48      1    365
 156      1    267      1    365
 157      1    184      1    365
 158      3     74     60    304
 159      5   2533      1    365
 160      5  10136      1    365
 161      5   3590      1    365
 162      1   1230      1    365
 163      1    883      1    365
 164      5      5      1    365
 165      5     36      1    365
 166      1     89     91    258
 167      5      7     60    274
 168      5     78     32    244
 169      5     20      1    365
 170      5     35      1    365
 171      3    143     60    304
 172      5     73     32    244
 173      5     43      1    365
 174      5   6959      1    365
 175      1     39      1    365
 176      3     53     60    304
 177      3    119     60    304
 178      3     71     60    304
 179      3     32     60    304
 180      3     34     60    304
 181      5     30      1    365
 182      3   1046     60    304
 183      3    770     60    304
 184      3     24     60    304
 185      3     13     60    304
 186      3     16     60    304
 187      3     27     60    304
 188      3     74     60    304
 189      3   1975     60    304
 190      3    307     60    304
 191      3    105     60    304
 192      1    187     91    244
 193      1     28     91    244
 194      1     24      1    365
 195      3    360      1    365
 196      3     76     60    304
 197      3    249     60    304
 198      3     97     60    304
 199      5      3      1    365
 200      3    154     60    304
 201      5      9      1    365
 202      3     44     60    304
 203      5    163      1    365
 204      5     78      1    365
 205      5    254      1    365
 206      5     71      1    365
 207      5     70      1    365
 208      5     54      1    365
 209      3     26     60    304
 210      1     28     32    304
 211      5    147     91    161
 212      3    179     60    304
 213      3   1568     60    304
 214      3     18     60    304
 215      5     21     60    244
 216      1     31      1    365
 217      3    117     60    304
 218      5     24      1    365
 219      5     43      1    365
 220      3     34     60    304
 221      3    707      1    365
 222      5    237     60    244
 223      5     14      1    365
 224      5    213      1    365
 225      3    196     60    304
 226      3    107     60    304
 227      5    184      1    365
 228      5     30      1    365
 229      3     26     60    304
 230      3    241     60    304
 231      3   1168     60    304
 232      3    279     60    304
 233      1    136      1    365
 234      3     20     60    273
 235      3    268     60    304
 236      5    390      1    365
 237      5    190      1    365
 238      3    739     60    304
 239      3    254     60    304
 240      3     59     60    304
 241      5     23      1    365
 242      5     44      1    365
 243      1    169      1    365
 244      1    122      1    365
 245      1    127      1    365
 246      1     74      1    365
 247      5    166     60    213
 248      5     28      1    365
 249      5    133     60    244
 250      5     35      1    365
 251      3    163     91    288
 252      5    759      1    365
 253      1     62      1    365
 254      3     27    105    273
 999      0      0      1    365
