   1      3     75     60    304
   2      3     60     60    304
   3      3     50     60    304
   4      3     16      1    365
   5      3   1446     60    304
   6      3   1935     60    304
   7      3   1605     60    304
   8      3      7      1    365
   9      3   3380     60    304
  10      3   3369     60    304
  11      3    428     60    304
  12      5    113      1    365
  13      5      3     60    182
  14      5     35     60    213
  15      5    113      1    365
  16      5     20     60    213
  17      5      2     91    365
  18      5    135     32    365
  19      5     34      1    365
  20      5     53     60    304
  21      5     52    121    244
  22      5     70     91    213
  23      5    199     60    274
  24      5      5     91    244
  25      5    211      1    258
  26      5     56     91    213
  27      5      4     91    244
  28      5     26     32    335
  29      5     49     60    244
  30      5    120     60    244
  31      1     36      1    365
  32      1     26      1    365
  33      1     57     60    213
  34      1     29     60    274
  35      1    123      1    365
  36      1     90      1    365
  37      1     15     60    244
  38      1     64      1    365
  39      1     25     32    244
  40      1     26      1    365
  41      1     87     32    244
  42      1    158     91    365
  43      1     76     60    365
  44      1    117     60    244
  45      1    145     91    244
  46      1     41     91    213
  47      1    176      1    274
  48      1     13     91    305
  49      1    208      1    258
  50      1    104     32    166
  51      1     57     60    166
  52      1     35      1    365
  53      1     54     60    293
  54      1     35     91    213
  55      1     79     60    152
  56      1    199     60    244
  57      1     40     60    304
  58      1    142     91    182
  59      1     97     60    182
  60      5     51      1    365
  61      5    113      1    365
  62      1    151      1    365
  63      5     44      1    365
  64      1      6      1    365
  65      1     47      1    365
  66      1    126      1    365
  67      1      6      1    365
  68      5     61      1    365
  69      5     21      1    365
  70      1     40      1    365
  71      1     63      1    365
  72      5     18      1    365
  73      1   3135      1    365
  74      3     36     60    304
  75      5     14      1    365
  76      1     25      1    365
  77      1     31      1    365
  78      1     54      1    365
  79      3     13     60    304
  80      1     56      1    365
  81      1     45      1    365
  82      3     24     60    304
  83      3      7     60    304
  84      5      8      1    365
  85      3      6     60    304
  86      3     12     60    304
  87      3     22     60    304
  88      3     14     60    304
  89      3     63     60    304
  90      3     53     60    304
  91      3     69     60    304
  92      1     54      1    365
  93      1     11      1    365
  94      3    202     60    304
  95      3    169     60    304
  96      1     79      1    365
  97      1      9      1    365
  98      3    115     60    304
  99      3    107     60    304
 100      3     27     60    304
 101      1     38      1    365
 102      1     31      1    365
 103      1     43      1    365
 104      1     38      1    365
 105      3     11     60    304
 106      3    116     60    304
 107      3     97     60    304
 108      3    170     60    304
 109      3     74     60    304
 110      3      7     60    304
 111      3     55     60    304
 112      1     33     60    244
 113      5     12      1    365
 114      3     68     60    304
 115      3     43     60    304
 116      3     39     60    304
 117      5    267      1    365
 118      3      8     60    304
 119      3    117     60    304
 120      3      1     60    304
 121      3      1     60    304
 122      3    626     60    304
 123      3     59     60    304
 124      3    921     60    304
 125      3    302     60    304
 126      3     64     60    304
 127      3    279     60    304
 128      3    541     60    304
 129      3    490     60    304
 130      3    428     60    304
 131      5     24      1    365
 132      3    149     60    304
 133      3     95     60    304
 134      3      7     60    304
 135      3     48     60    304
 136      3     40     60    304
 137      5     39      1    196
 138      5     22      1    365
 139      3     11     60    304
 140      3    193     60    304
 141      3    109     60    304
 142      3    526     60    304
 143      3    441     60    304
 144      3    159     60    304
 145      3     13     60    304
 146      5     80      1    365
 147      3    381     60    304
 148      3    191     60    304
 149      3     32     60    304
 150      1     22      1    365
 151      1     57      1    365
 152      1     55      1    365
 153      3     28     60    304
 154      3     18     60    304
 155      5     51      1    365
 156      1    195      1    365
 157      1    132      1    365
 158      3    191     60    304
 159      5   2703      1    365
 160      5  10816      1    365
 161      5   3831      1    365
 162      1    898      1    365
 163      1    166      1    365
 164      5      5      1    365
 165      5     24      1    365
 166      1     65     91    258
 167      5      8     60    274
 168      5     84     32    244
 169      5     22      1    365
 170      5     37      1    365
 171      3    101     60    304
 172      5     78     32    244
 173      5     14      1    365
 174      5   7426      1    365
 175      1     28      1    365
 176      3     47     60    304
 177      3     78     60    304
 178      3     50     60    304
 179      3     32     60    304
 180      3     24     60    304
 181      5     32      1    365
 182      3    918     60    304
 183      3    770     60    304
 184      3     16     60    304
 185      3     13     60    304
 186      3     42     60    304
 187      3     24     60    304
 188      3     52     60    304
 189      3   1734     60    304
 190      3    269     60    304
 191      3     92     60    304
 192      1    137     91    244
 193      1     20     91    244
 194      1     18      1    365
 195      3    253      1    365
 196      3     53     60    304
 197      3    218     60    304
 198      3     63     60    304
 199      5      3      1    365
 200      3    101     60    304
 201      5     10      1    365
 202      3     29     60    304
 203      5    174      1    365
 204      5     84      1    365
 205      5    272      1    365
 206      5     76      1    365
 207      5     70      1    365
 208      5     58      1    365
 209      3     17     60    304
 210      1     20     32    304
 211      5     47     91    161
 212      3    117     60    304
 213      3   1025     60    304
 214      3     16     60    304
 215      5     23     60    244
 216      1     23      1    365
 217      3     77     60    304
 218      5      8      1    365
 219      5     14      1    365
 220      3     30     60    304
 221      3    827      1    365
 222      5     76     60    244
 223      5      5      1    365
 224      5     69      1    365
 225      3    128     60    304
 226      3    107     60    304
 227      5    197      1    365
 228      5     32      1    365
 229      3     17     60    304
 230      3    626     60    304
 231      3    823     60    304
 232      3    327     60    304
 233      1     99      1    365
 234      3     18     60    273
 235      3    189     60    304
 236      5    715      1    365
 237      5     61      1    365
 238      3    864     60    304
 239      3    297     60    304
 240      3     69     60    304
 241      5     25      1    365
 242      5     47      1    365
 243      1    123      1    365
 244      1     89      1    365
 245      1     93      1    365
 246      1     74      1    365
 247      5     53     60    213
 248      5      9      1    365
 249      5     43     60    244
 250      5   3338      1    365
 251      3    424     91    288
 252      5    244      1    365
 253      1     45      1    365
 254      3     24    105    273
 999      0      0      1    365
