   1      3    115     60    304
   2      3     99     60    304
   3      3     50     60    304
   4      3     24      1    365
   5      3   1394     60    304
   6      3   1866     60    304
   7      3   1605     60    304
   8      3     12      1    365
   9      3   3259     60    304
  10      3   3249     60    304
  11      3    276     60    304
  12      5    108      1    365
  13      5     10     60    182
  14      5     33     60    213
  15      5    108      1    365
  16      5     18     60    213
  17      5      5     91    365
  18      5    128     32    365
  19      5     32      1    365
  20      5    174     60    304
  21      5     47    121    244
  22      5     17     91    213
  23      5    182     60    274
  24      5     15     91    244
  25      5    201      1    258
  26      5     51     91    213
  27      5      4     91    244
  28      5     25     32    335
  29      5     47     60    244
  30      5    109     60    244
  31      1     35      1    365
  32      1     26      1    365
  33      1     55     60    213
  34      1     28     60    274
  35      1    119      1    365
  36      1     88      1    365
  37      1     15     60    244
  38      1     62      1    365
  39      1     24     32    244
  40      1     26      1    365
  41      1     84     32    244
  42      1    236     91    365
  43      1    113     60    365
  44      1    174     60    244
  45      1    217     91    244
  46      1     61     91    213
  47      1    264      1    274
  48      1     19     91    305
  49      1    311      1    258
  50      1    155     32    166
  51      1     85     60    166
  52      1     52      1    365
  53      1     80     60    293
  54      1     52     91    213
  55      1    118     60    152
  56      1    297     60    244
  57      1    165     60    304
  58      1    212     91    182
  59      1     94     60    182
  60      5     49      1    365
  61      5    368      1    365
  62      1    146      1    365
  63      5    144      1    365
  64      1      9      1    365
  65      1     71      1    365
  66      1    188      1    365
  67      1      6      1    365
  68      5    199      1    365
  69      5     70      1    365
  70      1     39      1    365
  71      1     94      1    365
  72      5     60      1    365
  73      1    705      1    365
  74      3     55     60    304
  75      5     45      1    365
  76      1    101      1    365
  77      1    128      1    365
  78      1    220      1    365
  79      3     22     60    304
  80      1    229      1    365
  81      1    183      1    365
  82      3     37     60    304
  83      3     11     60    304
  84      5     25      1    365
  85      3     10     60    304
  86      3     20     60    304
  87      3     14     60    304
  88      3     22     60    304
  89      3     97     60    304
  90      3     53     60    304
  91      3    115     60    304
  92      1     52      1    365
  93      1     11      1    365
  94      3    309     60    304
  95      3    169     60    304
  96      1    118      1    365
  97      1     14      1    365
  98      3     74     60    304
  99      3     69     60    304
 100      3     26     60    304
 101      1    156      1    365
 102      1    128      1    365
 103      1    174      1    365
 104      1     37      1    365
 105      3      7     60    304
 106      3    177     60    304
 107      3     97     60    304
 108      3    133     60    304
 109      3     58     60    304
 110      3      7     60    304
 111      3     36     60    304
 112      1     32     60    244
 113      5     11      1    365
 114      3     44     60    304
 115      3     43     60    304
 116      3     25     60    304
 117      5    245      1    365
 118      3     13     60    304
 119      3     91     60    304
 120      3      2     60    304
 121      3      1     60    304
 122      3    490     60    304
 123      3     59     60    304
 124      3    888     60    304
 125      3    195     60    304
 126      3     50     60    304
 127      3    461     60    304
 128      3    522     60    304
 129      3    472     60    304
 130      3    276     60    304
 131      5     79      1    365
 132      3    228     60    304
 133      3     75     60    304
 134      3     12     60    304
 135      3     79     60    304
 136      3     40     60    304
 137      5     37      1    196
 138      5     21      1    365
 139      3     16     60    304
 140      3    186     60    304
 141      3    105     60    304
 142      3    806     60    304
 143      3    441     60    304
 144      3    125     60    304
 145      3     13     60    304
 146      5     73      1    365
 147      3    630     60    304
 148      3    150     60    304
 149      3     25     60    304
 150      1     33      1    365
 151      1     85      1    365
 152      1     54      1    365
 153      3     18     60    304
 154      3     18     60    304
 155      5     49      1    365
 156      1    189      1    365
 157      1    198      1    365
 158      3    150     60    304
 159      5   2575      1    365
 160      5  10303      1    365
 161      5   3650      1    365
 162      1    871      1    365
 163      1    678      1    365
 164      5      5      1    365
 165      5     22      1    365
 166      1     63     91    258
 167      5      7     60    274
 168      5     80     32    244
 169      5     21      1    365
 170      5     35      1    365
 171      3     65     60    304
 172      5     75     32    244
 173      5     45      1    365
 174      5   7074      1    365
 175      1     42      1    365
 176      3     71     60    304
 177      3    129     60    304
 178      3     32     60    304
 179      3     32     60    304
 180      3     15     60    304
 181      5     30      1    365
 182      3   1407     60    304
 183      3    770     60    304
 184      3     26     60    304
 185      3     13     60    304
 186      3     33     60    304
 187      3     37     60    304
 188      3     34     60    304
 189      3   2656     60    304
 190      3    413     60    304
 191      3    141     60    304
 192      1    133     91    244
 193      1     19     91    244
 194      1     17      1    365
 195      3    164      1    365
 196      3     35     60    304
 197      3    334     60    304
 198      3    105     60    304
 199      5      3      1    365
 200      3    166     60    304
 201      5      9      1    365
 202      3     48     60    304
 203      5    166      1    365
 204      5     80      1    365
 205      5    259      1    365
 206      5     72      1    365
 207      5     70      1    365
 208      5     55      1    365
 209      3     28     60    304
 210      1     19     32    304
 211      5    154     91    161
 212      3    194     60    304
 213      3   1695     60    304
 214      3     24     60    304
 215      5     22     60    244
 216      1     22      1    365
 217      3    127     60    304
 218      5     25      1    365
 219      5     45      1    365
 220      3     46     60    304
 221      3    798      1    365
 222      5    248     60    244
 223      5     15      1    365
 224      5    223      1    365
 225      3    212     60    304
 226      3    107     60    304
 227      5    187      1    365
 228      5     30      1    365
 229      3     28     60    304
 230      3    490     60    304
 231      3    531     60    304
 232      3    315     60    304
 233      1     96      1    365
 234      3     27     60    273
 235      3    122     60    304
 236      5    170      1    365
 237      5    199      1    365
 238      3    834     60    304
 239      3    286     60    304
 240      3     66     60    304
 241      5     24      1    365
 242      5     44      1    365
 243      1    119      1    365
 244      1     86      1    365
 245      1     90      1    365
 246      1     74      1    365
 247      5    174     60    213
 248      5     30      1    365
 249      5    139     60    244
 250      5    918      1    365
 251      3    332     91    288
 252      5    795      1    365
 253      1     44      1    365
 254      3     37    105    273
 999      0      0      1    365
