   1      3     94     60    304
   2      3     97     60    304
   3      3     50     60    304
   4      3     19      1    365
   5      3   1287     60    304
   6      3   1722     60    304
   7      3   1605     60    304
   8      3     12      1    365
   9      3   3008     60    304
  10      3   2998     60    304
  11      3    479     60    304
  12      5    110      1    365
  13      5      6     60    182
  14      5     34     60    213
  15      5    110      1    365
  16      5     54     60    213
  17      5      3     91    365
  18      5    131     32    365
  19      5     33      1    365
  20      5    113     60    304
  21      5    140    121    244
  22      5    174     91    213
  23      5    538     60    274
  24      5     10     91    244
  25      5    205      1    258
  26      5    151     91    213
  27      5     11     91    244
  28      5     25     32    335
  29      5     48     60    244
  30      5    323     60    244
  31      1     30      1    365
  32      1     21      1    365
  33      1     46     60    213
  34      1     23     60    274
  35      1    100      1    365
  36      1     73      1    365
  37      1     12     60    244
  38      1     52      1    365
  39      1     20     32    244
  40      1     21      1    365
  41      1     70     32    244
  42      1     90     91    365
  43      1     43     60    365
  44      1     66     60    244
  45      1     83     91    244
  46      1     23     91    213
  47      1    100      1    274
  48      1      7     91    305
  49      1    118      1    258
  50      1     59     32    166
  51      1     32     60    166
  52      1     20      1    365
  53      1     30     60    293
  54      1     20     91    213
  55      1     45     60    152
  56      1    113     60    244
  57      1    174     60    304
  58      1     81     91    182
  59      1     78     60    182
  60      5     50      1    365
  61      5    240      1    365
  62      1    122      1    365
  63      5     94      1    365
  64      1      4      1    365
  65      1     27      1    365
  66      1     72      1    365
  67      1      5      1    365
  68      5    130      1    365
  69      5     45      1    365
  70      1     33      1    365
  71      1     36      1    365
  72      5     39      1    365
  73      1   2145      1    365
  74      3     45     60    304
  75      5     29      1    365
  76      1    106      1    365
  77      1    135      1    365
  78      1    232      1    365
  79      3     21     60    304
  80      1    242      1    365
  81      1    193      1    365
  82      3     30     60    304
  83      3      9     60    304
  84      5     16      1    365
  85      3     10     60    304
  86      3     19     60    304
  87      3     25     60    304
  88      3     18     60    304
  89      3     79     60    304
  90      3     53     60    304
  91      3    112     60    304
  92      1     44      1    365
  93      1      9      1    365
  94      3    252     60    304
  95      3    169     60    304
  96      1     45      1    365
  97      1      5      1    365
  98      3    129     60    304
  99      3    120     60    304
 100      3     24     60    304
 101      1    164      1    365
 102      1    135      1    365
 103      1    184      1    365
 104      1     31      1    365
 105      3     12     60    304
 106      3    145     60    304
 107      3     97     60    304
 108      3     61     60    304
 109      3     27     60    304
 110      3      7     60    304
 111      3     62     60    304
 112      1     26     60    244
 113      5     32      1    365
 114      3     76     60    304
 115      3     43     60    304
 116      3     44     60    304
 117      5    721      1    365
 118      3     10     60    304
 119      3     42     60    304
 120      3      2     60    304
 121      3      1     60    304
 122      3    224     60    304
 123      3     59     60    304
 124      3    820     60    304
 125      3    338     60    304
 126      3     23     60    304
 127      3    450     60    304
 128      3    482     60    304
 129      3    436     60    304
 130      3    479     60    304
 131      5     52      1    365
 132      3    187     60    304
 133      3     34     60    304
 134      3     12     60    304
 135      3     77     60    304
 136      3     40     60    304
 137      5     38      1    196
 138      5     21      1    365
 139      3     13     60    304
 140      3    172     60    304
 141      3     97     60    304
 142      3    658     60    304
 143      3    441     60    304
 144      3     57     60    304
 145      3     12     60    304
 146      5    215      1    365
 147      3    614     60    304
 148      3     68     60    304
 149      3     11     60    304
 150      1     13      1    365
 151      1     32      1    365
 152      1     45      1    365
 153      3     32     60    304
 154      3     18     60    304
 155      5     50      1    365
 156      1    158      1    365
 157      1     75      1    365
 158      3     68     60    304
 159      5   2628      1    365
 160      5  10518      1    365
 161      5   3726      1    365
 162      1    728      1    365
 163      1    715      1    365
 164      5      5      1    365
 165      5     65      1    365
 166      1     53     91    258
 167      5      7     60    274
 168      5     81     32    244
 169      5     21      1    365
 170      5     36      1    365
 171      3    113     60    304
 172      5     76     32    244
 173      5     29      1    365
 174      5   7221      1    365
 175      1     16      1    365
 176      3     58     60    304
 177      3    126     60    304
 178      3     56     60    304
 179      3     32     60    304
 180      3     26     60    304
 181      5     31      1    365
 182      3   1150     60    304
 183      3    770     60    304
 184      3     25     60    304
 185      3     13     60    304
 186      3     15     60    304
 187      3     30     60    304
 188      3     58     60    304
 189      3   2171     60    304
 190      3    337     60    304
 191      3    115     60    304
 192      1    111     91    244
 193      1     16     91    244
 194      1     14      1    365
 195      3    284      1    365
 196      3     60     60    304
 197      3    273     60    304
 198      3    102     60    304
 199      5      3      1    365
 200      3    162     60    304
 201      5     10      1    365
 202      3     46     60    304
 203      5    169      1    365
 204      5     81      1    365
 205      5    264      1    365
 206      5     74      1    365
 207      5     70      1    365
 208      5     56      1    365
 209      3     27     60    304
 210      1     16     32    304
 211      5    100     91    161
 212      3    189     60    304
 213      3   1653     60    304
 214      3     19     60    304
 215      5     22     60    244
 216      1     18      1    365
 217      3    124     60    304
 218      5     16      1    365
 219      5     29      1    365
 220      3     37     60    304
 221      3    736      1    365
 222      5    162     60    244
 223      5     10      1    365
 224      5    146      1    365
 225      3    207     60    304
 226      3    107     60    304
 227      5    191      1    365
 228      5     31      1    365
 229      3     27     60    304
 230      3    224     60    304
 231      3    921     60    304
 232      3    291     60    304
 233      1     80      1    365
 234      3     22     60    273
 235      3    211     60    304
 236      5   1778      1    365
 237      5    130      1    365
 238      3    769     60    304
 239      3    264     60    304
 240      3     61     60    304
 241      5     24      1    365
 242      5     45      1    365
 243      1    100      1    365
 244      1     72      1    365
 245      1     75      1    365
 246      1     74      1    365
 247      5    113     60    213
 248      5     19      1    365
 249      5     91     60    244
 250      5   1421      1    365
 251      3    152     91    288
 252      5    519      1    365
 253      1     37      1    365
 254      3     30    105    273
 999      0      0      1    365
