   1      3    101     60    304
   2      3     92     60    304
   3      3     50     60    304
   4      3     21      1    365
   5      3   1402     60    304
   6      3   1877     60    304
   7      3   1605     60    304
   8      3     11      1    365
   9      3   3277     60    304
  10      3   3267     60    304
  11      3    369     60    304
  12      5    110      1    365
  13      5      7     60    182
  14      5     34     60    213
  15      5    110      1    365
  16      5     58     60    213
  17      5      3     91    365
  18      5    131     32    365
  19      5     33      1    365
  20      5    122     60    304
  21      5    151    121    244
  22      5    147     91    213
  23      5    582     60    274
  24      5     10     91    244
  25      5    205      1    258
  26      5    163     91    213
  27      5     12     91    244
  28      5     25     32    335
  29      5     48     60    244
  30      5    349     60    244
  31      1     62      1    365
  32      1     45      1    365
  33      1     96     60    213
  34      1     49     60    274
  35      1    209      1    365
  36      1    154      1    365
  37      1     26     60    244
  38      1    109      1    365
  39      1     43     32    244
  40      1     45      1    365
  41      1    147     32    244
  42      1     92     91    365
  43      1     44     60    365
  44      1     68     60    244
  45      1     85     91    244
  46      1     24     91    213
  47      1    103      1    274
  48      1      7     91    305
  49      1    122      1    258
  50      1     61     32    166
  51      1     33     60    166
  52      1     20      1    365
  53      1     31     60    293
  54      1     20     91    213
  55      1     46     60    152
  56      1    116     60    244
  57      1     34     60    304
  58      1     83     91    182
  59      1    165     60    182
  60      5     50      1    365
  61      5    258      1    365
  62      1    256      1    365
  63      5    101      1    365
  64      1      4      1    365
  65      1     28      1    365
  66      1     74      1    365
  67      1     11      1    365
  68      5    139      1    365
  69      5     49      1    365
  70      1     68      1    365
  71      1     37      1    365
  72      5     42      1    365
  73      1    498      1    365
  74      3     48     60    304
  75      5     31      1    365
  76      1     20      1    365
  77      1     26      1    365
  78      1     45      1    365
  79      3     20     60    304
  80      1     47      1    365
  81      1     37      1    365
  82      3     32     60    304
  83      3     10     60    304
  84      5     17      1    365
  85      3      9     60    304
  86      3     18     60    304
  87      3     19     60    304
  88      3     19     60    304
  89      3     85     60    304
  90      3     53     60    304
  91      3    106     60    304
  92      1     92      1    365
  93      1     19      1    365
  94      3    271     60    304
  95      3    169     60    304
  96      1     46      1    365
  97      1      6      1    365
  98      3     99     60    304
  99      3     92     60    304
 100      3     26     60    304
 101      1     32      1    365
 102      1     26      1    365
 103      1     35      1    365
 104      1     64      1    365
 105      3      9     60    304
 106      3    156     60    304
 107      3     97     60    304
 108      3     81     60    304
 109      3     35     60    304
 110      3      7     60    304
 111      3     47     60    304
 112      1     56     60    244
 113      5     35      1    365
 114      3     58     60    304
 115      3     43     60    304
 116      3     34     60    304
 117      5    780      1    365
 118      3     11     60    304
 119      3     56     60    304
 120      3      2     60    304
 121      3      1     60    304
 122      3    299     60    304
 123      3     59     60    304
 124      3    893     60    304
 125      3    260     60    304
 126      3     30     60    304
 127      3    427     60    304
 128      3    525     60    304
 129      3    475     60    304
 130      3    369     60    304
 131      5     56      1    365
 132      3    201     60    304
 133      3     46     60    304
 134      3     11     60    304
 135      3     73     60    304
 136      3     40     60    304
 137      5     38      1    196
 138      5     21      1    365
 139      3     14     60    304
 140      3    187     60    304
 141      3    105     60    304
 142      3    708     60    304
 143      3    441     60    304
 144      3     76     60    304
 145      3     13     60    304
 146      5    233      1    365
 147      3    582     60    304
 148      3     91     60    304
 149      3     15     60    304
 150      1     13      1    365
 151      1     33      1    365
 152      1     94      1    365
 153      3     24     60    304
 154      3     18     60    304
 155      5     50      1    365
 156      1    331      1    365
 157      1     77      1    365
 158      3     91     60    304
 159      5   2628      1    365
 160      5  10519      1    365
 161      5   3726      1    365
 162      1   1528      1    365
 163      1    138      1    365
 164      5      5      1    365
 165      5     70      1    365
 166      1    111     91    258
 167      5      7     60    274
 168      5     81     32    244
 169      5     21      1    365
 170      5     36      1    365
 171      3     87     60    304
 172      5     76     32    244
 173      5     31      1    365
 174      5   7222      1    365
 175      1     17      1    365
 176      3     63     60    304
 177      3    119     60    304
 178      3     43     60    304
 179      3     32     60    304
 180      3     20     60    304
 181      5     31      1    365
 182      3   1236     60    304
 183      3    770     60    304
 184      3     24     60    304
 185      3     13     60    304
 186      3     20     60    304
 187      3     32     60    304
 188      3     45     60    304
 189      3   2333     60    304
 190      3    363     60    304
 191      3    124     60    304
 192      1    233     91    244
 193      1     34     91    244
 194      1     30      1    365
 195      3    218      1    365
 196      3     46     60    304
 197      3    294     60    304
 198      3     97     60    304
 199      5      3      1    365
 200      3    154     60    304
 201      5     10      1    365
 202      3     44     60    304
 203      5    169      1    365
 204      5     81      1    365
 205      5    264      1    365
 206      5     74      1    365
 207      5     70      1    365
 208      5     56      1    365
 209      3     26     60    304
 210      1     34     32    304
 211      5    108     91    161
 212      3    179     60    304
 213      3   1568     60    304
 214      3     21     60    304
 215      5     22     60    244
 216      1     38      1    365
 217      3    117     60    304
 218      5     17      1    365
 219      5     31      1    365
 220      3     40     60    304
 221      3    802      1    365
 222      5    174     60    244
 223      5     10      1    365
 224      5    157      1    365
 225      3    196     60    304
 226      3    107     60    304
 227      5    191      1    365
 228      5     31      1    365
 229      3     26     60    304
 230      3    299     60    304
 231      3    709     60    304
 232      3    317     60    304
 233      1    169      1    365
 234      3     24     60    273
 235      3    163     60    304
 236      5   1503      1    365
 237      5    139      1    365
 238      3    838     60    304
 239      3    288     60    304
 240      3     67     60    304
 241      5     24      1    365
 242      5     45      1    365
 243      1    209      1    365
 244      1    152      1    365
 245      1    158      1    365
 246      1     74      1    365
 247      5    122     60    213
 248      5     21      1    365
 249      5     97     60    244
 250      5   1333      1    365
 251      3    203     91    288
 252      5    557      1    365
 253      1     77      1    365
 254      3     32    105    273
 999      0      0      1    365
