   1      3    107     60    304
   2      3     71     60    304
   3      3     50     60    304
   4      3     22      1    365
   5      3   1392     60    304
   6      3   1863     60    304
   7      3   1605     60    304
   8      3      9      1    365
   9      3   3254     60    304
  10      3   3244     60    304
  11      3    389     60    304
  12      5    113      1    365
  13      5      3     60    182
  14      5     35     60    213
  15      5    113      1    365
  16      5     17     60    213
  17      5      2     91    365
  18      5    135     32    365
  19      5     34      1    365
  20      5     57     60    304
  21      5     44    121    244
  22      5    114     91    213
  23      5    171     60    274
  24      5      5     91    244
  25      5    211      1    258
  26      5     48     91    213
  27      5      3     91    244
  28      5     26     32    335
  29      5     49     60    244
  30      5    103     60    244
  31      1     74      1    365
  32      1     54      1    365
  33      1    115     60    213
  34      1     59     60    274
  35      1    250      1    365
  36      1    184      1    365
  37      1     31     60    244
  38      1    130      1    365
  39      1     51     32    244
  40      1     54      1    365
  41      1    176     32    244
  42      1    188     91    365
  43      1     90     60    365
  44      1    139     60    244
  45      1    173     91    244
  46      1     49     91    213
  47      1    211      1    274
  48      1     15     91    305
  49      1    248      1    258
  50      1    124     32    166
  51      1     68     60    166
  52      1     41      1    365
  53      1     64     60    293
  54      1     41     91    213
  55      1     94     60    152
  56      1    237     60    244
  57      1    175     60    304
  58      1    169     91    182
  59      1    197     60    182
  60      5     51      1    365
  61      5    120      1    365
  62      1    306      1    365
  63      5     47      1    365
  64      1      8      1    365
  65      1     56      1    365
  66      1    150      1    365
  67      1     13      1    365
  68      5     65      1    365
  69      5     23      1    365
  70      1     82      1    365
  71      1     75      1    365
  72      5     19      1    365
  73      1   1052      1    365
  74      3     51     60    304
  75      5     15      1    365
  76      1    107      1    365
  77      1    136      1    365
  78      1    233      1    365
  79      3     16     60    304
  80      1    243      1    365
  81      1    195      1    365
  82      3     34     60    304
  83      3     10     60    304
  84      5      8      1    365
  85      3      7     60    304
  86      3     14     60    304
  87      3     20     60    304
  88      3     20     60    304
  89      3     90     60    304
  90      3     53     60    304
  91      3     83     60    304
  92      1    110      1    365
  93      1     23      1    365
  94      3    287     60    304
  95      3    169     60    304
  96      1     94      1    365
  97      1     11      1    365
  98      3    104     60    304
  99      3     97     60    304
 100      3     26     60    304
 101      1    165      1    365
 102      1    136      1    365
 103      1    185      1    365
 104      1     77      1    365
 105      3     10     60    304
 106      3    165     60    304
 107      3     97     60    304
 108      3     51     60    304
 109      3     22     60    304
 110      3      7     60    304
 111      3     50     60    304
 112      1     66     60    244
 113      5     10      1    365
 114      3     61     60    304
 115      3     43     60    304
 116      3     36     60    304
 117      5    229      1    365
 118      3     12     60    304
 119      3     35     60    304
 120      3      1     60    304
 121      3      1     60    304
 122      3    188     60    304
 123      3     59     60    304
 124      3    887     60    304
 125      3    274     60    304
 126      3     19     60    304
 127      3    332     60    304
 128      3    521     60    304
 129      3    471     60    304
 130      3    389     60    304
 131      5     26      1    365
 132      3    213     60    304
 133      3     29     60    304
 134      3      9     60    304
 135      3     57     60    304
 136      3     40     60    304
 137      5     39      1    196
 138      5     22      1    365
 139      3     15     60    304
 140      3    186     60    304
 141      3    104     60    304
 142      3    750     60    304
 143      3    441     60    304
 144      3     48     60    304
 145      3     13     60    304
 146      5     68      1    365
 147      3    453     60    304
 148      3     57     60    304
 149      3     10     60    304
 150      1     26      1    365
 151      1     68      1    365
 152      1    112      1    365
 153      3     26     60    304
 154      3     18     60    304
 155      5     51      1    365
 156      1    396      1    365
 157      1    158      1    365
 158      3     57     60    304
 159      5   2709      1    365
 160      5  10842      1    365
 161      5   3840      1    365
 162      1   1826      1    365
 163      1    720      1    365
 164      5      5      1    365
 165      5     21      1    365
 166      1    133     91    258
 167      5      8     60    274
 168      5     84     32    244
 169      5     22      1    365
 170      5     37      1    365
 171      3     91     60    304
 172      5     78     32    244
 173      5     15      1    365
 174      5   7443      1    365
 175      1     34      1    365
 176      3     66     60    304
 177      3     93     60    304
 178      3     46     60    304
 179      3     32     60    304
 180      3     21     60    304
 181      5     32      1    365
 182      3   1309     60    304
 183      3    770     60    304
 184      3     19     60    304
 185      3     13     60    304
 186      3     13     60    304
 187      3     34     60    304
 188      3     47     60    304
 189      3   2472     60    304
 190      3    384     60    304
 191      3    131     60    304
 192      1    278     91    244
 193      1     41     91    244
 194      1     36      1    365
 195      3    230      1    365
 196      3     49     60    304
 197      3    311     60    304
 198      3     76     60    304
 199      5      3      1    365
 200      3    120     60    304
 201      5     10      1    365
 202      3     34     60    304
 203      5    174      1    365
 204      5     84      1    365
 205      5    272      1    365
 206      5     76      1    365
 207      5     70      1    365
 208      5     58      1    365
 209      3     20     60    304
 210      1     41     32    304
 211      5     50     91    161
 212      3    140     60    304
 213      3   1220     60    304
 214      3     22     60    304
 215      5     23     60    244
 216      1     46      1    365
 217      3     91     60    304
 218      5      8      1    365
 219      5     15      1    365
 220      3     43     60    304
 221      3    796      1    365
 222      5     81     60    244
 223      5      5      1    365
 224      5     73      1    365
 225      3    153     60    304
 226      3    107     60    304
 227      5    197      1    365
 228      5     32      1    365
 229      3     20     60    304
 230      3    188     60    304
 231      3    747     60    304
 232      3    315     60    304
 233      1    202      1    365
 234      3     26     60    273
 235      3    171     60    304
 236      5   1161      1    365
 237      5     65      1    365
 238      3    832     60    304
 239      3    286     60    304
 240      3     66     60    304
 241      5     25      1    365
 242      5     47      1    365
 243      1    250      1    365
 244      1    181      1    365
 245      1    189      1    365
 246      1     74      1    365
 247      5     57     60    213
 248      5     10      1    365
 249      5     45     60    244
 250      5     87      1    365
 251      3    128     91    288
 252      5    259      1    365
 253      1     92      1    365
 254      3     34    105    273
 999      0      0      1    365
