   1      3     93     60    304
   2      3     77     60    304
   3      3     50     60    304
   4      3     19      1    365
   5      3   1310     60    304
   6      3   1754     60    304
   7      3   1605     60    304
   8      3      9      1    365
   9      3   3063     60    304
  10      3   3053     60    304
  11      3    330     60    304
  12      5    106      1    365
  13      5      5     60    182
  14      5     33     60    213
  15      5    106      1    365
  16      5     45     60    213
  17      5      2     91    365
  18      5    127     32    365
  19      5     32      1    365
  20      5     80     60    304
  21      5    118    121    244
  22      5     84     91    213
  23      5    455     60    274
  24      5      7     91    244
  25      5    198      1    258
  26      5    127     91    213
  27      5      9     91    244
  28      5     25     32    335
  29      5     46     60    244
  30      5    273     60    244
  31      1     51      1    365
  32      1     37      1    365
  33      1     78     60    213
  34      1     40     60    274
  35      1    171      1    365
  36      1    126      1    365
  37      1     21     60    244
  38      1     89      1    365
  39      1     35     32    244
  40      1     37      1    365
  41      1    120     32    244
  42      1    263     91    365
  43      1    126     60    365
  44      1    194     60    244
  45      1    242     91    244
  46      1     68     91    213
  47      1    294      1    274
  48      1     21     91    305
  49      1    347      1    258
  50      1    173     32    166
  51      1     95     60    166
  52      1     58      1    365
  53      1     89     60    293
  54      1     58     91    213
  55      1    131     60    152
  56      1    331     60    244
  57      1    167     60    304
  58      1    236     91    182
  59      1    134     60    182
  60      5     48      1    365
  61      5    170      1    365
  62      1    209      1    365
  63      5     67      1    365
  64      1     11      1    365
  65      1     79      1    365
  66      1    210      1    365
  67      1      9      1    365
  68      5     92      1    365
  69      5     32      1    365
  70      1     56      1    365
  71      1    105      1    365
  72      5     28      1    365
  73      1   2178      1    365
  74      3     44     60    304
  75      5     21      1    365
  76      1    102      1    365
  77      1    130      1    365
  78      1    223      1    365
  79      3     17     60    304
  80      1    233      1    365
  81      1    186      1    365
  82      3     30     60    304
  83      3      9     60    304
  84      5     11      1    365
  85      3      8     60    304
  86      3     15     60    304
  87      3     17     60    304
  88      3     18     60    304
  89      3     78     60    304
  90      3     53     60    304
  91      3     89     60    304
  92      1     75      1    365
  93      1     16      1    365
  94      3    250     60    304
  95      3    169     60    304
  96      1    131      1    365
  97      1     16      1    365
  98      3     89     60    304
  99      3     83     60    304
 100      3     24     60    304
 101      1    158      1    365
 102      1    130      1    365
 103      1    177      1    365
 104      1     52      1    365
 105      3      8     60    304
 106      3    144     60    304
 107      3     97     60    304
 108      3    145     60    304
 109      3     63     60    304
 110      3      7     60    304
 111      3     42     60    304
 112      1     45     60    244
 113      5     27      1    365
 114      3     52     60    304
 115      3     43     60    304
 116      3     30     60    304
 117      5    610      1    365
 118      3     10     60    304
 119      3    100     60    304
 120      3      2     60    304
 121      3      1     60    304
 122      3    534     60    304
 123      3     59     60    304
 124      3    835     60    304
 125      3    233     60    304
 126      3     54     60    304
 127      3    359     60    304
 128      3    491     60    304
 129      3    444     60    304
 130      3    330     60    304
 131      5     37      1    365
 132      3    185     60    304
 133      3     82     60    304
 134      3      9     60    304
 135      3     62     60    304
 136      3     40     60    304
 137      5     37      1    196
 138      5     20      1    365
 139      3     13     60    304
 140      3    175     60    304
 141      3     98     60    304
 142      3    653     60    304
 143      3    441     60    304
 144      3    136     60    304
 145      3     12     60    304
 146      5    182      1    365
 147      3    490     60    304
 148      3    163     60    304
 149      3     27     60    304
 150      1     37      1    365
 151      1     95      1    365
 152      1     77      1    365
 153      3     22     60    304
 154      3     18     60    304
 155      5     48      1    365
 156      1    270      1    365
 157      1    221      1    365
 158      3    163     60    304
 159      5   2541      1    365
 160      5  10169      1    365
 161      5   3602      1    365
 162      1   1247      1    365
 163      1    688      1    365
 164      5      5      1    365
 165      5     55      1    365
 166      1     91     91    258
 167      5      7     60    274
 168      5     79     32    244
 169      5     20      1    365
 170      5     35      1    365
 171      3     78     60    304
 172      5     74     32    244
 173      5     21      1    365
 174      5   6982      1    365
 175      1     47      1    365
 176      3     58     60    304
 177      3    100     60    304
 178      3     39     60    304
 179      3     32     60    304
 180      3     18     60    304
 181      5     30      1    365
 182      3   1140     60    304
 183      3    770     60    304
 184      3     20     60    304
 185      3     13     60    304
 186      3     36     60    304
 187      3     30     60    304
 188      3     40     60    304
 189      3   2152     60    304
 190      3    334     60    304
 191      3    114     60    304
 192      1    190     91    244
 193      1     28     91    244
 194      1     24      1    365
 195      3    195      1    365
 196      3     41     60    304
 197      3    271     60    304
 198      3     82     60    304
 199      5      3      1    365
 200      3    129     60    304
 201      5      9      1    365
 202      3     37     60    304
 203      5    163      1    365
 204      5     79      1    365
 205      5    255      1    365
 206      5     71      1    365
 207      5     70      1    365
 208      5     54      1    365
 209      3     22     60    304
 210      1     28     32    304
 211      5     71     91    161
 212      3    151     60    304
 213      3   1319     60    304
 214      3     19     60    304
 215      5     21     60    244
 216      1     31      1    365
 217      3     99     60    304
 218      5     11      1    365
 219      5     21      1    365
 220      3     37     60    304
 221      3    750      1    365
 222      5    115     60    244
 223      5      7      1    365
 224      5    103      1    365
 225      3    165     60    304
 226      3    107     60    304
 227      5    185      1    365
 228      5     30      1    365
 229      3     22     60    304
 230      3    534     60    304
 231      3    635     60    304
 232      3    296     60    304
 233      1    138      1    365
 234      3     22     60    273
 235      3    146     60    304
 236      5    854      1    365
 237      5     92      1    365
 238      3    783     60    304
 239      3    269     60    304
 240      3     62     60    304
 241      5     23      1    365
 242      5     44      1    365
 243      1    171      1    365
 244      1    124      1    365
 245      1    129      1    365
 246      1     74      1    365
 247      5     80     60    213
 248      5     14      1    365
 249      5     64     60    244
 250      5    581      1    365
 251      3    362     91    288
 252      5    367      1    365
 253      1     63      1    365
 254      3     30    105    273
 999      0      0      1    365
