   1      3     72     60    304
   2      3    113     60    304
   3      3     50     60    304
   4      3     15      1    365
   5      3   1329     60    304
   6      3   1779     60    304
   7      3   1605     60    304
   8      3     14      1    365
   9      3   3107     60    304
  10      3   3097     60    304
  11      3    504     60    304
  12      5    110      1    365
  13      5      5     60    182
  14      5     34     60    213
  15      5    110      1    365
  16      5     31     60    213
  17      5      2     91    365
  18      5    131     32    365
  19      5     33      1    365
  20      5     82     60    304
  21      5     80    121    244
  22      5    143     91    213
  23      5    307     60    274
  24      5      7     91    244
  25      5    205      1    258
  26      5     86     91    213
  27      5      6     91    244
  28      5     25     32    335
  29      5     47     60    244
  30      5    184     60    244
  31      1     53      1    365
  32      1     39      1    365
  33      1     83     60    213
  34      1     42     60    274
  35      1    180      1    365
  36      1    133      1    365
  37      1     22     60    244
  38      1     94      1    365
  39      1     37     32    244
  40      1     39      1    365
  41      1    127     32    244
  42      1    241     91    365
  43      1    115     60    365
  44      1    178     60    244
  45      1    221     91    244
  46      1     63     91    213
  47      1    269      1    274
  48      1     19     91    305
  49      1    318      1    258
  50      1    159     32    166
  51      1     87     60    166
  52      1     53      1    365
  53      1     82     60    293
  54      1     53     91    213
  55      1    120     60    152
  56      1    303     60    244
  57      1     26     60    304
  58      1    216     91    182
  59      1    142     60    182
  60      5     50      1    365
  61      5    174      1    365
  62      1    221      1    365
  63      5     68      1    365
  64      1     10      1    365
  65      1     72      1    365
  66      1    192      1    365
  67      1      9      1    365
  68      5     94      1    365
  69      5     33      1    365
  70      1     59      1    365
  71      1     96      1    365
  72      5     28      1    365
  73      1   3145      1    365
  74      3     34     60    304
  75      5     21      1    365
  76      1     16      1    365
  77      1     20      1    365
  78      1     35      1    365
  79      3     25     60    304
  80      1     36      1    365
  81      1     29      1    365
  82      3     23     60    304
  83      3      7     60    304
  84      5     12      1    365
  85      3     11     60    304
  86      3     23     60    304
  87      3     26     60    304
  88      3     14     60    304
  89      3     61     60    304
  90      3     53     60    304
  91      3    131     60    304
  92      1     79      1    365
  93      1     17      1    365
  94      3    193     60    304
  95      3    169     60    304
  96      1    120      1    365
  97      1     14      1    365
  98      3    135     60    304
  99      3    126     60    304
 100      3     24     60    304
 101      1     24      1    365
 102      1     20      1    365
 103      1     27      1    365
 104      1     55      1    365
 105      3     13     60    304
 106      3    111     60    304
 107      3     97     60    304
 108      3     42     60    304
 109      3     18     60    304
 110      3      7     60    304
 111      3     65     60    304
 112      1     48     60    244
 113      5     18      1    365
 114      3     80     60    304
 115      3     43     60    304
 116      3     46     60    304
 117      5    411      1    365
 118      3      8     60    304
 119      3     29     60    304
 120      3      2     60    304
 121      3      1     60    304
 122      3    156     60    304
 123      3     59     60    304
 124      3    847     60    304
 125      3    355     60    304
 126      3     16     60    304
 127      3    525     60    304
 128      3    498     60    304
 129      3    450     60    304
 130      3    504     60    304
 131      5     38      1    365
 132      3    143     60    304
 133      3     24     60    304
 134      3     14     60    304
 135      3     90     60    304
 136      3     40     60    304
 137      5     38      1    196
 138      5     21      1    365
 139      3     10     60    304
 140      3    177     60    304
 141      3    100     60    304
 142      3    504     60    304
 143      3    441     60    304
 144      3     40     60    304
 145      3     12     60    304
 146      5    123      1    365
 147      3    716     60    304
 148      3     47     60    304
 149      3      8     60    304
 150      1     34      1    365
 151      1     87      1    365
 152      1     81      1    365
 153      3     33     60    304
 154      3     18     60    304
 155      5     50      1    365
 156      1    285      1    365
 157      1    202      1    365
 158      3     47     60    304
 159      5   2623      1    365
 160      5  10499      1    365
 161      5   3719      1    365
 162      1   1317      1    365
 163      1    107      1    365
 164      5      5      1    365
 165      5     37      1    365
 166      1     96     91    258
 167      5      7     60    274
 168      5     81     32    244
 169      5     21      1    365
 170      5     36      1    365
 171      3    118     60    304
 172      5     76     32    244
 173      5     21      1    365
 174      5   7208      1    365
 175      1     43      1    365
 176      3     45     60    304
 177      3    146     60    304
 178      3     59     60    304
 179      3     32     60    304
 180      3     28     60    304
 181      5     31      1    365
 182      3    880     60    304
 183      3    770     60    304
 184      3     29     60    304
 185      3     13     60    304
 186      3     11     60    304
 187      3     23     60    304
 188      3     61     60    304
 189      3   1662     60    304
 190      3    258     60    304
 191      3     88     60    304
 192      1    201     91    244
 193      1     29     91    244
 194      1     26      1    365
 195      3    298      1    365
 196      3     63     60    304
 197      3    209     60    304
 198      3    119     60    304
 199      5      3      1    365
 200      3    189     60    304
 201      5      9      1    365
 202      3     54     60    304
 203      5    169      1    365
 204      5     81      1    365
 205      5    264      1    365
 206      5     74      1    365
 207      5     70      1    365
 208      5     56      1    365
 209      3     32     60    304
 210      1     29     32    304
 211      5     73     91    161
 212      3    221     60    304
 213      3   1928     60    304
 214      3     15     60    304
 215      5     22     60    244
 216      1     33      1    365
 217      3    144     60    304
 218      5     12      1    365
 219      5     21      1    365
 220      3     29     60    304
 221      3    760      1    365
 222      5    118     60    244
 223      5      7      1    365
 224      5    106      1    365
 225      3    241     60    304
 226      3    107     60    304
 227      5    191      1    365
 228      5     31      1    365
 229      3     32     60    304
 230      3    156     60    304
 231      3    968     60    304
 232      3    300     60    304
 233      1    146      1    365
 234      3     17     60    273
 235      3    222     60    304
 236      5   1458      1    365
 237      5     94      1    365
 238      3    795     60    304
 239      3    273     60    304
 240      3     63     60    304
 241      5     24      1    365
 242      5     45      1    365
 243      1    180      1    365
 244      1    131      1    365
 245      1    136      1    365
 246      1     74      1    365
 247      5     82     60    213
 248      5     14      1    365
 249      5     66     60    244
 250      5    676      1    365
 251      3    105     91    288
 252      5    377      1    365
 253      1     66      1    365
 254      3     23    105    273
 999      0      0      1    365
