   1      3     74     60    304
   2      3     67     60    304
   3      3     50     60    304
   4      3     15      1    365
   5      3   1462     60    304
   6      3   1957     60    304
   7      3   1605     60    304
   8      3      8      1    365
   9      3   3418     60    304
  10      3   3407     60    304
  11      3    340     60    304
  12      5    104      1    365
  13      5      7     60    182
  14      5     32     60    213
  15      5    104      1    365
  16      5     10     60    213
  17      5      4     91    365
  18      5    124     32    365
  19      5     31      1    365
  20      5    131     60    304
  21      5     27    121    244
  22      5    227     91    213
  23      5    105     60    274
  24      5     11     91    244
  25      5    194      1    258
  26      5     29     91    213
  27      5      2     91    244
  28      5     24     32    335
  29      5     45     60    244
  30      5     63     60    244
  31      1     48      1    365
  32      1     34      1    365
  33      1     74     60    213
  34      1     38     60    274
  35      1    161      1    365
  36      1    118      1    365
  37      1     20     60    244
  38      1     84      1    365
  39      1     33     32    244
  40      1     34      1    365
  41      1    113     32    244
  42      1    252     91    365
  43      1    121     60    365
  44      1    187     60    244
  45      1    232     91    244
  46      1     66     91    213
  47      1    283      1    274
  48      1     20     91    305
  49      1    333      1    258
  50      1    167     32    166
  51      1     91     60    166
  52      1     56      1    365
  53      1     86     60    293
  54      1     56     91    213
  55      1    126     60    152
  56      1    318     60    244
  57      1    176     60    304
  58      1    227     91    182
  59      1    126     60    182
  60      5     47      1    365
  61      5    277      1    365
  62      1    197      1    365
  63      5    109      1    365
  64      1     10      1    365
  65      1     76      1    365
  66      1    202      1    365
  67      1      8      1    365
  68      5    150      1    365
  69      5     52      1    365
  70      1     52      1    365
  71      1    101      1    365
  72      5     45      1    365
  73      1   1129      1    365
  74      3     35     60    304
  75      5     34      1    365
  76      1    107      1    365
  77      1    137      1    365
  78      1    234      1    365
  79      3     15     60    304
  80      1    244      1    365
  81      1    195      1    365
  82      3     23     60    304
  83      3      7     60    304
  84      5     19      1    365
  85      3      7     60    304
  86      3     13     60    304
  87      3     17     60    304
  88      3     14     60    304
  89      3     62     60    304
  90      3     53     60    304
  91      3     77     60    304
  92      1     71      1    365
  93      1     15      1    365
  94      3    198     60    304
  95      3    169     60    304
  96      1    126      1    365
  97      1     15      1    365
  98      3     91     60    304
  99      3     85     60    304
 100      3     27     60    304
 101      1    166      1    365
 102      1    137      1    365
 103      1    186      1    365
 104      1     49      1    365
 105      3      9     60    304
 106      3    113     60    304
 107      3     97     60    304
 108      3    153     60    304
 109      3     67     60    304
 110      3      7     60    304
 111      3     44     60    304
 112      1     43     60    244
 113      5      6      1    365
 114      3     54     60    304
 115      3     43     60    304
 116      3     31     60    304
 117      5    140      1    365
 118      3      8     60    304
 119      3    105     60    304
 120      3      1     60    304
 121      3      1     60    304
 122      3    564     60    304
 123      3     59     60    304
 124      3    932     60    304
 125      3    240     60    304
 126      3     57     60    304
 127      3    311     60    304
 128      3    548     60    304
 129      3    495     60    304
 130      3    340     60    304
 131      5     60      1    365
 132      3    146     60    304
 133      3     86     60    304
 134      3      8     60    304
 135      3     53     60    304
 136      3     40     60    304
 137      5     36      1    196
 138      5     20      1    365
 139      3     11     60    304
 140      3    195     60    304
 141      3    110     60    304
 142      3    515     60    304
 143      3    441     60    304
 144      3    143     60    304
 145      3     13     60    304
 146      5     42      1    365
 147      3    425     60    304
 148      3    172     60    304
 149      3     29     60    304
 150      1     35      1    365
 151      1     91      1    365
 152      1     72      1    365
 153      3     22     60    304
 154      3     18     60    304
 155      5     47      1    365
 156      1    254      1    365
 157      1    212      1    365
 158      3    172     60    304
 159      5   2494      1    365
 160      5   9981      1    365
 161      5   3535      1    365
 162      1   1172      1    365
 163      1    723      1    365
 164      5      5      1    365
 165      5     13      1    365
 166      1     85     91    258
 167      5      7     60    274
 168      5     77     32    244
 169      5     20      1    365
 170      5     34      1    365
 171      3     80     60    304
 172      5     72     32    244
 173      5     34      1    365
 174      5   6852      1    365
 175      1     45      1    365
 176      3     46     60    304
 177      3     87     60    304
 178      3     40     60    304
 179      3     32     60    304
 180      3     19     60    304
 181      5     29      1    365
 182      3    900     60    304
 183      3    770     60    304
 184      3     17     60    304
 185      3     13     60    304
 186      3     38     60    304
 187      3     23     60    304
 188      3     41     60    304
 189      3   1699     60    304
 190      3    264     60    304
 191      3     90     60    304
 192      1    179     91    244
 193      1     26     91    244
 194      1     23      1    365
 195      3    201      1    365
 196      3     42     60    304
 197      3    214     60    304
 198      3     71     60    304
 199      5      3      1    365
 200      3    112     60    304
 201      5      9      1    365
 202      3     32     60    304
 203      5    160      1    365
 204      5     77      1    365
 205      5    251      1    365
 206      5     70      1    365
 207      5     70      1    365
 208      5     53      1    365
 209      3     19     60    304
 210      1     26     32    304
 211      5    116     91    161
 212      3    131     60    304
 213      3   1144     60    304
 214      3     15     60    304
 215      5     21     60    244
 216      1     30      1    365
 217      3     86     60    304
 218      5     19      1    365
 219      5     34      1    365
 220      3     29     60    304
 221      3    837      1    365
 222      5    187     60    244
 223      5     11      1    365
 224      5    168      1    365
 225      3    143     60    304
 226      3    107     60    304
 227      5    181      1    365
 228      5     29      1    365
 229      3     19     60    304
 230      3    564     60    304
 231      3    653     60    304
 232      3    330     60    304
 233      1    130      1    365
 234      3     18     60    273
 235      3    150     60    304
 236      5   2320      1    365
 237      5    150      1    365
 238      3    874     60    304
 239      3    300     60    304
 240      3     70     60    304
 241      5     23      1    365
 242      5     43      1    365
 243      1    161      1    365
 244      1    116      1    365
 245      1    121      1    365
 246      1     74      1    365
 247      5    131     60    213
 248      5     22      1    365
 249      5    105     60    244
 250      5   1157      1    365
 251      3    382     91    288
 252      5    599      1    365
 253      1     59      1    365
 254      3     23    105    273
 999      0      0      1    365
