   1      3     71     60    304
   2      3     64     60    304
   3      3     50     60    304
   4      3     15      1    365
   5      3   1303     60    304
   6      3   1744     60    304
   7      3   1605     60    304
   8      3      8      1    365
   9      3   3047     60    304
  10      3   3037     60    304
  11      3    379     60    304
  12      5    112      1    365
  13      5      3     60    182
  14      5     34     60    213
  15      5    112      1    365
  16      5     78     60    213
  17      5      1     91    365
  18      5    133     32    365
  19      5     33      1    365
  20      5     50     60    304
  21      5    202    121    244
  22      5     74     91    213
  23      5    776     60    274
  24      5      4     91    244
  25      5    208      1    258
  26      5    217     91    213
  27      5     16     91    244
  28      5     26     32    335
  29      5     48     60    244
  30      5    466     60    244
  31      1     47      1    365
  32      1     34      1    365
  33      1     73     60    213
  34      1     37     60    274
  35      1    158      1    365
  36      1    116      1    365
  37      1     19     60    244
  38      1     82      1    365
  39      1     32     32    244
  40      1     34      1    365
  41      1    111     32    244
  42      1    209     91    365
  43      1    101     60    365
  44      1    155     60    244
  45      1    193     91    244
  46      1     54     91    213
  47      1    235      1    274
  48      1     17     91    305
  49      1    277      1    258
  50      1    138     32    166
  51      1     75     60    166
  52      1     46      1    365
  53      1     71     60    293
  54      1     46     91    213
  55      1    105     60    152
  56      1    264     60    244
  57      1    111     60    304
  58      1    189     91    182
  59      1    124     60    182
  60      5     50      1    365
  61      5    105      1    365
  62      1    194      1    365
  63      5     41      1    365
  64      1      8      1    365
  65      1     63      1    365
  66      1    168      1    365
  67      1      8      1    365
  68      5     57      1    365
  69      5     20      1    365
  70      1     52      1    365
  71      1     84      1    365
  72      5     17      1    365
  73      1   1923      1    365
  74      3     34     60    304
  75      5     13      1    365
  76      1     68      1    365
  77      1     86      1    365
  78      1    148      1    365
  79      3     14     60    304
  80      1    154      1    365
  81      1    124      1    365
  82      3     23     60    304
  83      3      7     60    304
  84      5      7      1    365
  85      3      6     60    304
  86      3     13     60    304
  87      3     20     60    304
  88      3     14     60    304
  89      3     60     60    304
  90      3     53     60    304
  91      3     74     60    304
  92      1     69      1    365
  93      1     15      1    365
  94      3    191     60    304
  95      3    169     60    304
  96      1    105      1    365
  97      1     13      1    365
  98      3    102     60    304
  99      3     95     60    304
 100      3     24     60    304
 101      1    105      1    365
 102      1     86      1    365
 103      1    117      1    365
 104      1     48      1    365
 105      3     10     60    304
 106      3    110     60    304
 107      3     97     60    304
 108      3    230     60    304
 109      3    101     60    304
 110      3      7     60    304
 111      3     49     60    304
 112      1     42     60    244
 113      5     47      1    365
 114      3     60     60    304
 115      3     43     60    304
 116      3     35     60    304
 117      5   1040      1    365
 118      3      8     60    304
 119      3    158     60    304
 120      3      1     60    304
 121      3      1     60    304
 122      3    847     60    304
 123      3     59     60    304
 124      3    830     60    304
 125      3    268     60    304
 126      3     86     60    304
 127      3    299     60    304
 128      3    488     60    304
 129      3    441     60    304
 130      3    379     60    304
 131      5     23      1    365
 132      3    141     60    304
 133      3    129     60    304
 134      3      8     60    304
 135      3     51     60    304
 136      3     40     60    304
 137      5     39      1    196
 138      5     21      1    365
 139      3     10     60    304
 140      3    174     60    304
 141      3     98     60    304
 142      3    498     60    304
 143      3    441     60    304
 144      3    215     60    304
 145      3     12     60    304
 146      5    311      1    365
 147      3    408     60    304
 148      3    258     60    304
 149      3     43     60    304
 150      1     29      1    365
 151      1     75      1    365
 152      1     71      1    365
 153      3     25     60    304
 154      3     18     60    304
 155      5     50      1    365
 156      1    250      1    365
 157      1    176      1    365
 158      3    258     60    304
 159      5   2672      1    365
 160      5  10695      1    365
 161      5   3788      1    365
 162      1   1154      1    365
 163      1    457      1    365
 164      5      5      1    365
 165      5     93      1    365
 166      1     84     91    258
 167      5      8     60    274
 168      5     83     32    244
 169      5     21      1    365
 170      5     37      1    365
 171      3     89     60    304
 172      5     77     32    244
 173      5     13      1    365
 174      5   7343      1    365
 175      1     38      1    365
 176      3     44     60    304
 177      3     83     60    304
 178      3     45     60    304
 179      3     32     60    304
 180      3     21     60    304
 181      5     31      1    365
 182      3    870     60    304
 183      3    770     60    304
 184      3     17     60    304
 185      3     13     60    304
 186      3     57     60    304
 187      3     23     60    304
 188      3     46     60    304
 189      3   1642     60    304
 190      3    255     60    304
 191      3     87     60    304
 192      1    176     91    244
 193      1     26     91    244
 194      1     23      1    365
 195      3    224      1    365
 196      3     47     60    304
 197      3    207     60    304
 198      3     68     60    304
 199      5      3      1    365
 200      3    108     60    304
 201      5     10      1    365
 202      3     31     60    304
 203      5    172      1    365
 204      5     83      1    365
 205      5    269      1    365
 206      5     75      1    365
 207      5     70      1    365
 208      5     57      1    365
 209      3     18     60    304
 210      1     26     32    304
 211      5     44     91    161
 212      3    126     60    304
 213      3   1097     60    304
 214      3     15     60    304
 215      5     23     60    244
 216      1     29      1    365
 217      3     82     60    304
 218      5      7      1    365
 219      5     13      1    365
 220      3     28     60    304
 221      3    746      1    365
 222      5     71     60    244
 223      5      4      1    365
 224      5     64      1    365
 225      3    137     60    304
 226      3    107     60    304
 227      5    194      1    365
 228      5     31      1    365
 229      3     18     60    304
 230      3    847     60    304
 231      3    729     60    304
 232      3    295     60    304
 233      1    127      1    365
 234      3     17     60    273
 235      3    167     60    304
 236      5    755      1    365
 237      5     57      1    365
 238      3    779     60    304
 239      3    267     60    304
 240      3     62     60    304
 241      5     25      1    365
 242      5     46      1    365
 243      1    158      1    365
 244      1    115      1    365
 245      1    119      1    365
 246      1     74      1    365
 247      5     50     60    213
 248      5      8      1    365
 249      5     40     60    244
 250      5    877      1    365
 251      3    574     91    288
 252      5    226      1    365
 253      1     58      1    365
 254      3     23    105    273
 999      0      0      1    365
