   1      3     69     60    304
   2      3    105     60    304
   3      3     50     60    304
   4      3     14      1    365
   5      3   1264     60    304
   6      3   1692     60    304
   7      3   1605     60    304
   8      3     13      1    365
   9      3   2955     60    304
  10      3   2946     60    304
  11      3    585     60    304
  12      5    110      1    365
  13      5      2     60    182
  14      5     34     60    213
  15      5    110      1    365
  16      5     50     60    213
  17      5      1     91    365
  18      5    131     32    365
  19      5     33      1    365
  20      5     39     60    304
  21      5    130    121    244
  22      5    123     91    213
  23      5    499     60    274
  24      5      3     91    244
  25      5    206      1    258
  26      5    140     91    213
  27      5     10     91    244
  28      5     25     32    335
  29      5     48     60    244
  30      5    299     60    244
  31      1     50      1    365
  32      1     37      1    365
  33      1     78     60    213
  34      1     40     60    274
  35      1    171      1    365
  36      1    125      1    365
  37      1     21     60    244
  38      1     89      1    365
  39      1     35     32    244
  40      1     37      1    365
  41      1    120     32    244
  42      1    193     91    365
  43      1     93     60    365
  44      1    143     60    244
  45      1    177     91    244
  46      1     50     91    213
  47      1    216      1    274
  48      1     15     91    305
  49      1    254      1    258
  50      1    127     32    166
  51      1     69     60    166
  52      1     42      1    365
  53      1     66     60    293
  54      1     42     91    213
  55      1     96     60    152
  56      1    243     60    244
  57      1     26     60    304
  58      1    174     91    182
  59      1    134     60    182
  60      5     50      1    365
  61      5     83      1    365
  62      1    209      1    365
  63      5     33      1    365
  64      1      8      1    365
  65      1     58      1    365
  66      1    154      1    365
  67      1      9      1    365
  68      5     45      1    365
  69      5     16      1    365
  70      1     56      1    365
  71      1     77      1    365
  72      5     13      1    365
  73      1   2208      1    365
  74      3     33     60    304
  75      5     10      1    365
  76      1     16      1    365
  77      1     20      1    365
  78      1     35      1    365
  79      3     23     60    304
  80      1     36      1    365
  81      1     29      1    365
  82      3     22     60    304
  83      3      7     60    304
  84      5      6      1    365
  85      3     11     60    304
  86      3     21     60    304
  87      3     30     60    304
  88      3     13     60    304
  89      3     58     60    304
  90      3     53     60    304
  91      3    122     60    304
  92      1     75      1    365
  93      1     16      1    365
  94      3    185     60    304
  95      3    169     60    304
  96      1     96      1    365
  97      1     12      1    365
  98      3    157     60    304
  99      3    146     60    304
 100      3     23     60    304
 101      1     25      1    365
 102      1     20      1    365
 103      1     27      1    365
 104      1     52      1    365
 105      3     15     60    304
 106      3    106     60    304
 107      3     97     60    304
 108      3    131     60    304
 109      3     57     60    304
 110      3      7     60    304
 111      3     75     60    304
 112      1     45     60    244
 113      5     30      1    365
 114      3     92     60    304
 115      3     43     60    304
 116      3     54     60    304
 117      5    669      1    365
 118      3      8     60    304
 119      3     90     60    304
 120      3      2     60    304
 121      3      1     60    304
 122      3    482     60    304
 123      3     59     60    304
 124      3    806     60    304
 125      3    413     60    304
 126      3     49     60    304
 127      3    490     60    304
 128      3    473     60    304
 129      3    428     60    304
 130      3    585     60    304
 131      5     18      1    365
 132      3    136     60    304
 133      3     73     60    304
 134      3     13     60    304
 135      3     84     60    304
 136      3     40     60    304
 137      5     38      1    196
 138      5     21      1    365
 139      3     10     60    304
 140      3    169     60    304
 141      3     95     60    304
 142      3    481     60    304
 143      3    441     60    304
 144      3    122     60    304
 145      3     12     60    304
 146      5    200      1    365
 147      3    669     60    304
 148      3    147     60    304
 149      3     24     60    304
 150      1     27      1    365
 151      1     69      1    365
 152      1     77      1    365
 153      3     39     60    304
 154      3     18     60    304
 155      5     50      1    365
 156      1    270      1    365
 157      1    162      1    365
 158      3    147     60    304
 159      5   2636      1    365
 160      5  10547      1    365
 161      5   3736      1    365
 162      1   1245      1    365
 163      1    107      1    365
 164      5      5      1    365
 165      5     60      1    365
 166      1     91     91    258
 167      5      7     60    274
 168      5     82     32    244
 169      5     21      1    365
 170      5     36      1    365
 171      3    138     60    304
 172      5     76     32    244
 173      5     10      1    365
 174      5   7241      1    365
 175      1     35      1    365
 176      3     43     60    304
 177      3    137     60    304
 178      3     69     60    304
 179      3     32     60    304
 180      3     32     60    304
 181      5     31      1    365
 182      3    841     60    304
 183      3    770     60    304
 184      3     27     60    304
 185      3     13     60    304
 186      3     33     60    304
 187      3     22     60    304
 188      3     71     60    304
 189      3   1587     60    304
 190      3    247     60    304
 191      3     84     60    304
 192      1    190     91    244
 193      1     28     91    244
 194      1     24      1    365
 195      3    346      1    365
 196      3     73     60    304
 197      3    200     60    304
 198      3    112     60    304
 199      5      3      1    365
 200      3    177     60    304
 201      5     10      1    365
 202      3     50     60    304
 203      5    169      1    365
 204      5     82      1    365
 205      5    265      1    365
 206      5     74      1    365
 207      5     70      1    365
 208      5     56      1    365
 209      3     29     60    304
 210      1     28     32    304
 211      5     35     91    161
 212      3    206     60    304
 213      3   1801     60    304
 214      3     14     60    304
 215      5     22     60    244
 216      1     31      1    365
 217      3    135     60    304
 218      5      6      1    365
 219      5     10      1    365
 220      3     27     60    304
 221      3    723      1    365
 222      5     56     60    244
 223      5      3      1    365
 224      5     50      1    365
 225      3    225     60    304
 226      3    107     60    304
 227      5    192      1    365
 228      5     31      1    365
 229      3     29     60    304
 230      3    482     60    304
 231      3   1124     60    304
 232      3    286     60    304
 233      1    138      1    365
 234      3     16     60    273
 235      3    258     60    304
 236      5   1262      1    365
 237      5     45      1    365
 238      3    756     60    304
 239      3    259     60    304
 240      3     60     60    304
 241      5     24      1    365
 242      5     46      1    365
 243      1    171      1    365
 244      1    124      1    365
 245      1    129      1    365
 246      1     74      1    365
 247      5     39     60    213
 248      5      7      1    365
 249      5     31     60    244
 250      5   1736      1    365
 251      3    327     91    288
 252      5    179      1    365
 253      1     63      1    365
 254      3     22    105    273
 999      0      0      1    365
