   1      3    104     60    304
   2      3     68     60    304
   3      3     50     60    304
   4      3     21      1    365
   5      3   1214     60    304
   6      3   1626     60    304
   7      3   1605     60    304
   8      3      8      1    365
   9      3   2839     60    304
  10      3   2830     60    304
  11      3    333     60    304
  12      5    110      1    365
  13      5      7     60    182
  14      5     34     60    213
  15      5    110      1    365
  16      5     11     60    213
  17      5      3     91    365
  18      5    131     32    365
  19      5     33      1    365
  20      5    114     60    304
  21      5     28    121    244
  22      5    102     91    213
  23      5    109     60    274
  24      5     10     91    244
  25      5    205      1    258
  26      5     31     91    213
  27      5      2     91    244
  28      5     25     32    335
  29      5     48     60    244
  30      5     66     60    244
  31      1     57      1    365
  32      1     41      1    365
  33      1     88     60    213
  34      1     45     60    274
  35      1    191      1    365
  36      1    141      1    365
  37      1     23     60    244
  38      1    100      1    365
  39      1     39     32    244
  40      1     41      1    365
  41      1    135     32    244
  42      1    213     91    365
  43      1    102     60    365
  44      1    157     60    244
  45      1    196     91    244
  46      1     55     91    213
  47      1    238      1    274
  48      1     17     91    305
  49      1    281      1    258
  50      1    140     32    166
  51      1     77     60    166
  52      1     47      1    365
  53      1     72     60    293
  54      1     47     91    213
  55      1    106     60    152
  56      1    268     60    244
  57      1     72     60    304
  58      1    191     91    182
  59      1    150     60    182
  60      5     50      1    365
  61      5    242      1    365
  62      1    234      1    365
  63      5     95      1    365
  64      1      9      1    365
  65      1     64      1    365
  66      1    170      1    365
  67      1     10      1    365
  68      5    131      1    365
  69      5     46      1    365
  70      1     62      1    365
  71      1     85      1    365
  72      5     39      1    365
  73      1   2180      1    365
  74      3     49     60    304
  75      5     29      1    365
  76      1     44      1    365
  77      1     56      1    365
  78      1     96      1    365
  79      3     15     60    304
  80      1    100      1    365
  81      1     80      1    365
  82      3     33     60    304
  83      3     10     60    304
  84      5     16      1    365
  85      3      7     60    304
  86      3     14     60    304
  87      3     17     60    304
  88      3     20     60    304
  89      3     87     60    304
  90      3     53     60    304
  91      3     79     60    304
  92      1     84      1    365
  93      1     18      1    365
  94      3    279     60    304
  95      3    169     60    304
  96      1    106      1    365
  97      1     13      1    365
  98      3     89     60    304
  99      3     83     60    304
 100      3     22     60    304
 101      1     68      1    365
 102      1     56      1    365
 103      1     76      1    365
 104      1     59      1    365
 105      3      9     60    304
 106      3    160     60    304
 107      3     97     60    304
 108      3    162     60    304
 109      3     71     60    304
 110      3      7     60    304
 111      3     43     60    304
 112      1     51     60    244
 113      5      7      1    365
 114      3     53     60    304
 115      3     43     60    304
 116      3     31     60    304
 117      5    146      1    365
 118      3     12     60    304
 119      3    111     60    304
 120      3      1     60    304
 121      3      1     60    304
 122      3    598     60    304
 123      3     59     60    304
 124      3    774     60    304
 125      3    235     60    304
 126      3     61     60    304
 127      3    317     60    304
 128      3    455     60    304
 129      3    411     60    304
 130      3    333     60    304
 131      5     52      1    365
 132      3    206     60    304
 133      3     91     60    304
 134      3      8     60    304
 135      3     54     60    304
 136      3     40     60    304
 137      5     38      1    196
 138      5     21      1    365
 139      3     15     60    304
 140      3    162     60    304
 141      3     91     60    304
 142      3    727     60    304
 143      3    441     60    304
 144      3    152     60    304
 145      3     11     60    304
 146      5     44      1    365
 147      3    433     60    304
 148      3    182     60    304
 149      3     30     60    304
 150      1     30      1    365
 151      1     77      1    365
 152      1     86      1    365
 153      3     22     60    304
 154      3     18     60    304
 155      5     50      1    365
 156      1    303      1    365
 157      1    179      1    365
 158      3    182     60    304
 159      5   2634      1    365
 160      5  10541      1    365
 161      5   3734      1    365
 162      1   1396      1    365
 163      1    297      1    365
 164      5      5      1    365
 165      5     13      1    365
 166      1    102     91    258
 167      5      7     60    274
 168      5     82     32    244
 169      5     21      1    365
 170      5     36      1    365
 171      3     78     60    304
 172      5     76     32    244
 173      5     29      1    365
 174      5   7237      1    365
 175      1     38      1    365
 176      3     64     60    304
 177      3     89     60    304
 178      3     39     60    304
 179      3     32     60    304
 180      3     18     60    304
 181      5     31      1    365
 182      3   1269     60    304
 183      3    770     60    304
 184      3     18     60    304
 185      3     13     60    304
 186      3     41     60    304
 187      3     33     60    304
 188      3     40     60    304
 189      3   2396     60    304
 190      3    372     60    304
 191      3    127     60    304
 192      1    213     91    244
 193      1     31     91    244
 194      1     27      1    365
 195      3    197      1    365
 196      3     42     60    304
 197      3    302     60    304
 198      3     72     60    304
 199      5      3      1    365
 200      3    114     60    304
 201      5     10      1    365
 202      3     33     60    304
 203      5    169      1    365
 204      5     82      1    365
 205      5    265      1    365
 206      5     74      1    365
 207      5     70      1    365
 208      5     56      1    365
 209      3     19     60    304
 210      1     31     32    304
 211      5    101     91    161
 212      3    133     60    304
 213      3   1166     60    304
 214      3     21     60    304
 215      5     22     60    244
 216      1     35      1    365
 217      3     87     60    304
 218      5     16      1    365
 219      5     29      1    365
 220      3     41     60    304
 221      3    695      1    365
 222      5    163     60    244
 223      5     10      1    365
 224      5    147      1    365
 225      3    146     60    304
 226      3    107     60    304
 227      5    192      1    365
 228      5     31      1    365
 229      3     19     60    304
 230      3    598     60    304
 231      3    640     60    304
 232      3    274     60    304
 233      1    154      1    365
 234      3     25     60    273
 235      3    147     60    304
 236      5   1040      1    365
 237      5    131      1    365
 238      3    726     60    304
 239      3    249     60    304
 240      3     58     60    304
 241      5     24      1    365
 242      5     46      1    365
 243      1    191      1    365
 244      1    139      1    365
 245      1    145      1    365
 246      1     74      1    365
 247      5    114     60    213
 248      5     20      1    365
 249      5     91     60    244
 250      5   2124      1    365
 251      3    405     91    288
 252      5    523      1    365
 253      1     70      1    365
 254      3     33    105    273
 999      0      0      1    365
