   1      3     88     60    304
   2      3    110     60    304
   3      3     50     60    304
   4      3     18      1    365
   5      3   1376     60    304
   6      3   1842     60    304
   7      3   1605     60    304
   8      3     13      1    365
   9      3   3217     60    304
  10      3   3207     60    304
  11      3    354     60    304
  12      5    104      1    365
  13      5      7     60    182
  14      5     32     60    213
  15      5    104      1    365
  16      5     48     60    213
  17      5      3     91    365
  18      5    124     32    365
  19      5     31      1    365
  20      5    117     60    304
  21      5    125    121    244
  22      5    128     91    213
  23      5    482     60    274
  24      5     10     91    244
  25      5    194      1    258
  26      5    135     91    213
  27      5     10     91    244
  28      5     24     32    335
  29      5     45     60    244
  30      5    289     60    244
  31      1     47      1    365
  32      1     34      1    365
  33      1     73     60    213
  34      1     37     60    274
  35      1    160      1    365
  36      1    117      1    365
  37      1     20     60    244
  38      1     83      1    365
  39      1     33     32    244
  40      1     34      1    365
  41      1    112     32    244
  42      1    128     91    365
  43      1     61     60    365
  44      1     95     60    244
  45      1    118     91    244
  46      1     33     91    213
  47      1    143      1    274
  48      1     10     91    305
  49      1    169      1    258
  50      1     84     32    166
  51      1     46     60    166
  52      1     28      1    365
  53      1     43     60    293
  54      1     28     91    213
  55      1     64     60    152
  56      1    161     60    244
  57      1     28     60    304
  58      1    115     91    182
  59      1    125     60    182
  60      5     47      1    365
  61      5    247      1    365
  62      1    195      1    365
  63      5     97      1    365
  64      1      5      1    365
  65      1     38      1    365
  66      1    102      1    365
  67      1      8      1    365
  68      5    134      1    365
  69      5     47      1    365
  70      1     52      1    365
  71      1     51      1    365
  72      5     40      1    365
  73      1   1513      1    365
  74      3     42     60    304
  75      5     30      1    365
  76      1     17      1    365
  77      1     22      1    365
  78      1     37      1    365
  79      3     24     60    304
  80      1     39      1    365
  81      1     31      1    365
  82      3     28     60    304
  83      3      8     60    304
  84      5     17      1    365
  85      3     11     60    304
  86      3     22     60    304
  87      3     18     60    304
  88      3     17     60    304
  89      3     74     60    304
  90      3     53     60    304
  91      3    128     60    304
  92      1     70      1    365
  93      1     15      1    365
  94      3    236     60    304
  95      3    169     60    304
  96      1     64      1    365
  97      1      8      1    365
  98      3     95     60    304
  99      3     89     60    304
 100      3     25     60    304
 101      1     26      1    365
 102      1     22      1    365
 103      1     30      1    365
 104      1     49      1    365
 105      3      9     60    304
 106      3    135     60    304
 107      3     97     60    304
 108      3    158     60    304
 109      3     69     60    304
 110      3      7     60    304
 111      3     46     60    304
 112      1     42     60    244
 113      5     29      1    365
 114      3     56     60    304
 115      3     43     60    304
 116      3     33     60    304
 117      5    646      1    365
 118      3     10     60    304
 119      3    108     60    304
 120      3      2     60    304
 121      3      1     60    304
 122      3    581     60    304
 123      3     59     60    304
 124      3    877     60    304
 125      3    250     60    304
 126      3     59     60    304
 127      3    515     60    304
 128      3    515     60    304
 129      3    466     60    304
 130      3    354     60    304
 131      5     53      1    365
 132      3    174     60    304
 133      3     89     60    304
 134      3     13     60    304
 135      3     88     60    304
 136      3     40     60    304
 137      5     36      1    196
 138      5     20      1    365
 139      3     13     60    304
 140      3    184     60    304
 141      3    103     60    304
 142      3    615     60    304
 143      3    441     60    304
 144      3    148     60    304
 145      3     13     60    304
 146      5    193      1    365
 147      3    702     60    304
 148      3    177     60    304
 149      3     30     60    304
 150      1     18      1    365
 151      1     46      1    365
 152      1     72      1    365
 153      3     23     60    304
 154      3     18     60    304
 155      5     47      1    365
 156      1    252      1    365
 157      1    107      1    365
 158      3    177     60    304
 159      5   2491      1    365
 160      5   9969      1    365
 161      5   3531      1    365
 162      1   1164      1    365
 163      1    115      1    365
 164      5      5      1    365
 165      5     58      1    365
 166      1     85     91    258
 167      5      7     60    274
 168      5     77     32    244
 169      5     20      1    365
 170      5     34      1    365
 171      3     83     60    304
 172      5     72     32    244
 173      5     30      1    365
 174      5   6844      1    365
 175      1     23      1    365
 176      3     54     60    304
 177      3    144     60    304
 178      3     42     60    304
 179      3     32     60    304
 180      3     20     60    304
 181      5     29      1    365
 182      3   1074     60    304
 183      3    770     60    304
 184      3     29     60    304
 185      3     13     60    304
 186      3     39     60    304
 187      3     28     60    304
 188      3     43     60    304
 189      3   2028     60    304
 190      3    315     60    304
 191      3    107     60    304
 192      1    177     91    244
 193      1     26     91    244
 194      1     23      1    365
 195      3    210      1    365
 196      3     44     60    304
 197      3    255     60    304
 198      3    117     60    304
 199      5      3      1    365
 200      3    185     60    304
 201      5      9      1    365
 202      3     53     60    304
 203      5    160      1    365
 204      5     77      1    365
 205      5    250      1    365
 206      5     70      1    365
 207      5     70      1    365
 208      5     53      1    365
 209      3     31     60    304
 210      1     26     32    304
 211      5    104     91    161
 212      3    216     60    304
 213      3   1890     60    304
 214      3     18     60    304
 215      5     21     60    244
 216      1     29      1    365
 217      3    141     60    304
 218      5     17      1    365
 219      5     30      1    365
 220      3     35     60    304
 221      3    787      1    365
 222      5    167     60    244
 223      5     10      1    365
 224      5    150      1    365
 225      3    236     60    304
 226      3    107     60    304
 227      5    181      1    365
 228      5     29      1    365
 229      3     31     60    304
 230      3    581     60    304
 231      3    681     60    304
 232      3    311     60    304
 233      1    129      1    365
 234      3     21     60    273
 235      3    156     60    304
 236      5   1307      1    365
 237      5    134      1    365
 238      3    823     60    304
 239      3    282     60    304
 240      3     65     60    304
 241      5     23      1    365
 242      5     43      1    365
 243      1    160      1    365
 244      1    116      1    365
 245      1    120      1    365
 246      1     74      1    365
 247      5    117     60    213
 248      5     20      1    365
 249      5     93     60    244
 250      5   2275      1    365
 251      3    394     91    288
 252      5    534      1    365
 253      1     59      1    365
 254      3     28    105    273
 999      0      0      1    365
