   1      3    102     60    304
   2      3     51     60    304
   3      3     50     60    304
   4      3     21      1    365
   5      3   1201     60    304
   6      3   1608     60    304
   7      3   1605     60    304
   8      3      6      1    365
   9      3   2808     60    304
  10      3   2799     60    304
  11      3    341     60    304
  12      5    114      1    365
  13      5      2     60    182
  14      5     35     60    213
  15      5    114      1    365
  16      5     52     60    213
  17      5      1     91    365
  18      5    136     32    365
  19      5     34      1    365
  20      5     38     60    304
  21      5    135    121    244
  22      5    159     91    213
  23      5    517     60    274
  24      5      3     91    244
  25      5    212      1    258
  26      5    145     91    213
  27      5     10     91    244
  28      5     26     32    335
  29      5     49     60    244
  30      5    310     60    244
  31      1     59      1    365
  32      1     43      1    365
  33      1     92     60    213
  34      1     47     60    274
  35      1    200      1    365
  36      1    147      1    365
  37      1     25     60    244
  38      1    104      1    365
  39      1     41     32    244
  40      1     43      1    365
  41      1    141     32    244
  42      1     66     91    365
  43      1     32     60    365
  44      1     49     60    244
  45      1     61     91    244
  46      1     17     91    213
  47      1     74      1    274
  48      1      5     91    305
  49      1     87      1    258
  50      1     44     32    166
  51      1     24     60    166
  52      1     15      1    365
  53      1     23     60    293
  54      1     15     91    213
  55      1     33     60    152
  56      1     83     60    244
  57      1    128     60    304
  58      1     60     91    182
  59      1    157     60    182
  60      5     51      1    365
  61      5     80      1    365
  62      1    245      1    365
  63      5     31      1    365
  64      1      3      1    365
  65      1     20      1    365
  66      1     53      1    365
  67      1     10      1    365
  68      5     43      1    365
  69      5     15      1    365
  70      1     65      1    365
  71      1     27      1    365
  72      5     13      1    365
  73      1   2304      1    365
  74      3     49     60    304
  75      5     10      1    365
  76      1     78      1    365
  77      1    100      1    365
  78      1    171      1    365
  79      3     11     60    304
  80      1    178      1    365
  81      1    142      1    365
  82      3     32     60    304
  83      3     10     60    304
  84      5      5      1    365
  85      3      5     60    304
  86      3     10     60    304
  87      3     18     60    304
  88      3     19     60    304
  89      3     86     60    304
  90      3     53     60    304
  91      3     59     60    304
  92      1     88      1    365
  93      1     18      1    365
  94      3    273     60    304
  95      3    169     60    304
  96      1     33      1    365
  97      1      4      1    365
  98      3     92     60    304
  99      3     85     60    304
 100      3     22     60    304
 101      1    121      1    365
 102      1    100      1    365
 103      1    135      1    365
 104      1     61      1    365
 105      3      9     60    304
 106      3    157     60    304
 107      3     97     60    304
 108      3    147     60    304
 109      3     64     60    304
 110      3      7     60    304
 111      3     44     60    304
 112      1     53     60    244
 113      5     31      1    365
 114      3     54     60    304
 115      3     43     60    304
 116      3     31     60    304
 117      5    693      1    365
 118      3     11     60    304
 119      3    101     60    304
 120      3      1     60    304
 121      3      1     60    304
 122      3    541     60    304
 123      3     59     60    304
 124      3    765     60    304
 125      3    241     60    304
 126      3     55     60    304
 127      3    237     60    304
 128      3    450     60    304
 129      3    407     60    304
 130      3    341     60    304
 131      5     17      1    365
 132      3    202     60    304
 133      3     82     60    304
 134      3      6     60    304
 135      3     41     60    304
 136      3     40     60    304
 137      5     39      1    196
 138      5     22      1    365
 139      3     15     60    304
 140      3    160     60    304
 141      3     90     60    304
 142      3    714     60    304
 143      3    441     60    304
 144      3    137     60    304
 145      3     11     60    304
 146      5    207      1    365
 147      3    324     60    304
 148      3    165     60    304
 149      3     27     60    304
 150      1      9      1    365
 151      1     24      1    365
 152      1     90      1    365
 153      3     23     60    304
 154      3     18     60    304
 155      5     51      1    365
 156      1    317      1    365
 157      1     56      1    365
 158      3    165     60    304
 159      5   2725      1    365
 160      5  10906      1    365
 161      5   3863      1    365
 162      1   1461      1    365
 163      1    526      1    365
 164      5      5      1    365
 165      5     62      1    365
 166      1    106     91    258
 167      5      8     60    274
 168      5     84     32    244
 169      5     22      1    365
 170      5     37      1    365
 171      3     80     60    304
 172      5     79     32    244
 173      5     10      1    365
 174      5   7488      1    365
 175      1     12      1    365
 176      3     63     60    304
 177      3     66     60    304
 178      3     40     60    304
 179      3     32     60    304
 180      3     19     60    304
 181      5     32      1    365
 182      3   1246     60    304
 183      3    770     60    304
 184      3     13     60    304
 185      3     13     60    304
 186      3     37     60    304
 187      3     32     60    304
 188      3     41     60    304
 189      3   2353     60    304
 190      3    366     60    304
 191      3    125     60    304
 192      1    223     91    244
 193      1     33     91    244
 194      1     29      1    365
 195      3    202      1    365
 196      3     43     60    304
 197      3    296     60    304
 198      3     54     60    304
 199      5      3      1    365
 200      3     86     60    304
 201      5     10      1    365
 202      3     24     60    304
 203      5    175      1    365
 204      5     84      1    365
 205      5    274      1    365
 206      5     77      1    365
 207      5     70      1    365
 208      5     58      1    365
 209      3     14     60    304
 210      1     33     32    304
 211      5     33     91    161
 212      3    100     60    304
 213      3    871     60    304
 214      3     21     60    304
 215      5     23     60    244
 216      1     37      1    365
 217      3     65     60    304
 218      5      5      1    365
 219      5     10      1    365
 220      3     40     60    304
 221      3    687      1    365
 222      5     54     60    244
 223      5      3      1    365
 224      5     48      1    365
 225      3    109     60    304
 226      3    107     60    304
 227      5    198      1    365
 228      5     32      1    365
 229      3     14     60    304
 230      3    541     60    304
 231      3    656     60    304
 232      3    271     60    304
 233      1    161      1    365
 234      3     24     60    273
 235      3    150     60    304
 236      5   1628      1    365
 237      5     43      1    365
 238      3    718     60    304
 239      3    246     60    304
 240      3     57     60    304
 241      5     25      1    365
 242      5     47      1    365
 243      1    200      1    365
 244      1    145      1    365
 245      1    151      1    365
 246      1     74      1    365
 247      5     38     60    213
 248      5      6      1    365
 249      5     30     60    244
 250      5   2482      1    365
 251      3    367     91    288
 252      5    172      1    365
 253      1     74      1    365
 254      3     32    105    273
 999      0      0      1    365
