   1      3     82     60    304
   2      3    105     60    304
   3      3     50     60    304
   4      3     17      1    365
   5      3   1205     60    304
   6      3   1613     60    304
   7      3   1605     60    304
   8      3     13      1    365
   9      3   2818     60    304
  10      3   2808     60    304
  11      3    612     60    304
  12      5    115      1    365
  13      5      7     60    182
  14      5     35     60    213
  15      5    115      1    365
  16      5     26     60    213
  17      5      3     91    365
  18      5    137     32    365
  19      5     34      1    365
  20      5    115     60    304
  21      5     67    121    244
  22      5     17     91    213
  23      5    257     60    274
  24      5     10     91    244
  25      5    214      1    258
  26      5     72     91    213
  27      5      5     91    244
  28      5     26     32    335
  29      5     50     60    244
  30      5    154     60    244
  31      1     32      1    365
  32      1     23      1    365
  33      1     50     60    213
  34      1     26     60    274
  35      1    109      1    365
  36      1     80      1    365
  37      1     13     60    244
  38      1     57      1    365
  39      1     22     32    244
  40      1     23      1    365
  41      1     77     32    244
  42      1    127     91    365
  43      1     61     60    365
  44      1     94     60    244
  45      1    117     91    244
  46      1     33     91    213
  47      1    143      1    274
  48      1     10     91    305
  49      1    168      1    258
  50      1     84     32    166
  51      1     46     60    166
  52      1     28      1    365
  53      1     43     60    293
  54      1     28     91    213
  55      1     64     60    152
  56      1    160     60    244
  57      1    207     60    304
  58      1    115     91    182
  59      1     86     60    182
  60      5     52      1    365
  61      5    244      1    365
  62      1    134      1    365
  63      5     96      1    365
  64      1      5      1    365
  65      1     38      1    365
  66      1    102      1    365
  67      1      6      1    365
  68      5    132      1    365
  69      5     46      1    365
  70      1     36      1    365
  71      1     51      1    365
  72      5     40      1    365
  73      1   1364      1    365
  74      3     39     60    304
  75      5     30      1    365
  76      1    127      1    365
  77      1    161      1    365
  78      1    277      1    365
  79      3     23     60    304
  80      1    288      1    365
  81      1    230      1    365
  82      3     26     60    304
  83      3      8     60    304
  84      5     16      1    365
  85      3     11     60    304
  86      3     21     60    304
  87      3     32     60    304
  88      3     16     60    304
  89      3     69     60    304
  90      3     53     60    304
  91      3    122     60    304
  92      1     48      1    365
  93      1     10      1    365
  94      3    219     60    304
  95      3    169     60    304
  96      1     64      1    365
  97      1      8      1    365
  98      3    164     60    304
  99      3    153     60    304
 100      3     22     60    304
 101      1    196      1    365
 102      1    161      1    365
 103      1    219      1    365
 104      1     33      1    365
 105      3     16     60    304
 106      3    126     60    304
 107      3     97     60    304
 108      3    176     60    304
 109      3     77     60    304
 110      3      7     60    304
 111      3     79     60    304
 112      1     29     60    244
 113      5     15      1    365
 114      3     97     60    304
 115      3     43     60    304
 116      3     56     60    304
 117      5    344      1    365
 118      3      9     60    304
 119      3    121     60    304
 120      3      2     60    304
 121      3      1     60    304
 122      3    648     60    304
 123      3     59     60    304
 124      3    768     60    304
 125      3    432     60    304
 126      3     66     60    304
 127      3    490     60    304
 128      3    451     60    304
 129      3    408     60    304
 130      3    612     60    304
 131      5     53      1    365
 132      3    162     60    304
 133      3     99     60    304
 134      3     13     60    304
 135      3     84     60    304
 136      3     40     60    304
 137      5     40      1    196
 138      5     22      1    365
 139      3     12     60    304
 140      3    161     60    304
 141      3     90     60    304
 142      3    571     60    304
 143      3    441     60    304
 144      3    165     60    304
 145      3     11     60    304
 146      5    103      1    365
 147      3    669     60    304
 148      3    198     60    304
 149      3     33     60    304
 150      1     18      1    365
 151      1     46      1    365
 152      1     49      1    365
 153      3     41     60    304
 154      3     18     60    304
 155      5     52      1    365
 156      1    173      1    365
 157      1    107      1    365
 158      3    198     60    304
 159      5   2741      1    365
 160      5  10968      1    365
 161      5   3885      1    365
 162      1    797      1    365
 163      1    853      1    365
 164      5      6      1    365
 165      5     31      1    365
 166      1     58     91    258
 167      5      8     60    274
 168      5     85     32    244
 169      5     22      1    365
 170      5     37      1    365
 171      3    144     60    304
 172      5     79     32    244
 173      5     30      1    365
 174      5   7530      1    365
 175      1     23      1    365
 176      3     50     60    304
 177      3    137     60    304
 178      3     72     60    304
 179      3     32     60    304
 180      3     34     60    304
 181      5     32      1    365
 182      3    997     60    304
 183      3    770     60    304
 184      3     27     60    304
 185      3     13     60    304
 186      3     44     60    304
 187      3     26     60    304
 188      3     74     60    304
 189      3   1882     60    304
 190      3    293     60    304
 191      3    100     60    304
 192      1    121     91    244
 193      1     18     91    244
 194      1     16      1    365
 195      3    362      1    365
 196      3     77     60    304
 197      3    237     60    304
 198      3    112     60    304
 199      5      3      1    365
 200      3    177     60    304
 201      5     10      1    365
 202      3     51     60    304
 203      5    176      1    365
 204      5     85      1    365
 205      5    275      1    365
 206      5     77      1    365
 207      5     70      1    365
 208      5     58      1    365
 209      3     29     60    304
 210      1     18     32    304
 211      5    102     91    161
 212      3    206     60    304
 213      3   1801     60    304
 214      3     17     60    304
 215      5     23     60    244
 216      1     20      1    365
 217      3    135     60    304
 218      5     16      1    365
 219      5     30      1    365
 220      3     32     60    304
 221      3    690      1    365
 222      5    165     60    244
 223      5     10      1    365
 224      5    148      1    365
 225      3    225     60    304
 226      3    107     60    304
 227      5    199      1    365
 228      5     32      1    365
 229      3     29     60    304
 230      3    648     60    304
 231      3   1177     60    304
 232      3    272     60    304
 233      1     88      1    365
 234      3     19     60    273
 235      3    270     60    304
 236      5    169      1    365
 237      5    132      1    365
 238      3    721     60    304
 239      3    247     60    304
 240      3     57     60    304
 241      5     25      1    365
 242      5     47      1    365
 243      1    109      1    365
 244      1     79      1    365
 245      1     82      1    365
 246      1     74      1    365
 247      5    115     60    213
 248      5     20      1    365
 249      5     92     60    244
 250      5   1156      1    365
 251      3    439     91    288
 252      5    527      1    365
 253      1     40      1    365
 254      3     26    105    273
 999      0      0      1    365
