   1      3     95     60    304
   2      3     98     60    304
   3      3     50     60    304
   4      3     20      1    365
   5      3   1200     60    304
   6      3   1606     60    304
   7      3   1605     60    304
   8      3     12      1    365
   9      3   2805     60    304
  10      3   2796     60    304
  11      3    352     60    304
  12      5    110      1    365
  13      5      6     60    182
  14      5     34     60    213
  15      5    110      1    365
  16      5     47     60    213
  17      5      3     91    365
  18      5    131     32    365
  19      5     33      1    365
  20      5    103     60    304
  21      5    121    121    244
  22      5    211     91    213
  23      5    467     60    274
  24      5      9     91    244
  25      5    204      1    258
  26      5    131     91    213
  27      5      9     91    244
  28      5     25     32    335
  29      5     47     60    244
  30      5    280     60    244
  31      1     56      1    365
  32      1     40      1    365
  33      1     87     60    213
  34      1     44     60    274
  35      1    188      1    365
  36      1    138      1    365
  37      1     23     60    244
  38      1     98      1    365
  39      1     38     32    244
  40      1     40      1    365
  41      1    133     32    244
  42      1    177     91    365
  43      1     85     60    365
  44      1    131     60    244
  45      1    163     91    244
  46      1     46     91    213
  47      1    198      1    274
  48      1     14     91    305
  49      1    234      1    258
  50      1    117     32    166
  51      1     64     60    166
  52      1     39      1    365
  53      1     60     60    293
  54      1     39     91    213
  55      1     89     60    152
  56      1    223     60    244
  57      1    217     60    304
  58      1    159     91    182
  59      1    148     60    182
  60      5     49      1    365
  61      5    219      1    365
  62      1    231      1    365
  63      5     86      1    365
  64      1      7      1    365
  65      1     53      1    365
  66      1    142      1    365
  67      1     10      1    365
  68      5    118      1    365
  69      5     41      1    365
  70      1     62      1    365
  71      1     71      1    365
  72      5     35      1    365
  73      1     66      1    365
  74      3     45     60    304
  75      5     27      1    365
  76      1    133      1    365
  77      1    169      1    365
  78      1    289      1    365
  79      3     22     60    304
  80      1    301      1    365
  81      1    241      1    365
  82      3     30     60    304
  83      3      9     60    304
  84      5     15      1    365
  85      3     10     60    304
  86      3     20     60    304
  87      3     18     60    304
  88      3     18     60    304
  89      3     80     60    304
  90      3     53     60    304
  91      3    114     60    304
  92      1     83      1    365
  93      1     17      1    365
  94      3    254     60    304
  95      3    169     60    304
  96      1     89      1    365
  97      1     11      1    365
  98      3     95     60    304
  99      3     88     60    304
 100      3     22     60    304
 101      1    205      1    365
 102      1    169      1    365
 103      1    229      1    365
 104      1     58      1    365
 105      3      9     60    304
 106      3    146     60    304
 107      3     97     60    304
 108      3    130     60    304
 109      3     57     60    304
 110      3      7     60    304
 111      3     45     60    304
 112      1     50     60    244
 113      5     28      1    365
 114      3     56     60    304
 115      3     43     60    304
 116      3     32     60    304
 117      5    626      1    365
 118      3     11     60    304
 119      3     89     60    304
 120      3      2     60    304
 121      3      1     60    304
 122      3    479     60    304
 123      3     59     60    304
 124      3    765     60    304
 125      3    249     60    304
 126      3     49     60    304
 127      3    459     60    304
 128      3    449     60    304
 129      3    406     60    304
 130      3    352     60    304
 131      5     47      1    365
 132      3    188     60    304
 133      3     73     60    304
 134      3     12     60    304
 135      3     79     60    304
 136      3     40     60    304
 137      5     38      1    196
 138      5     21      1    365
 139      3     14     60    304
 140      3    160     60    304
 141      3     90     60    304
 142      3    662     60    304
 143      3    441     60    304
 144      3    122     60    304
 145      3     11     60    304
 146      5    187      1    365
 147      3    626     60    304
 148      3    146     60    304
 149      3     24     60    304
 150      1     25      1    365
 151      1     64      1    365
 152      1     85      1    365
 153      3     23     60    304
 154      3     18     60    304
 155      5     49      1    365
 156      1    298      1    365
 157      1    149      1    365
 158      3    146     60    304
 159      5   2620      1    365
 160      5  10485      1    365
 161      5   3714      1    365
 162      1   1375      1    365
 163      1    892      1    365
 164      5      5      1    365
 165      5     56      1    365
 166      1    100     91    258
 167      5      7     60    274
 168      5     81     32    244
 169      5     21      1    365
 170      5     36      1    365
 171      3     83     60    304
 172      5     76     32    244
 173      5     27      1    365
 174      5   7199      1    365
 175      1     32      1    365
 176      3     59     60    304
 177      3    128     60    304
 178      3     41     60    304
 179      3     32     60    304
 180      3     19     60    304
 181      5     31      1    365
 182      3   1156     60    304
 183      3    770     60    304
 184      3     26     60    304
 185      3     13     60    304
 186      3     33     60    304
 187      3     30     60    304
 188      3     43     60    304
 189      3   2184     60    304
 190      3    339     60    304
 191      3    116     60    304
 192      1    210     91    244
 193      1     31     91    244
 194      1     27      1    365
 195      3    209      1    365
 196      3     44     60    304
 197      3    275     60    304
 198      3    104     60    304
 199      5      3      1    365
 200      3    165     60    304
 201      5      9      1    365
 202      3     47     60    304
 203      5    168      1    365
 204      5     81      1    365
 205      5    263      1    365
 206      5     74      1    365
 207      5     70      1    365
 208      5     56      1    365
 209      3     28     60    304
 210      1     31     32    304
 211      5     92     91    161
 212      3    193     60    304
 213      3   1686     60    304
 214      3     20     60    304
 215      5     22     60    244
 216      1     35      1    365
 217      3    126     60    304
 218      5     15      1    365
 219      5     27      1    365
 220      3     38     60    304
 221      3    687      1    365
 222      5    148     60    244
 223      5      9      1    365
 224      5    133      1    365
 225      3    211     60    304
 226      3    107     60    304
 227      5    191      1    365
 228      5     31      1    365
 229      3     28     60    304
 230      3    479     60    304
 231      3    678     60    304
 232      3    271     60    304
 233      1    152      1    365
 234      3     23     60    273
 235      3    156     60    304
 236      5   2155      1    365
 237      5    118      1    365
 238      3    718     60    304
 239      3    246     60    304
 240      3     57     60    304
 241      5     24      1    365
 242      5     45      1    365
 243      1    188      1    365
 244      1    137      1    365
 245      1    142      1    365
 246      1     74      1    365
 247      5    103     60    213
 248      5     18      1    365
 249      5     83     60    244
 250      5    342      1    365
 251      3    325     91    288
 252      5    473      1    365
 253      1     69      1    365
 254      3     30    105    273
 999      0      0      1    365
