   1      3     72     60    304
   2      3     80     60    304
   3      3     50     60    304
   4      3     15      1    365
   5      3   1394     60    304
   6      3   1866     60    304
   7      3   1605     60    304
   8      3     10      1    365
   9      3   3258     60    304
  10      3   3248     60    304
  11      3    395     60    304
  12      5    109      1    365
  13      5      8     60    182
  14      5     33     60    213
  15      5    109      1    365
  16      5     52     60    213
  17      5      4     91    365
  18      5    130     32    365
  19      5     32      1    365
  20      5    138     60    304
  21      5    136    121    244
  22      5    145     91    213
  23      5    522     60    274
  24      5     12     91    244
  25      5    203      1    258
  26      5    146     91    213
  27      5     10     91    244
  28      5     25     32    335
  29      5     47     60    244
  30      5    313     60    244
  31      1     54      1    365
  32      1     39      1    365
  33      1     84     60    213
  34      1     43     60    274
  35      1    182      1    365
  36      1    134      1    365
  37      1     22     60    244
  38      1     95      1    365
  39      1     37     32    244
  40      1     39      1    365
  41      1    128     32    244
  42      1    163     91    365
  43      1     78     60    365
  44      1    120     60    244
  45      1    150     91    244
  46      1     42     91    213
  47      1    182      1    274
  48      1     13     91    305
  49      1    215      1    258
  50      1    107     32    166
  51      1     59     60    166
  52      1     36      1    365
  53      1     55     60    293
  54      1     36     91    213
  55      1     81     60    152
  56      1    205     60    244
  57      1     94     60    304
  58      1    147     91    182
  59      1    143     60    182
  60      5     49      1    365
  61      5    292      1    365
  62      1    223      1    365
  63      5    115      1    365
  64      1      7      1    365
  65      1     49      1    365
  66      1    130      1    365
  67      1      9      1    365
  68      5    158      1    365
  69      5     55      1    365
  70      1     59      1    365
  71      1     65      1    365
  72      5     47      1    365
  73      1    857      1    365
  74      3     34     60    304
  75      5     36      1    365
  76      1     57      1    365
  77      1     73      1    365
  78      1    125      1    365
  79      3     18     60    304
  80      1    131      1    365
  81      1    104      1    365
  82      3     23     60    304
  83      3      7     60    304
  84      5     20      1    365
  85      3      8     60    304
  86      3     16     60    304
  87      3     20     60    304
  88      3     14     60    304
  89      3     61     60    304
  90      3     53     60    304
  91      3     93     60    304
  92      1     80      1    365
  93      1     17      1    365
  94      3    193     60    304
  95      3    169     60    304
  96      1     81      1    365
  97      1     10      1    365
  98      3    106     60    304
  99      3     99     60    304
 100      3     26     60    304
 101      1     89      1    365
 102      1     73      1    365
 103      1     99      1    365
 104      1     56      1    365
 105      3     10     60    304
 106      3    111     60    304
 107      3     97     60    304
 108      3    113     60    304
 109      3     49     60    304
 110      3      7     60    304
 111      3     51     60    304
 112      1     48     60    244
 113      5     31      1    365
 114      3     62     60    304
 115      3     43     60    304
 116      3     36     60    304
 117      5    699      1    365
 118      3      8     60    304
 119      3     77     60    304
 120      3      2     60    304
 121      3      1     60    304
 122      3    415     60    304
 123      3     59     60    304
 124      3    888     60    304
 125      3    279     60    304
 126      3     42     60    304
 127      3    373     60    304
 128      3    522     60    304
 129      3    472     60    304
 130      3    395     60    304
 131      5     63      1    365
 132      3    143     60    304
 133      3     63     60    304
 134      3     10     60    304
 135      3     64     60    304
 136      3     40     60    304
 137      5     38      1    196
 138      5     21      1    365
 139      3     10     60    304
 140      3    186     60    304
 141      3    105     60    304
 142      3    505     60    304
 143      3    441     60    304
 144      3    105     60    304
 145      3     13     60    304
 146      5    209      1    365
 147      3    509     60    304
 148      3    127     60    304
 149      3     21     60    304
 150      1     23      1    365
 151      1     59      1    365
 152      1     82      1    365
 153      3     26     60    304
 154      3     18     60    304
 155      5     49      1    365
 156      1    288      1    365
 157      1    137      1    365
 158      3    127     60    304
 159      5   2599      1    365
 160      5  10403      1    365
 161      5   3685      1    365
 162      1   1327      1    365
 163      1    386      1    365
 164      5      5      1    365
 165      5     63      1    365
 166      1     97     91    258
 167      5      7     60    274
 168      5     80     32    244
 169      5     21      1    365
 170      5     36      1    365
 171      3     93     60    304
 172      5     75     32    244
 173      5     36      1    365
 174      5   7142      1    365
 175      1     29      1    365
 176      3     45     60    304
 177      3    104     60    304
 178      3     46     60    304
 179      3     32     60    304
 180      3     22     60    304
 181      5     30      1    365
 182      3    881     60    304
 183      3    770     60    304
 184      3     21     60    304
 185      3     13     60    304
 186      3     28     60    304
 187      3     23     60    304
 188      3     48     60    304
 189      3   1664     60    304
 190      3    259     60    304
 191      3     88     60    304
 192      1    202     91    244
 193      1     30     91    244
 194      1     26      1    365
 195      3    234      1    365
 196      3     49     60    304
 197      3    209     60    304
 198      3     85     60    304
 199      5      3      1    365
 200      3    134     60    304
 201      5      9      1    365
 202      3     38     60    304
 203      5    167      1    365
 204      5     80      1    365
 205      5    261      1    365
 206      5     73      1    365
 207      5     70      1    365
 208      5     55      1    365
 209      3     22     60    304
 210      1     30     32    304
 211      5    122     91    161
 212      3    157     60    304
 213      3   1369     60    304
 214      3     15     60    304
 215      5     22     60    244
 216      1     33      1    365
 217      3    102     60    304
 218      5     20      1    365
 219      5     36      1    365
 220      3     29     60    304
 221      3    797      1    365
 222      5    198     60    244
 223      5     12      1    365
 224      5    178      1    365
 225      3    171     60    304
 226      3    107     60    304
 227      5    189      1    365
 228      5     30      1    365
 229      3     22     60    304
 230      3    415     60    304
 231      3    760     60    304
 232      3    315     60    304
 233      1    147      1    365
 234      3     17     60    273
 235      3    174     60    304
 236      5   1485      1    365
 237      5    158      1    365
 238      3    833     60    304
 239      3    286     60    304
 240      3     66     60    304
 241      5     24      1    365
 242      5     45      1    365
 243      1    182      1    365
 244      1    132      1    365
 245      1    137      1    365
 246      1     74      1    365
 247      5    138     60    213
 248      5     24      1    365
 249      5    111     60    244
 250      5   1738      1    365
 251      3    281     91    288
 252      5    632      1    365
 253      1     67      1    365
 254      3     23    105    273
 999      0      0      1    365
