   1      3     69     60    304
   2      3    117     60    304
   3      3     50     60    304
   4      3     14      1    365
   5      3   1324     60    304
   6      3   1772     60    304
   7      3   1605     60    304
   8      3     14      1    365
   9      3   3095     60    304
  10      3   3085     60    304
  11      3    362     60    304
  12      5    114      1    365
  13      5      9     60    182
  14      5     35     60    213
  15      5    114      1    365
  16      5     34     60    213
  17      5      4     91    365
  18      5    136     32    365
  19      5     34      1    365
  20      5    154     60    304
  21      5     89    121    244
  22      5    165     91    213
  23      5    343     60    274
  24      5     13     91    244
  25      5    212      1    258
  26      5     96     91    213
  27      5      7     91    244
  28      5     26     32    335
  29      5     49     60    244
  30      5    206     60    244
  31      1     57      1    365
  32      1     41      1    365
  33      1     88     60    213
  34      1     45     60    274
  35      1    192      1    365
  36      1    141      1    365
  37      1     23     60    244
  38      1    100      1    365
  39      1     39     32    244
  40      1     41      1    365
  41      1    135     32    244
  42      1     53     91    365
  43      1     25     60    365
  44      1     39     60    244
  45      1     49     91    244
  46      1     14     91    213
  47      1     59      1    274
  48      1      4     91    305
  49      1     70      1    258
  50      1     35     32    166
  51      1     19     60    166
  52      1     12      1    365
  53      1     18     60    293
  54      1     12     91    213
  55      1     27     60    152
  56      1     67     60    244
  57      1    107     60    304
  58      1     48     91    182
  59      1    151     60    182
  60      5     51      1    365
  61      5    326      1    365
  62      1    235      1    365
  63      5    128      1    365
  64      1      2      1    365
  65      1     16      1    365
  66      1     42      1    365
  67      1     10      1    365
  68      5    176      1    365
  69      5     62      1    365
  70      1     63      1    365
  71      1     21      1    365
  72      5     53      1    365
  73      1   1553      1    365
  74      3     33     60    304
  75      5     40      1    365
  76      1     65      1    365
  77      1     83      1    365
  78      1    142      1    365
  79      3     26     60    304
  80      1    148      1    365
  81      1    119      1    365
  82      3     22     60    304
  83      3      7     60    304
  84      5     22      1    365
  85      3     12     60    304
  86      3     23     60    304
  87      3     19     60    304
  88      3     13     60    304
  89      3     58     60    304
  90      3     53     60    304
  91      3    136     60    304
  92      1     84      1    365
  93      1     18      1    365
  94      3    184     60    304
  95      3    169     60    304
  96      1     27      1    365
  97      1      3      1    365
  98      3     97     60    304
  99      3     91     60    304
 100      3     24     60    304
 101      1    101      1    365
 102      1     83      1    365
 103      1    113      1    365
 104      1     59      1    365
 105      3      9     60    304
 106      3    106     60    304
 107      3     97     60    304
 108      3     31     60    304
 109      3     14     60    304
 110      3      7     60    304
 111      3     47     60    304
 112      1     51     60    244
 113      5     21      1    365
 114      3     57     60    304
 115      3     43     60    304
 116      3     33     60    304
 117      5    459      1    365
 118      3      8     60    304
 119      3     21     60    304
 120      3      2     60    304
 121      3      1     60    304
 122      3    115     60    304
 123      3     59     60    304
 124      3    844     60    304
 125      3    256     60    304
 126      3     12     60    304
 127      3    546     60    304
 128      3    496     60    304
 129      3    448     60    304
 130      3    362     60    304
 131      5     70      1    365
 132      3    136     60    304
 133      3     18     60    304
 134      3     14     60    304
 135      3     94     60    304
 136      3     40     60    304
 137      5     39      1    196
 138      5     22      1    365
 139      3     10     60    304
 140      3    177     60    304
 141      3     99     60    304
 142      3    481     60    304
 143      3    441     60    304
 144      3     29     60    304
 145      3     12     60    304
 146      5    137      1    365
 147      3    745     60    304
 148      3     35     60    304
 149      3      6     60    304
 150      1      7      1    365
 151      1     19      1    365
 152      1     86      1    365
 153      3     24     60    304
 154      3     18     60    304
 155      5     51      1    365
 156      1    303      1    365
 157      1     45      1    365
 158      3     35     60    304
 159      5   2723      1    365
 160      5  10899      1    365
 161      5   3861      1    365
 162      1   1399      1    365
 163      1    439      1    365
 164      5      5      1    365
 165      5     41      1    365
 166      1    102     91    258
 167      5      8     60    274
 168      5     84     32    244
 169      5     22      1    365
 170      5     37      1    365
 171      3     85     60    304
 172      5     79     32    244
 173      5     40      1    365
 174      5   7483      1    365
 175      1     10      1    365
 176      3     43     60    304
 177      3    152     60    304
 178      3     43     60    304
 179      3     32     60    304
 180      3     20     60    304
 181      5     32      1    365
 182      3    840     60    304
 183      3    770     60    304
 184      3     30     60    304
 185      3     13     60    304
 186      3      8     60    304
 187      3     22     60    304
 188      3     44     60    304
 189      3   1587     60    304
 190      3    247     60    304
 191      3     84     60    304
 192      1    213     91    244
 193      1     31     91    244
 194      1     27      1    365
 195      3    214      1    365
 196      3     45     60    304
 197      3    200     60    304
 198      3    124     60    304
 199      5      3      1    365
 200      3    197     60    304
 201      5     10      1    365
 202      3     56     60    304
 203      5    175      1    365
 204      5     84      1    365
 205      5    274      1    365
 206      5     77      1    365
 207      5     70      1    365
 208      5     58      1    365
 209      3     33     60    304
 210      1     31     32    304
 211      5    136     91    161
 212      3    230     60    304
 213      3   2006     60    304
 214      3     14     60    304
 215      5     23     60    244
 216      1     35      1    365
 217      3    150     60    304
 218      5     22      1    365
 219      5     40      1    365
 220      3     27     60    304
 221      3    758      1    365
 222      5    220     60    244
 223      5     13      1    365
 224      5    198      1    365
 225      3    251     60    304
 226      3    107     60    304
 227      5    198      1    365
 228      5     32      1    365
 229      3     33     60    304
 230      3    115     60    304
 231      3    696     60    304
 232      3    299     60    304
 233      1    155      1    365
 234      3     16     60    273
 235      3    160     60    304
 236      5   1687      1    365
 237      5    176      1    365
 238      3    792     60    304
 239      3    272     60    304
 240      3     63     60    304
 241      5     25      1    365
 242      5     47      1    365
 243      1    192      1    365
 244      1    139      1    365
 245      1    145      1    365
 246      1     74      1    365
 247      5    154     60    213
 248      5     26      1    365
 249      5    123     60    244
 250      5   2100      1    365
 251      3     78     91    288
 252      5    704      1    365
 253      1     70      1    365
 254      3     22    105    273
 999      0      0      1    365
