   1      3    104     60    304
   2      3     99     60    304
   3      3     50     60    304
   4      3     21      1    365
   5      3   1253     60    304
   6      3   1677     60    304
   7      3   1605     60    304
   8      3     12      1    365
   9      3   2929     60    304
  10      3   2920     60    304
  11      3    330     60    304
  12      5    116      1    365
  13      5      5     60    182
  14      5     36     60    213
  15      5    116      1    365
  16      5     52     60    213
  17      5      3     91    365
  18      5    138     32    365
  19      5     34      1    365
  20      5     94     60    304
  21      5    136    121    244
  22      5     82     91    213
  23      5    523     60    274
  24      5      8     91    244
  25      5    215      1    258
  26      5    146     91    213
  27      5     10     91    244
  28      5     27     32    335
  29      5     50     60    244
  30      5    314     60    244
  31      1     44      1    365
  32      1     32      1    365
  33      1     68     60    213
  34      1     35     60    274
  35      1    147      1    365
  36      1    108      1    365
  37      1     18     60    244
  38      1     77      1    365
  39      1     30     32    244
  40      1     32      1    365
  41      1    104     32    244
  42      1     84     91    365
  43      1     40     60    365
  44      1     62     60    244
  45      1     77     91    244
  46      1     22     91    213
  47      1     94      1    274
  48      1      7     91    305
  49      1    111      1    258
  50      1     56     32    166
  51      1     30     60    166
  52      1     19      1    365
  53      1     29     60    293
  54      1     19     91    213
  55      1     42     60    152
  56      1    106     60    244
  57      1     57     60    304
  58      1     76     91    182
  59      1    116     60    182
  60      5     52      1    365
  61      5    198      1    365
  62      1    180      1    365
  63      5     77      1    365
  64      1      3      1    365
  65      1     25      1    365
  66      1     67      1    365
  67      1      8      1    365
  68      5    107      1    365
  69      5     37      1    365
  70      1     48      1    365
  71      1     34      1    365
  72      5     32      1    365
  73      1   1501      1    365
  74      3     49     60    304
  75      5     24      1    365
  76      1     35      1    365
  77      1     45      1    365
  78      1     76      1    365
  79      3     22     60    304
  80      1     80      1    365
  81      1     64      1    365
  82      3     33     60    304
  83      3     10     60    304
  84      5     13      1    365
  85      3     10     60    304
  86      3     20     60    304
  87      3     17     60    304
  88      3     20     60    304
  89      3     87     60    304
  90      3     53     60    304
  91      3    115     60    304
  92      1     65      1    365
  93      1     14      1    365
  94      3    279     60    304
  95      3    169     60    304
  96      1     42      1    365
  97      1      5      1    365
  98      3     88     60    304
  99      3     82     60    304
 100      3     23     60    304
 101      1     54      1    365
 102      1     45      1    365
 103      1     60      1    365
 104      1     45      1    365
 105      3      8     60    304
 106      3    160     60    304
 107      3     97     60    304
 108      3    225     60    304
 109      3     98     60    304
 110      3      7     60    304
 111      3     42     60    304
 112      1     39     60    244
 113      5     31      1    365
 114      3     52     60    304
 115      3     43     60    304
 116      3     30     60    304
 117      5    700      1    365
 118      3     12     60    304
 119      3    155     60    304
 120      3      2     60    304
 121      3      1     60    304
 122      3    830     60    304
 123      3     59     60    304
 124      3    798     60    304
 125      3    233     60    304
 126      3     84     60    304
 127      3    463     60    304
 128      3    469     60    304
 129      3    424     60    304
 130      3    330     60    304
 131      5     43      1    365
 132      3    206     60    304
 133      3    127     60    304
 134      3     12     60    304
 135      3     80     60    304
 136      3     40     60    304
 137      5     40      1    196
 138      5     22      1    365
 139      3     15     60    304
 140      3    167     60    304
 141      3     94     60    304
 142      3    727     60    304
 143      3    441     60    304
 144      3    211     60    304
 145      3     11     60    304
 146      5    209      1    365
 147      3    632     60    304
 148      3    253     60    304
 149      3     42     60    304
 150      1     12      1    365
 151      1     30      1    365
 152      1     66      1    365
 153      3     22     60    304
 154      3     18     60    304
 155      5     52      1    365
 156      1    233      1    365
 157      1     71      1    365
 158      3    253     60    304
 159      5   2763      1    365
 160      5  11058      1    365
 161      5   3917      1    365
 162      1   1073      1    365
 163      1    236      1    365
 164      5      6      1    365
 165      5     63      1    365
 166      1     78     91    258
 167      5      8     60    274
 168      5     86     32    244
 169      5     22      1    365
 170      5     38      1    365
 171      3     78     60    304
 172      5     80     32    244
 173      5     24      1    365
 174      5   7592      1    365
 175      1     15      1    365
 176      3     64     60    304
 177      3    129     60    304
 178      3     39     60    304
 179      3     32     60    304
 180      3     18     60    304
 181      5     32      1    365
 182      3   1270     60    304
 183      3    770     60    304
 184      3     26     60    304
 185      3     13     60    304
 186      3     56     60    304
 187      3     33     60    304
 188      3     40     60    304
 189      3   2398     60    304
 190      3    373     60    304
 191      3    127     60    304
 192      1    164     91    244
 193      1     24     91    244
 194      1     21      1    365
 195      3    195      1    365
 196      3     41     60    304
 197      3    302     60    304
 198      3    105     60    304
 199      5      3      1    365
 200      3    167     60    304
 201      5     10      1    365
 202      3     48     60    304
 203      5    178      1    365
 204      5     86      1    365
 205      5    278      1    365
 206      5     78      1    365
 207      5     70      1    365
 208      5     59      1    365
 209      3     28     60    304
 210      1     24     32    304
 211      5     83     91    161
 212      3    195     60    304
 213      3   1702     60    304
 214      3     21     60    304
 215      5     23     60    244
 216      1     27      1    365
 217      3    127     60    304
 218      5     13      1    365
 219      5     24      1    365
 220      3     41     60    304
 221      3    717      1    365
 222      5    134     60    244
 223      5      8      1    365
 224      5    120      1    365
 225      3    213     60    304
 226      3    107     60    304
 227      5    201      1    365
 228      5     32      1    365
 229      3     28     60    304
 230      3    830     60    304
 231      3    634     60    304
 232      3    283     60    304
 233      1    119      1    365
 234      3     25     60    273
 235      3    145     60    304
 236      5    838      1    365
 237      5    107      1    365
 238      3    749     60    304
 239      3    257     60    304
 240      3     60     60    304
 241      5     26      1    365
 242      5     48      1    365
 243      1    147      1    365
 244      1    107      1    365
 245      1    111      1    365
 246      1     74      1    365
 247      5     94     60    213
 248      5     16      1    365
 249      5     75     60    244
 250      5    684      1    365
 251      3    563     91    288
 252      5    428      1    365
 253      1     54      1    365
 254      3     33    105    273
 999      0      0      1    365
