   1      3     96     60    304
   2      3    104     60    304
   3      3     50     60    304
   4      3     20      1    365
   5      3   1411     60    304
   6      3   1889     60    304
   7      3   1605     60    304
   8      3     12      1    365
   9      3   3299     60    304
  10      3   3288     60    304
  11      3    328     60    304
  12      5    109      1    365
  13      5      8     60    182
  14      5     33     60    213
  15      5    109      1    365
  16      5     27     60    213
  17      5      4     91    365
  18      5    130     32    365
  19      5     32      1    365
  20      5    146     60    304
  21      5     71    121    244
  22      5    193     91    213
  23      5    275     60    274
  24      5     13     91    244
  25      5    203      1    258
  26      5     77     91    213
  27      5      5     91    244
  28      5     25     32    335
  29      5     47     60    244
  30      5    165     60    244
  31      1     54      1    365
  32      1     39      1    365
  33      1     84     60    213
  34      1     43     60    274
  35      1    183      1    365
  36      1    134      1    365
  37      1     22     60    244
  38      1     95      1    365
  39      1     37     32    244
  40      1     39      1    365
  41      1    129     32    244
  42      1    151     91    365
  43      1     72     60    365
  44      1    111     60    244
  45      1    139     91    244
  46      1     39     91    213
  47      1    169      1    274
  48      1     12     91    305
  49      1    199      1    258
  50      1     99     32    166
  51      1     54     60    166
  52      1     33      1    365
  53      1     51     60    293
  54      1     33     91    213
  55      1     75     60    152
  56      1    190     60    244
  57      1     52     60    304
  58      1    136     91    182
  59      1    144     60    182
  60      5     49      1    365
  61      5    310      1    365
  62      1    224      1    365
  63      5    121      1    365
  64      1      6      1    365
  65      1     45      1    365
  66      1    121      1    365
  67      1      9      1    365
  68      5    167      1    365
  69      5     59      1    365
  70      1     60      1    365
  71      1     60      1    365
  72      5     50      1    365
  73      1   1341      1    365
  74      3     46     60    304
  75      5     38      1    365
  76      1     32      1    365
  77      1     40      1    365
  78      1     69      1    365
  79      3     23     60    304
  80      1     72      1    365
  81      1     57      1    365
  82      3     31     60    304
  83      3      9     60    304
  84      5     21      1    365
  85      3     10     60    304
  86      3     21     60    304
  87      3     17     60    304
  88      3     18     60    304
  89      3     81     60    304
  90      3     53     60    304
  91      3    120     60    304
  92      1     80      1    365
  93      1     17      1    365
  94      3    258     60    304
  95      3    169     60    304
  96      1     75      1    365
  97      1      9      1    365
  98      3     88     60    304
  99      3     82     60    304
 100      3     26     60    304
 101      1     49      1    365
 102      1     40      1    365
 103      1     55      1    365
 104      1     56      1    365
 105      3      8     60    304
 106      3    148     60    304
 107      3     97     60    304
 108      3     60     60    304
 109      3     26     60    304
 110      3      7     60    304
 111      3     42     60    304
 112      1     49     60    244
 113      5     16      1    365
 114      3     52     60    304
 115      3     43     60    304
 116      3     30     60    304
 117      5    368      1    365
 118      3     11     60    304
 119      3     41     60    304
 120      3      2     60    304
 121      3      1     60    304
 122      3    222     60    304
 123      3     59     60    304
 124      3    899     60    304
 125      3    231     60    304
 126      3     23     60    304
 127      3    484     60    304
 128      3    528     60    304
 129      3    478     60    304
 130      3    328     60    304
 131      5     67      1    365
 132      3    191     60    304
 133      3     34     60    304
 134      3     12     60    304
 135      3     83     60    304
 136      3     40     60    304
 137      5     38      1    196
 138      5     21      1    365
 139      3     14     60    304
 140      3    188     60    304
 141      3    106     60    304
 142      3    673     60    304
 143      3    441     60    304
 144      3     56     60    304
 145      3     13     60    304
 146      5    110      1    365
 147      3    660     60    304
 148      3     68     60    304
 149      3     11     60    304
 150      1     21      1    365
 151      1     54      1    365
 152      1     82      1    365
 153      3     22     60    304
 154      3     18     60    304
 155      5     49      1    365
 156      1    290      1    365
 157      1    127      1    365
 158      3     68     60    304
 159      5   2602      1    365
 160      5  10413      1    365
 161      5   3689      1    365
 162      1   1335      1    365
 163      1    212      1    365
 164      5      5      1    365
 165      5     33      1    365
 166      1     97     91    258
 167      5      7     60    274
 168      5     81     32    244
 169      5     21      1    365
 170      5     36      1    365
 171      3     77     60    304
 172      5     75     32    244
 173      5     38      1    365
 174      5   7149      1    365
 175      1     27      1    365
 176      3     60     60    304
 177      3    135     60    304
 178      3     39     60    304
 179      3     32     60    304
 180      3     18     60    304
 181      5     30      1    365
 182      3   1175     60    304
 183      3    770     60    304
 184      3     27     60    304
 185      3     13     60    304
 186      3     15     60    304
 187      3     31     60    304
 188      3     40     60    304
 189      3   2218     60    304
 190      3    345     60    304
 191      3    117     60    304
 192      1    204     91    244
 193      1     30     91    244
 194      1     26      1    365
 195      3    194      1    365
 196      3     41     60    304
 197      3    279     60    304
 198      3    110     60    304
 199      5      3      1    365
 200      3    174     60    304
 201      5      9      1    365
 202      3     50     60    304
 203      5    167      1    365
 204      5     81      1    365
 205      5    261      1    365
 206      5     73      1    365
 207      5     70      1    365
 208      5     55      1    365
 209      3     29     60    304
 210      1     30     32    304
 211      5    130     91    161
 212      3    204     60    304
 213      3   1778     60    304
 214      3     20     60    304
 215      5     22     60    244
 216      1     34      1    365
 217      3    133     60    304
 218      5     21      1    365
 219      5     38      1    365
 220      3     38     60    304
 221      3    807      1    365
 222      5    209     60    244
 223      5     13      1    365
 224      5    188      1    365
 225      3    222     60    304
 226      3    107     60    304
 227      5    189      1    365
 228      5     30      1    365
 229      3     29     60    304
 230      3    222     60    304
 231      3    630     60    304
 232      3    319     60    304
 233      1    148      1    365
 234      3     23     60    273
 235      3    145     60    304
 236      5   1978      1    365
 237      5    167      1    365
 238      3    844     60    304
 239      3    290     60    304
 240      3     67     60    304
 241      5     24      1    365
 242      5     45      1    365
 243      1    183      1    365
 244      1    133      1    365
 245      1    138      1    365
 246      1     74      1    365
 247      5    146     60    213
 248      5     25      1    365
 249      5    117     60    244
 250      5    953      1    365
 251      3    151     91    288
 252      5    669      1    365
 253      1     67      1    365
 254      3     31    105    273
 999      0      0      1    365
