   1      3     71     60    304
   2      3     60     60    304
   3      3     50     60    304
   4      3     15      1    365
   5      3   1402     60    304
   6      3   1877     60    304
   7      3   1605     60    304
   8      3      7      1    365
   9      3   3278     60    304
  10      3   3268     60    304
  11      3    529     60    304
  12      5    111      1    365
  13      5     10     60    182
  14      5     34     60    213
  15      5    111      1    365
  16      5     39     60    213
  17      5      5     91    365
  18      5    132     32    365
  19      5     33      1    365
  20      5    170     60    304
  21      5    100    121    244
  22      5    216     91    213
  23      5    385     60    274
  24      5     15     91    244
  25      5    206      1    258
  26      5    108     91    213
  27      5      8     91    244
  28      5     26     32    335
  29      5     48     60    244
  30      5    231     60    244
  31      1     58      1    365
  32      1     42      1    365
  33      1     90     60    213
  34      1     46     60    274
  35      1    196      1    365
  36      1    144      1    365
  37      1     24     60    244
  38      1    102      1    365
  39      1     40     32    244
  40      1     42      1    365
  41      1    138     32    244
  42      1    204     91    365
  43      1     98     60    365
  44      1    151     60    244
  45      1    188     91    244
  46      1     53     91    213
  47      1    229      1    274
  48      1     16     91    305
  49      1    270      1    258
  50      1    135     32    166
  51      1     74     60    166
  52      1     45      1    365
  53      1     70     60    293
  54      1     45     91    213
  55      1    102     60    152
  56      1    258     60    244
  57      1    155     60    304
  58      1    184     91    182
  59      1    154     60    182
  60      5     50      1    365
  61      5    360      1    365
  62      1    240      1    365
  63      5    141      1    365
  64      1      8      1    365
  65      1     61      1    365
  66      1    164      1    365
  67      1     10      1    365
  68      5    195      1    365
  69      5     68      1    365
  70      1     64      1    365
  71      1     82      1    365
  72      5     58      1    365
  73      1     89      1    365
  74      3     34     60    304
  75      5     44      1    365
  76      1     95      1    365
  77      1    121      1    365
  78      1    207      1    365
  79      3     13     60    304
  80      1    215      1    365
  81      1    172      1    365
  82      3     23     60    304
  83      3      7     60    304
  84      5     24      1    365
  85      3      6     60    304
  86      3     12     60    304
  87      3     27     60    304
  88      3     14     60    304
  89      3     60     60    304
  90      3     53     60    304
  91      3     70     60    304
  92      1     86      1    365
  93      1     18      1    365
  94      3    191     60    304
  95      3    169     60    304
  96      1    102      1    365
  97      1     12      1    365
  98      3    142     60    304
  99      3    132     60    304
 100      3     26     60    304
 101      1    146      1    365
 102      1    121      1    365
 103      1    164      1    365
 104      1     60      1    365
 105      3     14     60    304
 106      3    109     60    304
 107      3     97     60    304
 108      3     45     60    304
 109      3     20     60    304
 110      3      7     60    304
 111      3     68     60    304
 112      1     52     60    244
 113      5     23      1    365
 114      3     84     60    304
 115      3     43     60    304
 116      3     49     60    304
 117      5    516      1    365
 118      3      8     60    304
 119      3     31     60    304
 120      3      1     60    304
 121      3      1     60    304
 122      3    167     60    304
 123      3     59     60    304
 124      3    894     60    304
 125      3    373     60    304
 126      3     17     60    304
 127      3    279     60    304
 128      3    525     60    304
 129      3    475     60    304
 130      3    529     60    304
 131      5     78      1    365
 132      3    141     60    304
 133      3     26     60    304
 134      3      7     60    304
 135      3     48     60    304
 136      3     40     60    304
 137      5     38      1    196
 138      5     21      1    365
 139      3     10     60    304
 140      3    187     60    304
 141      3    105     60    304
 142      3    497     60    304
 143      3    441     60    304
 144      3     43     60    304
 145      3     13     60    304
 146      5    154      1    365
 147      3    381     60    304
 148      3     51     60    304
 149      3      9     60    304
 150      1     29      1    365
 151      1     74      1    365
 152      1     88      1    365
 153      3     35     60    304
 154      3     18     60    304
 155      5     50      1    365
 156      1    310      1    365
 157      1    172      1    365
 158      3     51     60    304
 159      5   2647      1    365
 160      5  10595      1    365
 161      5   3753      1    365
 162      1   1431      1    365
 163      1    637      1    365
 164      5      5      1    365
 165      5     46      1    365
 166      1    104     91    258
 167      5      7     60    274
 168      5     82     32    244
 169      5     21      1    365
 170      5     36      1    365
 171      3    124     60    304
 172      5     77     32    244
 173      5     44      1    365
 174      5   7274      1    365
 175      1     37      1    365
 176      3     44     60    304
 177      3     78     60    304
 178      3     62     60    304
 179      3     32     60    304
 180      3     29     60    304
 181      5     31      1    365
 182      3    868     60    304
 183      3    770     60    304
 184      3     16     60    304
 185      3     13     60    304
 186      3     11     60    304
 187      3     23     60    304
 188      3     64     60    304
 189      3   1639     60    304
 190      3    255     60    304
 191      3     87     60    304
 192      1    218     91    244
 193      1     32     91    244
 194      1     28      1    365
 195      3    313      1    365
 196      3     66     60    304
 197      3    206     60    304
 198      3     64     60    304
 199      5      3      1    365
 200      3    101     60    304
 201      5     10      1    365
 202      3     29     60    304
 203      5    170      1    365
 204      5     82      1    365
 205      5    266      1    365
 206      5     74      1    365
 207      5     70      1    365
 208      5     56      1    365
 209      3     17     60    304
 210      1     32     32    304
 211      5    151     91    161
 212      3    118     60    304
 213      3   1026     60    304
 214      3     15     60    304
 215      5     22     60    244
 216      1     36      1    365
 217      3     77     60    304
 218      5     24      1    365
 219      5     44      1    365
 220      3     28     60    304
 221      3    802      1    365
 222      5    243     60    244
 223      5     15      1    365
 224      5    219      1    365
 225      3    128     60    304
 226      3    107     60    304
 227      5    193      1    365
 228      5     31      1    365
 229      3     17     60    304
 230      3    167     60    304
 231      3   1017     60    304
 232      3    317     60    304
 233      1    158      1    365
 234      3     17     60    273
 235      3    233     60    304
 236      5   2206      1    365
 237      5    195      1    365
 238      3    839     60    304
 239      3    288     60    304
 240      3     67     60    304
 241      5     24      1    365
 242      5     46      1    365
 243      1    196      1    365
 244      1    142      1    365
 245      1    148      1    365
 246      1     74      1    365
 247      5    170     60    213
 248      5     29      1    365
 249      5    136     60    244
 250      5    444      1    365
 251      3    113     91    288
 252      5    779      1    365
 253      1     72      1    365
 254      3     23    105    273
 999      0      0      1    365
