   1      3     86     60    304
   2      3     69     60    304
   3      3     50     60    304
   4      3     18      1    365
   5      3   1357     60    304
   6      3   1816     60    304
   7      3   1605     60    304
   8      3      8      1    365
   9      3   3171     60    304
  10      3   3161     60    304
  11      3    449     60    304
  12      5    107      1    365
  13      5      6     60    182
  14      5     33     60    213
  15      5    107      1    365
  16      5     72     60    213
  17      5      3     91    365
  18      5    127     32    365
  19      5     32      1    365
  20      5    111     60    304
  21      5    186    121    244
  22      5    207     91    213
  23      5    716     60    274
  24      5     10     91    244
  25      5    199      1    258
  26      5    200     91    213
  27      5     14     91    244
  28      5     25     32    335
  29      5     46     60    244
  30      5    430     60    244
  31      1     42      1    365
  32      1     31      1    365
  33      1     66     60    213
  34      1     34     60    274
  35      1    144      1    365
  36      1    105      1    365
  37      1     18     60    244
  38      1     75      1    365
  39      1     29     32    244
  40      1     31      1    365
  41      1    101     32    244
  42      1    120     91    365
  43      1     58     60    365
  44      1     89     60    244
  45      1    111     91    244
  46      1     31     91    213
  47      1    135      1    274
  48      1     10     91    305
  49      1    159      1    258
  50      1     79     32    166
  51      1     43     60    166
  52      1     26      1    365
  53      1     41     60    293
  54      1     26     91    213
  55      1     60     60    152
  56      1    152     60    244
  57      1    130     60    304
  58      1    108     91    182
  59      1    113     60    182
  60      5     48      1    365
  61      5    235      1    365
  62      1    176      1    365
  63      5     92      1    365
  64      1      5      1    365
  65      1     36      1    365
  66      1     96      1    365
  67      1      7      1    365
  68      5    127      1    365
  69      5     44      1    365
  70      1     47      1    365
  71      1     48      1    365
  72      5     38      1    365
  73      1    263      1    365
  74      3     41     60    304
  75      5     29      1    365
  76      1     79      1    365
  77      1    101      1    365
  78      1    173      1    365
  79      3     15     60    304
  80      1    180      1    365
  81      1    144      1    365
  82      3     27     60    304
  83      3      8     60    304
  84      5     16      1    365
  85      3      7     60    304
  86      3     14     60    304
  87      3     23     60    304
  88      3     16     60    304
  89      3     72     60    304
  90      3     53     60    304
  91      3     80     60    304
  92      1     63      1    365
  93      1     13      1    365
  94      3    230     60    304
  95      3    169     60    304
  96      1     60      1    365
  97      1      7      1    365
  98      3    120     60    304
  99      3    112     60    304
 100      3     25     60    304
 101      1    123      1    365
 102      1    101      1    365
 103      1    137      1    365
 104      1     44      1    365
 105      3     12     60    304
 106      3    132     60    304
 107      3     97     60    304
 108      3     91     60    304
 109      3     40     60    304
 110      3      7     60    304
 111      3     58     60    304
 112      1     38     60    244
 113      5     43      1    365
 114      3     71     60    304
 115      3     43     60    304
 116      3     41     60    304
 117      5    959      1    365
 118      3     10     60    304
 119      3     62     60    304
 120      3      1     60    304
 121      3      1     60    304
 122      3    334     60    304
 123      3     59     60    304
 124      3    864     60    304
 125      3    317     60    304
 126      3     34     60    304
 127      3    322     60    304
 128      3    508     60    304
 129      3    459     60    304
 130      3    449     60    304
 131      5     51      1    365
 132      3    170     60    304
 133      3     51     60    304
 134      3      8     60    304
 135      3     55     60    304
 136      3     40     60    304
 137      5     37      1    196
 138      5     21      1    365
 139      3     12     60    304
 140      3    181     60    304
 141      3    102     60    304
 142      3    600     60    304
 143      3    441     60    304
 144      3     85     60    304
 145      3     12     60    304
 146      5    286      1    365
 147      3    439     60    304
 148      3    102     60    304
 149      3     17     60    304
 150      1     17      1    365
 151      1     43      1    365
 152      1     64      1    365
 153      3     30     60    304
 154      3     18     60    304
 155      5     48      1    365
 156      1    227      1    365
 157      1    101      1    365
 158      3    102     60    304
 159      5   2552      1    365
 160      5  10215      1    365
 161      5   3618      1    365
 162      1   1047      1    365
 163      1    534      1    365
 164      5      5      1    365
 165      5     86      1    365
 166      1     76     91    258
 167      5      7     60    274
 168      5     79     32    244
 169      5     21      1    365
 170      5     35      1    365
 171      3    106     60    304
 172      5     74     32    244
 173      5     29      1    365
 174      5   7013      1    365
 175      1     22      1    365
 176      3     53     60    304
 177      3     90     60    304
 178      3     53     60    304
 179      3     32     60    304
 180      3     25     60    304
 181      5     30      1    365
 182      3   1048     60    304
 183      3    770     60    304
 184      3     18     60    304
 185      3     13     60    304
 186      3     23     60    304
 187      3     27     60    304
 188      3     54     60    304
 189      3   1978     60    304
 190      3    308     60    304
 191      3    105     60    304
 192      1    160     91    244
 193      1     23     91    244
 194      1     21      1    365
 195      3    266      1    365
 196      3     56     60    304
 197      3    249     60    304
 198      3     73     60    304
 199      5      3      1    365
 200      3    116     60    304
 201      5      9      1    365
 202      3     33     60    304
 203      5    164      1    365
 204      5     79      1    365
 205      5    256      1    365
 206      5     72      1    365
 207      5     70      1    365
 208      5     54      1    365
 209      3     19     60    304
 210      1     23     32    304
 211      5     98     91    161
 212      3    135     60    304
 213      3   1183     60    304
 214      3     18     60    304
 215      5     22     60    244
 216      1     26      1    365
 217      3     88     60    304
 218      5     16      1    365
 219      5     29      1    365
 220      3     34     60    304
 221      3    776      1    365
 222      5    159     60    244
 223      5     10      1    365
 224      5    143      1    365
 225      3    148     60    304
 226      3    107     60    304
 227      5    186      1    365
 228      5     30      1    365
 229      3     19     60    304
 230      3    334     60    304
 231      3    863     60    304
 232      3    307     60    304
 233      1    116      1    365
 234      3     20     60    273
 235      3    198     60    304
 236      5   2113      1    365
 237      5    127      1    365
 238      3    811     60    304
 239      3    278     60    304
 240      3     64     60    304
 241      5     24      1    365
 242      5     44      1    365
 243      1    144      1    365
 244      1    104      1    365
 245      1    108      1    365
 246      1     74      1    365
 247      5    111     60    213
 248      5     19      1    365
 249      5     89     60    244
 250      5   2810      1    365
 251      3    227     91    288
 252      5    508      1    365
 253      1     53      1    365
 254      3     27    105    273
 999      0      0      1    365
