   1      3     80     60    304
   2      3     57     60    304
   3      3     50     60    304
   4      3     17      1    365
   5      3   1220     60    304
   6      3   1633     60    304
   7      3   1605     60    304
   8      3      7      1    365
   9      3   2852     60    304
  10      3   2843     60    304
  11      3    424     60    304
  12      5    113      1    365
  13      5      7     60    182
  14      5     35     60    213
  15      5    113      1    365
  16      5     54     60    213
  17      5      3     91    365
  18      5    134     32    365
  19      5     34      1    365
  20      5    122     60    304
  21      5    139    121    244
  22      5    215     91    213
  23      5    535     60    274
  24      5     10     91    244
  25      5    210      1    258
  26      5    150     91    213
  27      5     11     91    244
  28      5     26     32    335
  29      5     49     60    244
  30      5    321     60    244
  31      1     51      1    365
  32      1     37      1    365
  33      1     79     60    213
  34      1     40     60    274
  35      1    172      1    365
  36      1    127      1    365
  37      1     21     60    244
  38      1     90      1    365
  39      1     35     32    244
  40      1     37      1    365
  41      1    121     32    244
  42      1    171     91    365
  43      1     82     60    365
  44      1    127     60    244
  45      1    157     91    244
  46      1     44     91    213
  47      1    191      1    274
  48      1     14     91    305
  49      1    226      1    258
  50      1    113     32    166
  51      1     62     60    166
  52      1     38      1    365
  53      1     58     60    293
  54      1     38     91    213
  55      1     85     60    152
  56      1    215     60    244
  57      1     60     60    304
  58      1    154     91    182
  59      1    135     60    182
  60      5     51      1    365
  61      5    258      1    365
  62      1    211      1    365
  63      5    101      1    365
  64      1      7      1    365
  65      1     51      1    365
  66      1    137      1    365
  67      1      9      1    365
  68      5    139      1    365
  69      5     49      1    365
  70      1     56      1    365
  71      1     68      1    365
  72      5     42      1    365
  73      1   1939      1    365
  74      3     38     60    304
  75      5     31      1    365
  76      1     36      1    365
  77      1     46      1    365
  78      1     79      1    365
  79      3     12     60    304
  80      1     83      1    365
  81      1     66      1    365
  82      3     25     60    304
  83      3      8     60    304
  84      5     17      1    365
  85      3      6     60    304
  86      3     11     60    304
  87      3     22     60    304
  88      3     15     60    304
  89      3     68     60    304
  90      3     53     60    304
  91      3     66     60    304
  92      1     76      1    365
  93      1     16      1    365
  94      3    215     60    304
  95      3    169     60    304
  96      1     85      1    365
  97      1     10      1    365
  98      3    114     60    304
  99      3    106     60    304
 100      3     22     60    304
 101      1     56      1    365
 102      1     46      1    365
 103      1     63      1    365
 104      1     53      1    365
 105      3     11     60    304
 106      3    124     60    304
 107      3     97     60    304
 108      3    163     60    304
 109      3     71     60    304
 110      3      7     60    304
 111      3     55     60    304
 112      1     46     60    244
 113      5     32      1    365
 114      3     67     60    304
 115      3     43     60    304
 116      3     39     60    304
 117      5    717      1    365
 118      3      9     60    304
 119      3    112     60    304
 120      3      1     60    304
 121      3      1     60    304
 122      3    602     60    304
 123      3     59     60    304
 124      3    777     60    304
 125      3    300     60    304
 126      3     61     60    304
 127      3    264     60    304
 128      3    457     60    304
 129      3    413     60    304
 130      3    424     60    304
 131      5     56      1    365
 132      3    159     60    304
 133      3     92     60    304
 134      3      7     60    304
 135      3     45     60    304
 136      3     40     60    304
 137      5     39      1    196
 138      5     22      1    365
 139      3     11     60    304
 140      3    163     60    304
 141      3     92     60    304
 142      3    562     60    304
 143      3    441     60    304
 144      3    153     60    304
 145      3     11     60    304
 146      5    214      1    365
 147      3    360     60    304
 148      3    184     60    304
 149      3     31     60    304
 150      1     24      1    365
 151      1     62      1    365
 152      1     77      1    365
 153      3     28     60    304
 154      3     18     60    304
 155      5     51      1    365
 156      1    272      1    365
 157      1    144      1    365
 158      3    184     60    304
 159      5   2695      1    365
 160      5  10787      1    365
 161      5   3821      1    365
 162      1   1257      1    365
 163      1    245      1    365
 164      5      5      1    365
 165      5     64      1    365
 166      1     91     91    258
 167      5      8     60    274
 168      5     83     32    244
 169      5     22      1    365
 170      5     37      1    365
 171      3    100     60    304
 172      5     78     32    244
 173      5     31      1    365
 174      5   7406      1    365
 175      1     31      1    365
 176      3     50     60    304
 177      3     74     60    304
 178      3     50     60    304
 179      3     32     60    304
 180      3     23     60    304
 181      5     31      1    365
 182      3    981     60    304
 183      3    770     60    304
 184      3     15     60    304
 185      3     13     60    304
 186      3     41     60    304
 187      3     25     60    304
 188      3     51     60    304
 189      3   1853     60    304
 190      3    288     60    304
 191      3     98     60    304
 192      1    192     91    244
 193      1     28     91    244
 194      1     25      1    365
 195      3    251      1    365
 196      3     53     60    304
 197      3    233     60    304
 198      3     60     60    304
 199      5      3      1    365
 200      3     95     60    304
 201      5     10      1    365
 202      3     27     60    304
 203      5    173      1    365
 204      5     83      1    365
 205      5    271      1    365
 206      5     76      1    365
 207      5     70      1    365
 208      5     57      1    365
 209      3     16     60    304
 210      1     28     32    304
 211      5    108     91    161
 212      3    111     60    304
 213      3    970     60    304
 214      3     17     60    304
 215      5     23     60    244
 216      1     32      1    365
 217      3     73     60    304
 218      5     17      1    365
 219      5     31      1    365
 220      3     32     60    304
 221      3    698      1    365
 222      5    174     60    244
 223      5     10      1    365
 224      5    157      1    365
 225      3    121     60    304
 226      3    107     60    304
 227      5    196      1    365
 228      5     31      1    365
 229      3     16     60    304
 230      3    602     60    304
 231      3    816     60    304
 232      3    276     60    304
 233      1    139      1    365
 234      3     19     60    273
 235      3    187     60    304
 236      5   2203      1    365
 237      5    139      1    365
 238      3    730     60    304
 239      3    250     60    304
 240      3     58     60    304
 241      5     25      1    365
 242      5     47      1    365
 243      1    172      1    365
 244      1    125      1    365
 245      1    130      1    365
 246      1     74      1    365
 247      5    122     60    213
 248      5     21      1    365
 249      5     98     60    244
 250      5    941      1    365
 251      3    408     91    288
 252      5    558      1    365
 253      1     63      1    365
 254      3     25    105    273
 999      0      0      1    365
