   1      3     86     60    304
   2      3     72     60    304
   3      3     50     60    304
   4      3     18      1    365
   5      3   1443     60    304
   6      3   1932     60    304
   7      3   1605     60    304
   8      3      9      1    365
   9      3   3374     60    304
  10      3   3363     60    304
  11      3    513     60    304
  12      5    107      1    365
  13      5      5     60    182
  14      5     33     60    213
  15      5    107      1    365
  16      5     58     60    213
  17      5      3     91    365
  18      5    128     32    365
  19      5     32      1    365
  20      5     91     60    304
  21      5    151    121    244
  22      5    122     91    213
  23      5    579     60    274
  24      5      8     91    244
  25      5    200      1    258
  26      5    162     91    213
  27      5     12     91    244
  28      5     25     32    335
  29      5     46     60    244
  30      5    348     60    244
  31      1     55      1    365
  32      1     40      1    365
  33      1     86     60    213
  34      1     44     60    274
  35      1    187      1    365
  36      1    138      1    365
  37      1     23     60    244
  38      1     97      1    365
  39      1     38     32    244
  40      1     40      1    365
  41      1    132     32    244
  42      1    154     91    365
  43      1     74     60    365
  44      1    114     60    244
  45      1    142     91    244
  46      1     40     91    213
  47      1    172      1    274
  48      1     12     91    305
  49      1    203      1    258
  50      1    102     32    166
  51      1     55     60    166
  52      1     34      1    365
  53      1     52     60    293
  54      1     34     91    213
  55      1     77     60    152
  56      1    194     60    244
  57      1    182     60    304
  58      1    139     91    182
  59      1    147     60    182
  60      5     48      1    365
  61      5    193      1    365
  62      1    229      1    365
  63      5     76      1    365
  64      1      6      1    365
  65      1     46      1    365
  66      1    123      1    365
  67      1     10      1    365
  68      5    105      1    365
  69      5     37      1    365
  70      1     61      1    365
  71      1     62      1    365
  72      5     31      1    365
  73      1    374      1    365
  74      3     41     60    304
  75      5     24      1    365
  76      1    112      1    365
  77      1    142      1    365
  78      1    243      1    365
  79      3     16     60    304
  80      1    253      1    365
  81      1    203      1    365
  82      3     27     60    304
  83      3      8     60    304
  84      5     13      1    365
  85      3      7     60    304
  86      3     14     60    304
  87      3     26     60    304
  88      3     16     60    304
  89      3     72     60    304
  90      3     53     60    304
  91      3     83     60    304
  92      1     82      1    365
  93      1     17      1    365
  94      3    231     60    304
  95      3    169     60    304
  96      1     77      1    365
  97      1      9      1    365
  98      3    138     60    304
  99      3    128     60    304
 100      3     26     60    304
 101      1    172      1    365
 102      1    142      1    365
 103      1    193      1    365
 104      1     57      1    365
 105      3     13     60    304
 106      3    132     60    304
 107      3     97     60    304
 108      3    105     60    304
 109      3     46     60    304
 110      3      7     60    304
 111      3     66     60    304
 112      1     50     60    244
 113      5     35      1    365
 114      3     81     60    304
 115      3     43     60    304
 116      3     47     60    304
 117      5    776      1    365
 118      3     10     60    304
 119      3     72     60    304
 120      3      1     60    304
 121      3      1     60    304
 122      3    387     60    304
 123      3     59     60    304
 124      3    920     60    304
 125      3    362     60    304
 126      3     39     60    304
 127      3    334     60    304
 128      3    540     60    304
 129      3    489     60    304
 130      3    513     60    304
 131      5     42      1    365
 132      3    171     60    304
 133      3     59     60    304
 134      3      9     60    304
 135      3     57     60    304
 136      3     40     60    304
 137      5     37      1    196
 138      5     21      1    365
 139      3     12     60    304
 140      3    193     60    304
 141      3    108     60    304
 142      3    602     60    304
 143      3    441     60    304
 144      3     98     60    304
 145      3     13     60    304
 146      5    232      1    365
 147      3    456     60    304
 148      3    118     60    304
 149      3     20     60    304
 150      1     22      1    365
 151      1     55      1    365
 152      1     84      1    365
 153      3     34     60    304
 154      3     18     60    304
 155      5     48      1    365
 156      1    296      1    365
 157      1    129      1    365
 158      3    118     60    304
 159      5   2565      1    365
 160      5  10265      1    365
 161      5   3636      1    365
 162      1   1367      1    365
 163      1    750      1    365
 164      5      5      1    365
 165      5     70      1    365
 166      1     99     91    258
 167      5      7     60    274
 168      5     79     32    244
 169      5     21      1    365
 170      5     35      1    365
 171      3    121     60    304
 172      5     74     32    244
 173      5     24      1    365
 174      5   7048      1    365
 175      1     28      1    365
 176      3     53     60    304
 177      3     93     60    304
 178      3     60     60    304
 179      3     32     60    304
 180      3     28     60    304
 181      5     30      1    365
 182      3   1051     60    304
 183      3    770     60    304
 184      3     19     60    304
 185      3     13     60    304
 186      3     26     60    304
 187      3     27     60    304
 188      3     62     60    304
 189      3   1984     60    304
 190      3    308     60    304
 191      3    105     60    304
 192      1    208     91    244
 193      1     31     91    244
 194      1     27      1    365
 195      3    304      1    365
 196      3     64     60    304
 197      3    250     60    304
 198      3     76     60    304
 199      5      3      1    365
 200      3    120     60    304
 201      5      9      1    365
 202      3     34     60    304
 203      5    165      1    365
 204      5     79      1    365
 205      5    258      1    365
 206      5     72      1    365
 207      5     70      1    365
 208      5     55      1    365
 209      3     20     60    304
 210      1     31     32    304
 211      5     81     91    161
 212      3    140     60    304
 213      3   1226     60    304
 214      3     18     60    304
 215      5     22     60    244
 216      1     34      1    365
 217      3     92     60    304
 218      5     13      1    365
 219      5     24      1    365
 220      3     34     60    304
 221      3    826      1    365
 222      5    131     60    244
 223      5      8      1    365
 224      5    118      1    365
 225      3    153     60    304
 226      3    107     60    304
 227      5    187      1    365
 228      5     30      1    365
 229      3     20     60    304
 230      3    387     60    304
 231      3    987     60    304
 232      3    326     60    304
 233      1    151      1    365
 234      3     20     60    273
 235      3    226     60    304
 236      5   1247      1    365
 237      5    105      1    365
 238      3    863     60    304
 239      3    296     60    304
 240      3     69     60    304
 241      5     24      1    365
 242      5     44      1    365
 243      1    187      1    365
 244      1    136      1    365
 245      1    141      1    365
 246      1     74      1    365
 247      5     91     60    213
 248      5     16      1    365
 249      5     73     60    244
 250      5    558      1    365
 251      3    262     91    288
 252      5    418      1    365
 253      1     69      1    365
 254      3     27    105    273
 999      0      0      1    365
