   1      3     72     60    304
   2      3     51     60    304
   3      3     50     60    304
   4      3     15      1    365
   5      3   1211     60    304
   6      3   1620     60    304
   7      3   1605     60    304
   8      3      6      1    365
   9      3   2830     60    304
  10      3   2821     60    304
  11      3    660     60    304
  12      5    106      1    365
  13      5      4     60    182
  14      5     32     60    213
  15      5    106      1    365
  16      5     36     60    213
  17      5      2     91    365
  18      5    126     32    365
  19      5     31      1    365
  20      5     71     60    304
  21      5     94    121    244
  22      5    281     91    213
  23      5    363     60    274
  24      5      6     91    244
  25      5    197      1    258
  26      5    102     91    213
  27      5      7     91    244
  28      5     24     32    335
  29      5     46     60    244
  30      5    218     60    244
  31      1     52      1    365
  32      1     37      1    365
  33      1     80     60    213
  34      1     41     60    274
  35      1    175      1    365
  36      1    128      1    365
  37      1     21     60    244
  38      1     91      1    365
  39      1     36     32    244
  40      1     37      1    365
  41      1    123     32    244
  42      1    210     91    365
  43      1    101     60    365
  44      1    156     60    244
  45      1    193     91    244
  46      1     55     91    213
  47      1    235      1    274
  48      1     17     91    305
  49      1    277      1    258
  50      1    139     32    166
  51      1     76     60    166
  52      1     46      1    365
  53      1     71     60    293
  54      1     46     91    213
  55      1    105     60    152
  56      1    265     60    244
  57      1    233     60    304
  58      1    189     91    182
  59      1    137     60    182
  60      5     48      1    365
  61      5    150      1    365
  62      1    214      1    365
  63      5     59      1    365
  64      1      8      1    365
  65      1     63      1    365
  66      1    168      1    365
  67      1      9      1    365
  68      5     81      1    365
  69      5     28      1    365
  70      1     57      1    365
  71      1     84      1    365
  72      5     24      1    365
  73      1   2669      1    365
  74      3     34     60    304
  75      5     18      1    365
  76      1    142      1    365
  77      1    181      1    365
  78      1    311      1    365
  79      3     11     60    304
  80      1    323      1    365
  81      1    259      1    365
  82      3     23     60    304
  83      3      7     60    304
  84      5     10      1    365
  85      3      5     60    304
  86      3     10     60    304
  87      3     34     60    304
  88      3     14     60    304
  89      3     61     60    304
  90      3     53     60    304
  91      3     59     60    304
  92      1     77      1    365
  93      1     16      1    365
  94      3    194     60    304
  95      3    169     60    304
  96      1    105      1    365
  97      1     13      1    365
  98      3    177     60    304
  99      3    165     60    304
 100      3     22     60    304
 101      1    220      1    365
 102      1    181      1    365
 103      1    246      1    365
 104      1     53      1    365
 105      3     17     60    304
 106      3    111     60    304
 107      3     97     60    304
 108      3     80     60    304
 109      3     35     60    304
 110      3      7     60    304
 111      3     85     60    304
 112      1     46     60    244
 113      5     22      1    365
 114      3    104     60    304
 115      3     43     60    304
 116      3     61     60    304
 117      5    486      1    365
 118      3      8     60    304
 119      3     55     60    304
 120      3      1     60    304
 121      3      1     60    304
 122      3    296     60    304
 123      3     59     60    304
 124      3    771     60    304
 125      3    466     60    304
 126      3     30     60    304
 127      3    237     60    304
 128      3    453     60    304
 129      3    410     60    304
 130      3    660     60    304
 131      5     32      1    365
 132      3    144     60    304
 133      3     45     60    304
 134      3      6     60    304
 135      3     41     60    304
 136      3     40     60    304
 137      5     37      1    196
 138      5     20      1    365
 139      3     10     60    304
 140      3    162     60    304
 141      3     91     60    304
 142      3    506     60    304
 143      3    441     60    304
 144      3     75     60    304
 145      3     11     60    304
 146      5    145      1    365
 147      3    324     60    304
 148      3     90     60    304
 149      3     15     60    304
 150      1     29      1    365
 151      1     76      1    365
 152      1     78      1    365
 153      3     44     60    304
 154      3     18     60    304
 155      5     48      1    365
 156      1    276      1    365
 157      1    177      1    365
 158      3     90     60    304
 159      5   2526      1    365
 160      5  10111      1    365
 161      5   3582      1    365
 162      1   1274      1    365
 163      1    957      1    365
 164      5      5      1    365
 165      5     44      1    365
 166      1     93     91    258
 167      5      7     60    274
 168      5     78     32    244
 169      5     20      1    365
 170      5     35      1    365
 171      3    155     60    304
 172      5     73     32    244
 173      5     18      1    365
 174      5   6942      1    365
 175      1     38      1    365
 176      3     45     60    304
 177      3     66     60    304
 178      3     78     60    304
 179      3     32     60    304
 180      3     36     60    304
 181      5     29      1    365
 182      3    884     60    304
 183      3    770     60    304
 184      3     13     60    304
 185      3     13     60    304
 186      3     20     60    304
 187      3     23     60    304
 188      3     80     60    304
 189      3   1670     60    304
 190      3    260     60    304
 191      3     88     60    304
 192      1    194     91    244
 193      1     29     91    244
 194      1     25      1    365
 195      3    391      1    365
 196      3     83     60    304
 197      3    210     60    304
 198      3     54     60    304
 199      5      3      1    365
 200      3     85     60    304
 201      5      9      1    365
 202      3     24     60    304
 203      5    162      1    365
 204      5     78      1    365
 205      5    254      1    365
 206      5     71      1    365
 207      5     70      1    365
 208      5     54      1    365
 209      3     14     60    304
 210      1     29     32    304
 211      5     63     91    161
 212      3    100     60    304
 213      3    871     60    304
 214      3     15     60    304
 215      5     21     60    244
 216      1     32      1    365
 217      3     65     60    304
 218      5     10      1    365
 219      5     18      1    365
 220      3     29     60    304
 221      3    693      1    365
 222      5    102     60    244
 223      5      6      1    365
 224      5     91      1    365
 225      3    109     60    304
 226      3    107     60    304
 227      5    184      1    365
 228      5     29      1    365
 229      3     14     60    304
 230      3    296     60    304
 231      3   1269     60    304
 232      3    274     60    304
 233      1    141      1    365
 234      3     17     60    273
 235      3    291     60    304
 236      5   2875      1    365
 237      5     81      1    365
 238      3    724     60    304
 239      3    248     60    304
 240      3     58     60    304
 241      5     23      1    365
 242      5     44      1    365
 243      1    175      1    365
 244      1    127      1    365
 245      1    132      1    365
 246      1     74      1    365
 247      5     71     60    213
 248      5     12      1    365
 249      5     57     60    244
 250      5    435      1    365
 251      3    201     91    288
 252      5    325      1    365
 253      1     64      1    365
 254      3     23    105    273
 999      0      0      1    365
