   1      3     71     60    304
   2      3     94     60    304
   3      3     50     60    304
   4      3     15      1    365
   5      3   1442     60    304
   6      3   1930     60    304
   7      3   1605     60    304
   8      3     11      1    365
   9      3   3370     60    304
  10      3   3359     60    304
  11      3    682     60    304
  12      5    107      1    365
  13      5     11     60    182
  14      5     33     60    213
  15      5    107      1    365
  16      5     77     60    213
  17      5      5     91    365
  18      5    127     32    365
  19      5     32      1    365
  20      5    191     60    304
  21      5    199    121    244
  22      5     50     91    213
  23      5    766     60    274
  24      5     16     91    244
  25      5    199      1    258
  26      5    215     91    213
  27      5     15     91    244
  28      5     25     32    335
  29      5     46     60    244
  30      5    460     60    244
  31      1     39      1    365
  32      1     28      1    365
  33      1     61     60    213
  34      1     31     60    274
  35      1    132      1    365
  36      1     97      1    365
  37      1     16     60    244
  38      1     69      1    365
  39      1     27     32    244
  40      1     28      1    365
  41      1     93     32    244
  42      1     72     91    365
  43      1     34     60    365
  44      1     53     60    244
  45      1     66     91    244
  46      1     19     91    213
  47      1     80      1    274
  48      1      6     91    305
  49      1     95      1    258
  50      1     47     32    166
  51      1     26     60    166
  52      1     16      1    365
  53      1     24     60    293
  54      1     16     91    213
  55      1     36     60    152
  56      1     90     60    244
  57      1    144     60    304
  58      1     64     91    182
  59      1    104     60    182
  60      5     48      1    365
  61      5    404      1    365
  62      1    161      1    365
  63      5    158      1    365
  64      1      3      1    365
  65      1     21      1    365
  66      1     57      1    365
  67      1      7      1    365
  68      5    218      1    365
  69      5     76      1    365
  70      1     43      1    365
  71      1     29      1    365
  72      5     65      1    365
  73      1    739      1    365
  74      3     34     60    304
  75      5     49      1    365
  76      1     88      1    365
  77      1    112      1    365
  78      1    192      1    365
  79      3     21     60    304
  80      1    200      1    365
  81      1    160      1    365
  82      3     23     60    304
  83      3      7     60    304
  84      5     27      1    365
  85      3      9     60    304
  86      3     19     60    304
  87      3     35     60    304
  88      3     14     60    304
  89      3     60     60    304
  90      3     53     60    304
  91      3    109     60    304
  92      1     58      1    365
  93      1     12      1    365
  94      3    192     60    304
  95      3    169     60    304
  96      1     36      1    365
  97      1      4      1    365
  98      3    183     60    304
  99      3    170     60    304
 100      3     26     60    304
 101      1    136      1    365
 102      1    112      1    365
 103      1    152      1    365
 104      1     40      1    365
 105      3     18     60    304
 106      3    110     60    304
 107      3     97     60    304
 108      3     44     60    304
 109      3     19     60    304
 110      3      7     60    304
 111      3     88     60    304
 112      1     35     60    244
 113      5     46      1    365
 114      3    108     60    304
 115      3     43     60    304
 116      3     63     60    304
 117      5   1027      1    365
 118      3      8     60    304
 119      3     30     60    304
 120      3      2     60    304
 121      3      1     60    304
 122      3    163     60    304
 123      3     59     60    304
 124      3    919     60    304
 125      3    481     60    304
 126      3     17     60    304
 127      3    437     60    304
 128      3    540     60    304
 129      3    488     60    304
 130      3    682     60    304
 131      5     87      1    365
 132      3    142     60    304
 133      3     25     60    304
 134      3     11     60    304
 135      3     75     60    304
 136      3     40     60    304
 137      5     37      1    196
 138      5     21      1    365
 139      3     10     60    304
 140      3    192     60    304
 141      3    108     60    304
 142      3    500     60    304
 143      3    441     60    304
 144      3     41     60    304
 145      3     13     60    304
 146      5    307      1    365
 147      3    596     60    304
 148      3     50     60    304
 149      3      8     60    304
 150      1     10      1    365
 151      1     26      1    365
 152      1     59      1    365
 153      3     45     60    304
 154      3     18     60    304
 155      5     48      1    365
 156      1    209      1    365
 157      1     60      1    365
 158      3     50     60    304
 159      5   2551      1    365
 160      5  10208      1    365
 161      5   3616      1    365
 162      1    962      1    365
 163      1    591      1    365
 164      5      5      1    365
 165      5     92      1    365
 166      1     70     91    258
 167      5      7     60    274
 168      5     79     32    244
 169      5     21      1    365
 170      5     35      1    365
 171      3    160     60    304
 172      5     74     32    244
 173      5     49      1    365
 174      5   7008      1    365
 175      1     13      1    365
 176      3     44     60    304
 177      3    122     60    304
 178      3     80     60    304
 179      3     32     60    304
 180      3     38     60    304
 181      5     30      1    365
 182      3    873     60    304
 183      3    770     60    304
 184      3     24     60    304
 185      3     13     60    304
 186      3     11     60    304
 187      3     23     60    304
 188      3     83     60    304
 189      3   1648     60    304
 190      3    256     60    304
 191      3     87     60    304
 192      1    147     91    244
 193      1     22     91    244
 194      1     19      1    365
 195      3    404      1    365
 196      3     85     60    304
 197      3    207     60    304
 198      3     99     60    304
 199      5      3      1    365
 200      3    158     60    304
 201      5      9      1    365
 202      3     45     60    304
 203      5    164      1    365
 204      5     79      1    365
 205      5    256      1    365
 206      5     72      1    365
 207      5     70      1    365
 208      5     54      1    365
 209      3     26     60    304
 210      1     22     32    304
 211      5    169     91    161
 212      3    184     60    304
 213      3   1605     60    304
 214      3     15     60    304
 215      5     22     60    244
 216      1     24      1    365
 217      3    120     60    304
 218      5     27      1    365
 219      5     49      1    365
 220      3     28     60    304
 221      3    825      1    365
 222      5    273     60    244
 223      5     16      1    365
 224      5    245      1    365
 225      3    201     60    304
 226      3    107     60    304
 227      5    186      1    365
 228      5     30      1    365
 229      3     26     60    304
 230      3    163     60    304
 231      3   1311     60    304
 232      3    326     60    304
 233      1    106      1    365
 234      3     17     60    273
 235      3    301     60    304
 236      5    515      1    365
 237      5    218      1    365
 238      3    862     60    304
 239      3    296     60    304
 240      3     69     60    304
 241      5     24      1    365
 242      5     44      1    365
 243      1    132      1    365
 244      1     96      1    365
 245      1    100      1    365
 246      1     74      1    365
 247      5    191     60    213
 248      5     33      1    365
 249      5    153     60    244
 250      5   1178      1    365
 251      3    111     91    288
 252      5    872      1    365
 253      1     48      1    365
 254      3     23    105    273
 999      0      0      1    365
