   1      3     99     60    304
   2      3     67     60    304
   3      3     50     60    304
   4      3     21      1    365
   5      3   1212     60    304
   6      3   1623     60    304
   7      3   1605     60    304
   8      3      8      1    365
   9      3   2834     60    304
  10      3   2825     60    304
  11      3    645     60    304
  12      5    107      1    365
  13      5      7     60    182
  14      5     33     60    213
  15      5    107      1    365
  16      5     35     60    213
  17      5      4     91    365
  18      5    127     32    365
  19      5     32      1    365
  20      5    130     60    304
  21      5     91    121    244
  22      5    168     91    213
  23      5    350     60    274
  24      5     11     91    244
  25      5    199      1    258
  26      5     98     91    213
  27      5      7     91    244
  28      5     25     32    335
  29      5     46     60    244
  30      5    210     60    244
  31      1     48      1    365
  32      1     35      1    365
  33      1     74     60    213
  34      1     38     60    274
  35      1    162      1    365
  36      1    119      1    365
  37      1     20     60    244
  38      1     84      1    365
  39      1     33     32    244
  40      1     35      1    365
  41      1    114     32    244
  42      1    127     91    365
  43      1     61     60    365
  44      1     94     60    244
  45      1    117     91    244
  46      1     33     91    213
  47      1    143      1    274
  48      1     10     91    305
  49      1    168      1    258
  50      1     84     32    166
  51      1     46     60    166
  52      1     28      1    365
  53      1     43     60    293
  54      1     28     91    213
  55      1     64     60    152
  56      1    160     60    244
  57      1     86     60    304
  58      1    115     91    182
  59      1    127     60    182
  60      5     48      1    365
  61      5    275      1    365
  62      1    198      1    365
  63      5    108      1    365
  64      1      5      1    365
  65      1     38      1    365
  66      1    102      1    365
  67      1      8      1    365
  68      5    149      1    365
  69      5     52      1    365
  70      1     53      1    365
  71      1     51      1    365
  72      5     45      1    365
  73      1   1900      1    365
  74      3     47     60    304
  75      5     33      1    365
  76      1     52      1    365
  77      1     67      1    365
  78      1    114      1    365
  79      3     15     60    304
  80      1    119      1    365
  81      1     95      1    365
  82      3     32     60    304
  83      3      9     60    304
  84      5     19      1    365
  85      3      7     60    304
  86      3     13     60    304
  87      3     33     60    304
  88      3     19     60    304
  89      3     84     60    304
  90      3     53     60    304
  91      3     77     60    304
  92      1     71      1    365
  93      1     15      1    365
  94      3    267     60    304
  95      3    169     60    304
  96      1     64      1    365
  97      1      8      1    365
  98      3    173     60    304
  99      3    161     60    304
 100      3     22     60    304
 101      1     81      1    365
 102      1     67      1    365
 103      1     90      1    365
 104      1     49      1    365
 105      3     17     60    304
 106      3    153     60    304
 107      3     97     60    304
 108      3    181     60    304
 109      3     79     60    304
 110      3      7     60    304
 111      3     83     60    304
 112      1     43     60    244
 113      5     21      1    365
 114      3    102     60    304
 115      3     43     60    304
 116      3     59     60    304
 117      5    469      1    365
 118      3     11     60    304
 119      3    125     60    304
 120      3      1     60    304
 121      3      1     60    304
 122      3    669     60    304
 123      3     59     60    304
 124      3    772     60    304
 125      3    455     60    304
 126      3     68     60    304
 127      3    311     60    304
 128      3    454     60    304
 129      3    410     60    304
 130      3    645     60    304
 131      5     59      1    365
 132      3    197     60    304
 133      3    102     60    304
 134      3      8     60    304
 135      3     53     60    304
 136      3     40     60    304
 137      5     37      1    196
 138      5     20      1    365
 139      3     14     60    304
 140      3    162     60    304
 141      3     91     60    304
 142      3    696     60    304
 143      3    441     60    304
 144      3    170     60    304
 145      3     11     60    304
 146      5    140      1    365
 147      3    425     60    304
 148      3    204     60    304
 149      3     34     60    304
 150      1     18      1    365
 151      1     46      1    365
 152      1     73      1    365
 153      3     43     60    304
 154      3     18     60    304
 155      5     48      1    365
 156      1    256      1    365
 157      1    107      1    365
 158      3    204     60    304
 159      5   2549      1    365
 160      5  10201      1    365
 161      5   3613      1    365
 162      1   1179      1    365
 163      1    352      1    365
 164      5      5      1    365
 165      5     42      1    365
 166      1     86     91    258
 167      5      7     60    274
 168      5     79     32    244
 169      5     20      1    365
 170      5     35      1    365
 171      3    152     60    304
 172      5     74     32    244
 173      5     33      1    365
 174      5   7004      1    365
 175      1     23      1    365
 176      3     62     60    304
 177      3     87     60    304
 178      3     76     60    304
 179      3     32     60    304
 180      3     36     60    304
 181      5     30      1    365
 182      3   1215     60    304
 183      3    770     60    304
 184      3     17     60    304
 185      3     13     60    304
 186      3     45     60    304
 187      3     32     60    304
 188      3     78     60    304
 189      3   2294     60    304
 190      3    357     60    304
 191      3    121     60    304
 192      1    180     91    244
 193      1     26     91    244
 194      1     23      1    365
 195      3    381      1    365
 196      3     81     60    304
 197      3    289     60    304
 198      3     71     60    304
 199      5      3      1    365
 200      3    112     60    304
 201      5      9      1    365
 202      3     32     60    304
 203      5    164      1    365
 204      5     79      1    365
 205      5    256      1    365
 206      5     72      1    365
 207      5     70      1    365
 208      5     54      1    365
 209      3     19     60    304
 210      1     26     32    304
 211      5    115     91    161
 212      3    131     60    304
 213      3   1143     60    304
 214      3     21     60    304
 215      5     22     60    244
 216      1     30      1    365
 217      3     85     60    304
 218      5     19      1    365
 219      5     33      1    365
 220      3     39     60    304
 221      3    694      1    365
 222      5    186     60    244
 223      5     11      1    365
 224      5    167      1    365
 225      3    143     60    304
 226      3    107     60    304
 227      5    185      1    365
 228      5     30      1    365
 229      3     19     60    304
 230      3    669     60    304
 231      3   1239     60    304
 232      3    274     60    304
 233      1    130      1    365
 234      3     24     60    273
 235      3    284     60    304
 236      5   1714      1    365
 237      5    149      1    365
 238      3    725     60    304
 239      3    249     60    304
 240      3     58     60    304
 241      5     24      1    365
 242      5     44      1    365
 243      1    162      1    365
 244      1    117      1    365
 245      1    122      1    365
 246      1     74      1    365
 247      5    130     60    213
 248      5     22      1    365
 249      5    104     60    244
 250      5    666      1    365
 251      3    453     91    288
 252      5    595      1    365
 253      1     59      1    365
 254      3     32    105    273
 999      0      0      1    365
