   1      3     99     60    304
   2      3     68     60    304
   3      3     50     60    304
   4      3     20      1    365
   5      3   1472     60    304
   6      3   1971     60    304
   7      3   1605     60    304
   8      3      8      1    365
   9      3   3442     60    304
  10      3   3431     60    304
  11      3    284     60    304
  12      5    114      1    365
  13      5      9     60    182
  14      5     35     60    213
  15      5    114      1    365
  16      5     62     60    213
  17      5      5     91    365
  18      5    136     32    365
  19      5     34      1    365
  20      5    161     60    304
  21      5    162    121    244
  22      5     76     91    213
  23      5    622     60    274
  24      5     14     91    244
  25      5    212      1    258
  26      5    174     91    213
  27      5     12     91    244
  28      5     26     32    335
  29      5     49     60    244
  30      5    373     60    244
  31      1     30      1    365
  32      1     22      1    365
  33      1     47     60    213
  34      1     24     60    274
  35      1    103      1    365
  36      1     76      1    365
  37      1     13     60    244
  38      1     53      1    365
  39      1     21     32    244
  40      1     22      1    365
  41      1     72     32    244
  42      1    209     91    365
  43      1    100     60    365
  44      1    155     60    244
  45      1    192     91    244
  46      1     54     91    213
  47      1    234      1    274
  48      1     17     91    305
  49      1    276      1    258
  50      1    138     32    166
  51      1     75     60    166
  52      1     46      1    365
  53      1     71     60    293
  54      1     46     91    213
  55      1    105     60    152
  56      1    263     60    244
  57      1     30     60    304
  58      1    188     91    182
  59      1     81     60    182
  60      5     51      1    365
  61      5    340      1    365
  62      1    126      1    365
  63      5    133      1    365
  64      1      8      1    365
  65      1     63      1    365
  66      1    167      1    365
  67      1      5      1    365
  68      5    184      1    365
  69      5     64      1    365
  70      1     34      1    365
  71      1     84      1    365
  72      5     55      1    365
  73      1   1948      1    365
  74      3     47     60    304
  75      5     41      1    365
  76      1     18      1    365
  77      1     24      1    365
  78      1     40      1    365
  79      3     15     60    304
  80      1     42      1    365
  81      1     34      1    365
  82      3     31     60    304
  83      3      9     60    304
  84      5     23      1    365
  85      3      7     60    304
  86      3     14     60    304
  87      3     15     60    304
  88      3     19     60    304
  89      3     83     60    304
  90      3     53     60    304
  91      3     79     60    304
  92      1     45      1    365
  93      1      9      1    365
  94      3    266     60    304
  95      3    169     60    304
  96      1    105      1    365
  97      1     13      1    365
  98      3     76     60    304
  99      3     71     60    304
 100      3     27     60    304
 101      1     29      1    365
 102      1     24      1    365
 103      1     32      1    365
 104      1     31      1    365
 105      3      7     60    304
 106      3    152     60    304
 107      3     97     60    304
 108      3     28     60    304
 109      3     12     60    304
 110      3      7     60    304
 111      3     37     60    304
 112      1     27     60    244
 113      5     37      1    365
 114      3     45     60    304
 115      3     43     60    304
 116      3     26     60    304
 117      5    833      1    365
 118      3     11     60    304
 119      3     19     60    304
 120      3      1     60    304
 121      3      1     60    304
 122      3    104     60    304
 123      3     59     60    304
 124      3    938     60    304
 125      3    201     60    304
 126      3     11     60    304
 127      3    317     60    304
 128      3    551     60    304
 129      3    499     60    304
 130      3    284     60    304
 131      5     74      1    365
 132      3    196     60    304
 133      3     16     60    304
 134      3      8     60    304
 135      3     54     60    304
 136      3     40     60    304
 137      5     39      1    196
 138      5     22      1    365
 139      3     14     60    304
 140      3    196     60    304
 141      3    111     60    304
 142      3    693     60    304
 143      3    441     60    304
 144      3     27     60    304
 145      3     14     60    304
 146      5    249      1    365
 147      3    433     60    304
 148      3     32     60    304
 149      3      5     60    304
 150      1     29      1    365
 151      1     75      1    365
 152      1     46      1    365
 153      3     19     60    304
 154      3     18     60    304
 155      5     51      1    365
 156      1    163      1    365
 157      1    176      1    365
 158      3     32     60    304
 159      5   2721      1    365
 160      5  10891      1    365
 161      5   3858      1    365
 162      1    750      1    365
 163      1    124      1    365
 164      5      5      1    365
 165      5     75      1    365
 166      1     55     91    258
 167      5      8     60    274
 168      5     84     32    244
 169      5     22      1    365
 170      5     37      1    365
 171      3     67     60    304
 172      5     79     32    244
 173      5     41      1    365
 174      5   7477      1    365
 175      1     38      1    365
 176      3     61     60    304
 177      3     89     60    304
 178      3     33     60    304
 179      3     32     60    304
 180      3     16     60    304
 181      5     32      1    365
 182      3   1210     60    304
 183      3    770     60    304
 184      3     18     60    304
 185      3     13     60    304
 186      3      7     60    304
 187      3     31     60    304
 188      3     34     60    304
 189      3   2285     60    304
 190      3    355     60    304
 191      3    121     60    304
 192      1    114     91    244
 193      1     17     91    244
 194      1     15      1    365
 195      3    168      1    365
 196      3     36     60    304
 197      3    288     60    304
 198      3     72     60    304
 199      5      3      1    365
 200      3    114     60    304
 201      5     10      1    365
 202      3     33     60    304
 203      5    175      1    365
 204      5     84      1    365
 205      5    273      1    365
 206      5     77      1    365
 207      5     70      1    365
 208      5     58      1    365
 209      3     19     60    304
 210      1     17     32    304
 211      5    142     91    161
 212      3    133     60    304
 213      3   1166     60    304
 214      3     20     60    304
 215      5     23     60    244
 216      1     19      1    365
 217      3     87     60    304
 218      5     23      1    365
 219      5     41      1    365
 220      3     39     60    304
 221      3    842      1    365
 222      5    230     60    244
 223      5     14      1    365
 224      5    207      1    365
 225      3    146     60    304
 226      3    107     60    304
 227      5    198      1    365
 228      5     32      1    365
 229      3     19     60    304
 230      3    104     60    304
 231      3    547     60    304
 232      3    333     60    304
 233      1     83      1    365
 234      3     24     60    273
 235      3    125     60    304
 236      5    780      1    365
 237      5    184      1    365
 238      3    880     60    304
 239      3    302     60    304
 240      3     70     60    304
 241      5     25      1    365
 242      5     47      1    365
 243      1    103      1    365
 244      1     74      1    365
 245      1     78      1    365
 246      1     74      1    365
 247      5    161     60    213
 248      5     28      1    365
 249      5    129     60    244
 250      5   1660      1    365
 251      3     71     91    288
 252      5    735      1    365
 253      1     38      1    365
 254      3     31    105    273
 999      0      0      1    365
