   1      3     65     60    304
   2      3    102     60    304
   3      3     50     60    304
   4      3     13      1    365
   5      3   1301     60    304
   6      3   1741     60    304
   7      3   1605     60    304
   8      3     12      1    365
   9      3   3041     60    304
  10      3   3032     60    304
  11      3    503     60    304
  12      5    110      1    365
  13      5     10     60    182
  14      5     34     60    213
  15      5    110      1    365
  16      5     19     60    213
  17      5      5     91    365
  18      5    131     32    365
  19      5     33      1    365
  20      5    170     60    304
  21      5     49    121    244
  22      5    186     91    213
  23      5    190     60    274
  24      5     15     91    244
  25      5    204      1    258
  26      5     53     91    213
  27      5      4     91    244
  28      5     25     32    335
  29      5     47     60    244
  30      5    114     60    244
  31      1     50      1    365
  32      1     36      1    365
  33      1     78     60    213
  34      1     40     60    274
  35      1    170      1    365
  36      1    125      1    365
  37      1     21     60    244
  38      1     89      1    365
  39      1     35     32    244
  40      1     36      1    365
  41      1    120     32    244
  42      1     75     91    365
  43      1     36     60    365
  44      1     55     60    244
  45      1     69     91    244
  46      1     19     91    213
  47      1     84      1    274
  48      1      6     91    305
  49      1     99      1    258
  50      1     49     32    166
  51      1     27     60    166
  52      1     16      1    365
  53      1     25     60    293
  54      1     16     91    213
  55      1     37     60    152
  56      1     94     60    244
  57      1    177     60    304
  58      1     67     91    182
  59      1    134     60    182
  60      5     49      1    365
  61      5    359      1    365
  62      1    208      1    365
  63      5    141      1    365
  64      1      3      1    365
  65      1     22      1    365
  66      1     60      1    365
  67      1      9      1    365
  68      5    194      1    365
  69      5     68      1    365
  70      1     56      1    365
  71      1     30      1    365
  72      5     58      1    365
  73      1   2252      1    365
  74      3     31     60    304
  75      5     44      1    365
  76      1    108      1    365
  77      1    138      1    365
  78      1    236      1    365
  79      3     23     60    304
  80      1    246      1    365
  81      1    197      1    365
  82      3     21     60    304
  83      3      6     60    304
  84      5     24      1    365
  85      3     10     60    304
  86      3     20     60    304
  87      3     26     60    304
  88      3     12     60    304
  89      3     55     60    304
  90      3     53     60    304
  91      3    119     60    304
  92      1     75      1    365
  93      1     16      1    365
  94      3    175     60    304
  95      3    169     60    304
  96      1     37      1    365
  97      1      4      1    365
  98      3    135     60    304
  99      3    126     60    304
 100      3     24     60    304
 101      1    167      1    365
 102      1    138      1    365
 103      1    187      1    365
 104      1     52      1    365
 105      3     13     60    304
 106      3    101     60    304
 107      3     97     60    304
 108      3     97     60    304
 109      3     43     60    304
 110      3      7     60    304
 111      3     65     60    304
 112      1     45     60    244
 113      5     11      1    365
 114      3     79     60    304
 115      3     43     60    304
 116      3     46     60    304
 117      5    254      1    365
 118      3      7     60    304
 119      3     67     60    304
 120      3      2     60    304
 121      3      1     60    304
 122      3    360     60    304
 123      3     59     60    304
 124      3    829     60    304
 125      3    355     60    304
 126      3     37     60    304
 127      3    478     60    304
 128      3    487     60    304
 129      3    441     60    304
 130      3    503     60    304
 131      5     78      1    365
 132      3    130     60    304
 133      3     55     60    304
 134      3     12     60    304
 135      3     82     60    304
 136      3     40     60    304
 137      5     38      1    196
 138      5     21      1    365
 139      3      9     60    304
 140      3    174     60    304
 141      3     98     60    304
 142      3    458     60    304
 143      3    441     60    304
 144      3     91     60    304
 145      3     12     60    304
 146      5     76      1    365
 147      3    652     60    304
 148      3    110     60    304
 149      3     18     60    304
 150      1     10      1    365
 151      1     27      1    365
 152      1     76      1    365
 153      3     33     60    304
 154      3     18     60    304
 155      5     49      1    365
 156      1    269      1    365
 157      1     63      1    365
 158      3    110     60    304
 159      5   2620      1    365
 160      5  10484      1    365
 161      5   3714      1    365
 162      1   1241      1    365
 163      1    729      1    365
 164      5      5      1    365
 165      5     23      1    365
 166      1     90     91    258
 167      5      7     60    274
 168      5     81     32    244
 169      5     21      1    365
 170      5     36      1    365
 171      3    118     60    304
 172      5     76     32    244
 173      5     44      1    365
 174      5   7198      1    365
 175      1     13      1    365
 176      3     40     60    304
 177      3    133     60    304
 178      3     59     60    304
 179      3     32     60    304
 180      3     28     60    304
 181      5     31      1    365
 182      3    799     60    304
 183      3    770     60    304
 184      3     27     60    304
 185      3     13     60    304
 186      3     24     60    304
 187      3     21     60    304
 188      3     61     60    304
 189      3   1510     60    304
 190      3    235     60    304
 191      3     80     60    304
 192      1    189     91    244
 193      1     28     91    244
 194      1     24      1    365
 195      3    298      1    365
 196      3     63     60    304
 197      3    190     60    304
 198      3    109     60    304
 199      5      3      1    365
 200      3    172     60    304
 201      5      9      1    365
 202      3     49     60    304
 203      5    168      1    365
 204      5     81      1    365
 205      5    263      1    365
 206      5     74      1    365
 207      5     70      1    365
 208      5     56      1    365
 209      3     29     60    304
 210      1     28     32    304
 211      5    150     91    161
 212      3    201     60    304
 213      3   1755     60    304
 214      3     13     60    304
 215      5     22     60    244
 216      1     31      1    365
 217      3    131     60    304
 218      5     24      1    365
 219      5     44      1    365
 220      3     26     60    304
 221      3    744      1    365
 222      5    242     60    244
 223      5     15      1    365
 224      5    218      1    365
 225      3    219     60    304
 226      3    107     60    304
 227      5    191      1    365
 228      5     31      1    365
 229      3     29     60    304
 230      3    360     60    304
 231      3    967     60    304
 232      3    294     60    304
 233      1    137      1    365
 234      3     16     60    273
 235      3    222     60    304
 236      5   1901      1    365
 237      5    194      1    365
 238      3    778     60    304
 239      3    267     60    304
 240      3     62     60    304
 241      5     24      1    365
 242      5     45      1    365
 243      1    170      1    365
 244      1    123      1    365
 245      1    128      1    365
 246      1     74      1    365
 247      5    170     60    213
 248      5     29      1    365
 249      5    136     60    244
 250      5    760      1    365
 251      3    244     91    288
 252      5    776      1    365
 253      1     62      1    365
 254      3     21    105    273
 999      0      0      1    365
