   1      3     85     60    304
   2      3     83     60    304
   3      3     50     60    304
   4      3     18      1    365
   5      3   1316     60    304
   6      3   1762     60    304
   7      3   1605     60    304
   8      3     10      1    365
   9      3   3077     60    304
  10      3   3067     60    304
  11      3    327     60    304
  12      5    111      1    365
  13      5      5     60    182
  14      5     34     60    213
  15      5    111      1    365
  16      5     24     60    213
  17      5      2     91    365
  18      5    133     32    365
  19      5     33      1    365
  20      5     82     60    304
  21      5     62    121    244
  22      5    167     91    213
  23      5    240     60    274
  24      5      7     91    244
  25      5    208      1    258
  26      5     67     91    213
  27      5      5     91    244
  28      5     26     32    335
  29      5     48     60    244
  30      5    144     60    244
  31      1     52      1    365
  32      1     38      1    365
  33      1     81     60    213
  34      1     41     60    274
  35      1    176      1    365
  36      1    130      1    365
  37      1     22     60    244
  38      1     92      1    365
  39      1     36     32    244
  40      1     38      1    365
  41      1    124     32    244
  42      1     90     91    365
  43      1     43     60    365
  44      1     66     60    244
  45      1     82     91    244
  46      1     23     91    213
  47      1    100      1    274
  48      1      7     91    305
  49      1    118      1    258
  50      1     59     32    166
  51      1     32     60    166
  52      1     20      1    365
  53      1     30     60    293
  54      1     20     91    213
  55      1     45     60    152
  56      1    113     60    244
  57      1    191     60    304
  58      1     81     91    182
  59      1    139     60    182
  60      5     50      1    365
  61      5    173      1    365
  62      1    216      1    365
  63      5     68      1    365
  64      1      4      1    365
  65      1     27      1    365
  66      1     72      1    365
  67      1      9      1    365
  68      5     93      1    365
  69      5     33      1    365
  70      1     58      1    365
  71      1     36      1    365
  72      5     28      1    365
  73      1   1333      1    365
  74      3     41     60    304
  75      5     21      1    365
  76      1    117      1    365
  77      1    148      1    365
  78      1    254      1    365
  79      3     18     60    304
  80      1    265      1    365
  81      1    212      1    365
  82      3     27     60    304
  83      3      8     60    304
  84      5     12      1    365
  85      3      8     60    304
  86      3     17     60    304
  87      3     17     60    304
  88      3     16     60    304
  89      3     72     60    304
  90      3     53     60    304
  91      3     96     60    304
  92      1     77      1    365
  93      1     16      1    365
  94      3    229     60    304
  95      3    169     60    304
  96      1     45      1    365
  97      1      5      1    365
  98      3     88     60    304
  99      3     82     60    304
 100      3     24     60    304
 101      1    180      1    365
 102      1    148      1    365
 103      1    201      1    365
 104      1     54      1    365
 105      3      8     60    304
 106      3    131     60    304
 107      3     97     60    304
 108      3    144     60    304
 109      3     63     60    304
 110      3      7     60    304
 111      3     42     60    304
 112      1     47     60    244
 113      5     14      1    365
 114      3     52     60    304
 115      3     43     60    304
 116      3     30     60    304
 117      5    321      1    365
 118      3      9     60    304
 119      3     99     60    304
 120      3      2     60    304
 121      3      1     60    304
 122      3    532     60    304
 123      3     59     60    304
 124      3    839     60    304
 125      3    231     60    304
 126      3     54     60    304
 127      3    385     60    304
 128      3    493     60    304
 129      3    446     60    304
 130      3    327     60    304
 131      5     37      1    365
 132      3    169     60    304
 133      3     81     60    304
 134      3     10     60    304
 135      3     66     60    304
 136      3     40     60    304
 137      5     39      1    196
 138      5     21      1    365
 139      3     12     60    304
 140      3    176     60    304
 141      3     99     60    304
 142      3    597     60    304
 143      3    441     60    304
 144      3    135     60    304
 145      3     12     60    304
 146      5     96      1    365
 147      3    525     60    304
 148      3    162     60    304
 149      3     27     60    304
 150      1     13      1    365
 151      1     32      1    365
 152      1     79      1    365
 153      3     22     60    304
 154      3     18     60    304
 155      5     50      1    365
 156      1    279      1    365
 157      1     75      1    365
 158      3    162     60    304
 159      5   2665      1    365
 160      5  10664      1    365
 161      5   3778      1    365
 162      1   1287      1    365
 163      1    785      1    365
 164      5      5      1    365
 165      5     29      1    365
 166      1     94     91    258
 167      5      7     60    274
 168      5     82     32    244
 169      5     21      1    365
 170      5     36      1    365
 171      3     77     60    304
 172      5     77     32    244
 173      5     21      1    365
 174      5   7322      1    365
 175      1     16      1    365
 176      3     53     60    304
 177      3    107     60    304
 178      3     38     60    304
 179      3     32     60    304
 180      3     18     60    304
 181      5     31      1    365
 182      3   1042     60    304
 183      3    770     60    304
 184      3     21     60    304
 185      3     13     60    304
 186      3     36     60    304
 187      3     27     60    304
 188      3     40     60    304
 189      3   1967     60    304
 190      3    306     60    304
 191      3    104     60    304
 192      1    196     91    244
 193      1     29     91    244
 194      1     25      1    365
 195      3    194      1    365
 196      3     41     60    304
 197      3    248     60    304
 198      3     87     60    304
 199      5      3      1    365
 200      3    139     60    304
 201      5     10      1    365
 202      3     40     60    304
 203      5    171      1    365
 204      5     82      1    365
 205      5    268      1    365
 206      5     75      1    365
 207      5     70      1    365
 208      5     57      1    365
 209      3     23     60    304
 210      1     29     32    304
 211      5     72     91    161
 212      3    162     60    304
 213      3   1413     60    304
 214      3     18     60    304
 215      5     22     60    244
 216      1     32      1    365
 217      3    106     60    304
 218      5     12      1    365
 219      5     21      1    365
 220      3     34     60    304
 221      3    753      1    365
 222      5    117     60    244
 223      5      7      1    365
 224      5    105      1    365
 225      3    177     60    304
 226      3    107     60    304
 227      5    194      1    365
 228      5     31      1    365
 229      3     23     60    304
 230      3    532     60    304
 231      3    629     60    304
 232      3    297     60    304
 233      1    142      1    365
 234      3     20     60    273
 235      3    144     60    304
 236      5   1706      1    365
 237      5     93      1    365
 238      3    787     60    304
 239      3    270     60    304
 240      3     63     60    304
 241      5     25      1    365
 242      5     46      1    365
 243      1    176      1    365
 244      1    128      1    365
 245      1    133      1    365
 246      1     74      1    365
 247      5     82     60    213
 248      5     14      1    365
 249      5     65     60    244
 250      5   2351      1    365
 251      3    361     91    288
 252      5    374      1    365
 253      1     65      1    365
 254      3     27    105    273
 999      0      0      1    365
