   1      3     96     60    304
   2      3     87     60    304
   3      3     50     60    304
   4      3     20      1    365
   5      3   1418     60    304
   6      3   1899     60    304
   7      3   1605     60    304
   8      3     10      1    365
   9      3   3316     60    304
  10      3   3305     60    304
  11      3    312     60    304
  12      5    105      1    365
  13      5      6     60    182
  14      5     32     60    213
  15      5    105      1    365
  16      5     38     60    213
  17      5      3     91    365
  18      5    125     32    365
  19      5     31      1    365
  20      5     97     60    304
  21      5    100    121    244
  22      5    208     91    213
  23      5    383     60    274
  24      5      8     91    244
  25      5    196      1    258
  26      5    107     91    213
  27      5      8     91    244
  28      5     24     32    335
  29      5     45     60    244
  30      5    230     60    244
  31      1     58      1    365
  32      1     42      1    365
  33      1     89     60    213
  34      1     46     60    274
  35      1    195      1    365
  36      1    143      1    365
  37      1     24     60    244
  38      1    101      1    365
  39      1     40     32    244
  40      1     42      1    365
  41      1    137     32    244
  42      1    132     91    365
  43      1     63     60    365
  44      1     98     60    244
  45      1    121     91    244
  46      1     34     91    213
  47      1    148      1    274
  48      1     11     91    305
  49      1    174      1    258
  50      1     87     32    166
  51      1     48     60    166
  52      1     29      1    365
  53      1     45     60    293
  54      1     29     91    213
  55      1     66     60    152
  56      1    166     60    244
  57      1    177     60    304
  58      1    119     91    182
  59      1    153     60    182
  60      5     47      1    365
  61      5    204      1    365
  62      1    238      1    365
  63      5     80      1    365
  64      1      5      1    365
  65      1     40      1    365
  66      1    106      1    365
  67      1     10      1    365
  68      5    110      1    365
  69      5     39      1    365
  70      1     64      1    365
  71      1     53      1    365
  72      5     33      1    365
  73      1    638      1    365
  74      3     46     60    304
  75      5     25      1    365
  76      1    108      1    365
  77      1    138      1    365
  78      1    236      1    365
  79      3     19     60    304
  80      1    246      1    365
  81      1    197      1    365
  82      3     31     60    304
  83      3      9     60    304
  84      5     14      1    365
  85      3      9     60    304
  86      3     17     60    304
  87      3     16     60    304
  88      3     18     60    304
  89      3     81     60    304
  90      3     53     60    304
  91      3    101     60    304
  92      1     85      1    365
  93      1     18      1    365
  94      3    259     60    304
  95      3    169     60    304
  96      1     66      1    365
  97      1      8      1    365
  98      3     84     60    304
  99      3     78     60    304
 100      3     26     60    304
 101      1    167      1    365
 102      1    138      1    365
 103      1    187      1    365
 104      1     60      1    365
 105      3      8     60    304
 106      3    149     60    304
 107      3     97     60    304
 108      3    119     60    304
 109      3     52     60    304
 110      3      7     60    304
 111      3     40     60    304
 112      1     52     60    244
 113      5     23      1    365
 114      3     49     60    304
 115      3     43     60    304
 116      3     29     60    304
 117      5    513      1    365
 118      3     11     60    304
 119      3     82     60    304
 120      3      2     60    304
 121      3      1     60    304
 122      3    437     60    304
 123      3     59     60    304
 124      3    904     60    304
 125      3    220     60    304
 126      3     44     60    304
 127      3    405     60    304
 128      3    531     60    304
 129      3    480     60    304
 130      3    312     60    304
 131      5     44      1    365
 132      3    191     60    304
 133      3     67     60    304
 134      3     10     60    304
 135      3     70     60    304
 136      3     40     60    304
 137      5     36      1    196
 138      5     20      1    365
 139      3     14     60    304
 140      3    189     60    304
 141      3    106     60    304
 142      3    675     60    304
 143      3    441     60    304
 144      3    111     60    304
 145      3     13     60    304
 146      5    153      1    365
 147      3    553     60    304
 148      3    133     60    304
 149      3     22     60    304
 150      1     18      1    365
 151      1     48      1    365
 152      1     87      1    365
 153      3     21     60    304
 154      3     18     60    304
 155      5     47      1    365
 156      1    308      1    365
 157      1    111      1    365
 158      3    133     60    304
 159      5   2514      1    365
 160      5  10059      1    365
 161      5   3563      1    365
 162      1   1419      1    365
 163      1    727      1    365
 164      5      5      1    365
 165      5     46      1    365
 166      1    103     91    258
 167      5      7     60    274
 168      5     78     32    244
 169      5     20      1    365
 170      5     34      1    365
 171      3     73     60    304
 172      5     73     32    244
 173      5     25      1    365
 174      5   6906      1    365
 175      1     24      1    365
 176      3     60     60    304
 177      3    113     60    304
 178      3     37     60    304
 179      3     32     60    304
 180      3     17     60    304
 181      5     29      1    365
 182      3   1179     60    304
 183      3    770     60    304
 184      3     23     60    304
 185      3     13     60    304
 186      3     30     60    304
 187      3     31     60    304
 188      3     38     60    304
 189      3   2226     60    304
 190      3    346     60    304
 191      3    118     60    304
 192      1    216     91    244
 193      1     32     91    244
 194      1     28      1    365
 195      3    185      1    365
 196      3     39     60    304
 197      3    280     60    304
 198      3     92     60    304
 199      5      3      1    365
 200      3    146     60    304
 201      5      9      1    365
 202      3     42     60    304
 203      5    162      1    365
 204      5     78      1    365
 205      5    253      1    365
 206      5     71      1    365
 207      5     70      1    365
 208      5     54      1    365
 209      3     24     60    304
 210      1     32     32    304
 211      5     86     91    161
 212      3    170     60    304
 213      3   1489     60    304
 214      3     20     60    304
 215      5     21     60    244
 216      1     36      1    365
 217      3    111     60    304
 218      5     14      1    365
 219      5     25      1    365
 220      3     38     60    304
 221      3    812      1    365
 222      5    138     60    244
 223      5      8      1    365
 224      5    124      1    365
 225      3    186     60    304
 226      3    107     60    304
 227      5    183      1    365
 228      5     29      1    365
 229      3     24     60    304
 230      3    437     60    304
 231      3    600     60    304
 232      3    321     60    304
 233      1    157      1    365
 234      3     23     60    273
 235      3    138     60    304
 236      5   2122      1    365
 237      5    110      1    365
 238      3    848     60    304
 239      3    291     60    304
 240      3     67     60    304
 241      5     23      1    365
 242      5     43      1    365
 243      1    195      1    365
 244      1    141      1    365
 245      1    147      1    365
 246      1     74      1    365
 247      5     97     60    213
 248      5     17      1    365
 249      5     77     60    244
 250      5    986      1    365
 251      3    297     91    288
 252      5    442      1    365
 253      1     71      1    365
 254      3     31    105    273
 999      0      0      1    365
