   1      3     67     60    304
   2      3     54     60    304
   3      3     50     60    304
   4      3     14      1    365
   5      3   1451     60    304
   6      3   1942     60    304
   7      3   1605     60    304
   8      3      6      1    365
   9      3   3392     60    304
  10      3   3381     60    304
  11      3    380     60    304
  12      5    115      1    365
  13      5     11     60    182
  14      5     35     60    213
  15      5    115      1    365
  16      5     47     60    213
  17      5      5     91    365
  18      5    137     32    365
  19      5     34      1    365
  20      5    184     60    304
  21      5    123    121    244
  22      5     72     91    213
  23      5    475     60    274
  24      5     16     91    244
  25      5    215      1    258
  26      5    133     91    213
  27      5      9     91    244
  28      5     27     32    335
  29      5     50     60    244
  30      5    285     60    244
  31      1     67      1    365
  32      1     49      1    365
  33      1    104     60    213
  34      1     53     60    274
  35      1    227      1    365
  36      1    167      1    365
  37      1     28     60    244
  38      1    118      1    365
  39      1     46     32    244
  40      1     49      1    365
  41      1    160     32    244
  42      1    235     91    365
  43      1    113     60    365
  44      1    174     60    244
  45      1    216     91    244
  46      1     61     91    213
  47      1    263      1    274
  48      1     19     91    305
  49      1    310      1    258
  50      1    155     32    166
  51      1     84     60    166
  52      1     52      1    365
  53      1     80     60    293
  54      1     52     91    213
  55      1    117     60    152
  56      1    296     60    244
  57      1     38     60    304
  58      1    211     91    182
  59      1    179     60    182
  60      5     52      1    365
  61      5    389      1    365
  62      1    278      1    365
  63      5    152      1    365
  64      1      9      1    365
  65      1     70      1    365
  66      1    188      1    365
  67      1     12      1    365
  68      5    210      1    365
  69      5     74      1    365
  70      1     74      1    365
  71      1     94      1    365
  72      5     63      1    365
  73      1    389      1    365
  74      3     32     60    304
  75      5     47      1    365
  76      1     23      1    365
  77      1     30      1    365
  78      1     51      1    365
  79      3     12     60    304
  80      1     53      1    365
  81      1     42      1    365
  82      3     21     60    304
  83      3      6     60    304
  84      5     26      1    365
  85      3      5     60    304
  86      3     11     60    304
  87      3     20     60    304
  88      3     13     60    304
  89      3     56     60    304
  90      3     53     60    304
  91      3     62     60    304
  92      1    100      1    365
  93      1     21      1    365
  94      3    178     60    304
  95      3    169     60    304
  96      1    117      1    365
  97      1     14      1    365
  98      3    102     60    304
  99      3     95     60    304
 100      3     27     60    304
 101      1     36      1    365
 102      1     30      1    365
 103      1     40      1    365
 104      1     70      1    365
 105      3     10     60    304
 106      3    102     60    304
 107      3     97     60    304
 108      3     90     60    304
 109      3     39     60    304
 110      3      7     60    304
 111      3     49     60    304
 112      1     60     60    244
 113      5     28      1    365
 114      3     60     60    304
 115      3     43     60    304
 116      3     35     60    304
 117      5    636      1    365
 118      3      7     60    304
 119      3     62     60    304
 120      3      1     60    304
 121      3      1     60    304
 122      3    330     60    304
 123      3     59     60    304
 124      3    925     60    304
 125      3    269     60    304
 126      3     34     60    304
 127      3    250     60    304
 128      3    543     60    304
 129      3    491     60    304
 130      3    380     60    304
 131      5     84      1    365
 132      3    132     60    304
 133      3     50     60    304
 134      3      6     60    304
 135      3     43     60    304
 136      3     40     60    304
 137      5     40      1    196
 138      5     22      1    365
 139      3     10     60    304
 140      3    194     60    304
 141      3    109     60    304
 142      3    466     60    304
 143      3    441     60    304
 144      3     84     60    304
 145      3     13     60    304
 146      5    190      1    365
 147      3    341     60    304
 148      3    101     60    304
 149      3     17     60    304
 150      1     33      1    365
 151      1     84      1    365
 152      1    102      1    365
 153      3     25     60    304
 154      3     18     60    304
 155      5     52      1    365
 156      1    359      1    365
 157      1    197      1    365
 158      3    101     60    304
 159      5   2757      1    365
 160      5  11034      1    365
 161      5   3908      1    365
 162      1   1658      1    365
 163      1    156      1    365
 164      5      6      1    365
 165      5     57      1    365
 166      1    121     91    258
 167      5      8     60    274
 168      5     85     32    244
 169      5     22      1    365
 170      5     38      1    365
 171      3     90     60    304
 172      5     80     32    244
 173      5     47      1    365
 174      5   7575      1    365
 175      1     42      1    365
 176      3     41     60    304
 177      3     70     60    304
 178      3     45     60    304
 179      3     32     60    304
 180      3     21     60    304
 181      5     32      1    365
 182      3    813     60    304
 183      3    770     60    304
 184      3     14     60    304
 185      3     13     60    304
 186      3     22     60    304
 187      3     21     60    304
 188      3     46     60    304
 189      3   1535     60    304
 190      3    239     60    304
 191      3     81     60    304
 192      1    253     91    244
 193      1     37     91    244
 194      1     32      1    365
 195      3    225      1    365
 196      3     48     60    304
 197      3    193     60    304
 198      3     57     60    304
 199      5      3      1    365
 200      3     90     60    304
 201      5     10      1    365
 202      3     26     60    304
 203      5    177      1    365
 204      5     85      1    365
 205      5    277      1    365
 206      5     78      1    365
 207      5     70      1    365
 208      5     59      1    365
 209      3     15     60    304
 210      1     37     32    304
 211      5    163     91    161
 212      3    105     60    304
 213      3    917     60    304
 214      3     14     60    304
 215      5     23     60    244
 216      1     42      1    365
 217      3     69     60    304
 218      5     26      1    365
 219      5     47      1    365
 220      3     26     60    304
 221      3    830      1    365
 222      5    263     60    244
 223      5     16      1    365
 224      5    237      1    365
 225      3    115     60    304
 226      3    107     60    304
 227      5    201      1    365
 228      5     32      1    365
 229      3     15     60    304
 230      3    330     60    304
 231      3    732     60    304
 232      3    328     60    304
 233      1    183      1    365
 234      3     16     60    273
 235      3    168     60    304
 236      5    733      1    365
 237      5    210      1    365
 238      3    868     60    304
 239      3    298     60    304
 240      3     69     60    304
 241      5     25      1    365
 242      5     48      1    365
 243      1    227      1    365
 244      1    165      1    365
 245      1    172      1    365
 246      1     74      1    365
 247      5    184     60    213
 248      5     32      1    365
 249      5    147     60    244
 250      5    831      1    365
 251      3    224     91    288
 252      5    841      1    365
 253      1     83      1    365
 254      3     21    105    273
 999      0      0      1    365
