   1      3     85     60    304
   2      3     59     60    304
   3      3     50     60    304
   4      3     18      1    365
   5      3   1433     60    304
   6      3   1918     60    304
   7      3   1605     60    304
   8      3      7      1    365
   9      3   3349     60    304
  10      3   3339     60    304
  11      3    375     60    304
  12      5    106      1    365
  13      5     10     60    182
  14      5     33     60    213
  15      5    106      1    365
  16      5     29     60    213
  17      5      5     91    365
  18      5    127     32    365
  19      5     32      1    365
  20      5    167     60    304
  21      5     75    121    244
  22      5     46     91    213
  23      5    289     60    274
  24      5     14     91    244
  25      5    198      1    258
  26      5     81     91    213
  27      5      6     91    244
  28      5     25     32    335
  29      5     46     60    244
  30      5    173     60    244
  31      1     62      1    365
  32      1     45      1    365
  33      1     96     60    213
  34      1     49     60    274
  35      1    210      1    365
  36      1    154      1    365
  37      1     26     60    244
  38      1    109      1    365
  39      1     43     32    244
  40      1     45      1    365
  41      1    148     32    244
  42      1     71     91    365
  43      1     34     60    365
  44      1     53     60    244
  45      1     65     91    244
  46      1     18     91    213
  47      1     80      1    274
  48      1      6     91    305
  49      1     94      1    258
  50      1     47     32    166
  51      1     26     60    166
  52      1     16      1    365
  53      1     24     60    293
  54      1     16     91    213
  55      1     36     60    152
  56      1     90     60    244
  57      1    219     60    304
  58      1     64     91    182
  59      1    165     60    182
  60      5     48      1    365
  61      5    352      1    365
  62      1    257      1    365
  63      5    138      1    365
  64      1      3      1    365
  65      1     21      1    365
  66      1     57      1    365
  67      1     11      1    365
  68      5    190      1    365
  69      5     67      1    365
  70      1     68      1    365
  71      1     28      1    365
  72      5     57      1    365
  73      1   2582      1    365
  74      3     41     60    304
  75      5     43      1    365
  76      1    134      1    365
  77      1    171      1    365
  78      1    292      1    365
  79      3     13     60    304
  80      1    305      1    365
  81      1    244      1    365
  82      3     27     60    304
  83      3      8     60    304
  84      5     24      1    365
  85      3      6     60    304
  86      3     12     60    304
  87      3     19     60    304
  88      3     16     60    304
  89      3     72     60    304
  90      3     53     60    304
  91      3     68     60    304
  92      1     92      1    365
  93      1     19      1    365
  94      3    229     60    304
  95      3    169     60    304
  96      1     36      1    365
  97      1      4      1    365
  98      3    101     60    304
  99      3     94     60    304
 100      3     26     60    304
 101      1    207      1    365
 102      1    171      1    365
 103      1    232      1    365
 104      1     64      1    365
 105      3     10     60    304
 106      3    131     60    304
 107      3     97     60    304
 108      3    156     60    304
 109      3     68     60    304
 110      3      7     60    304
 111      3     48     60    304
 112      1     56     60    244
 113      5     17      1    365
 114      3     59     60    304
 115      3     43     60    304
 116      3     34     60    304
 117      5    387      1    365
 118      3      9     60    304
 119      3    107     60    304
 120      3      1     60    304
 121      3      1     60    304
 122      3    575     60    304
 123      3     59     60    304
 124      3    913     60    304
 125      3    264     60    304
 126      3     59     60    304
 127      3    273     60    304
 128      3    537     60    304
 129      3    485     60    304
 130      3    375     60    304
 131      5     76      1    365
 132      3    169     60    304
 133      3     88     60    304
 134      3      7     60    304
 135      3     47     60    304
 136      3     40     60    304
 137      5     37      1    196
 138      5     20      1    365
 139      3     12     60    304
 140      3    191     60    304
 141      3    108     60    304
 142      3    598     60    304
 143      3    441     60    304
 144      3    146     60    304
 145      3     13     60    304
 146      5    116      1    365
 147      3    373     60    304
 148      3    176     60    304
 149      3     29     60    304
 150      1     10      1    365
 151      1     26      1    365
 152      1     94      1    365
 153      3     25     60    304
 154      3     18     60    304
 155      5     48      1    365
 156      1    332      1    365
 157      1     60      1    365
 158      3    176     60    304
 159      5   2541      1    365
 160      5  10170      1    365
 161      5   3602      1    365
 162      1   1530      1    365
 163      1    902      1    365
 164      5      5      1    365
 165      5     35      1    365
 166      1    111     91    258
 167      5      7     60    274
 168      5     79     32    244
 169      5     20      1    365
 170      5     35      1    365
 171      3     88     60    304
 172      5     74     32    244
 173      5     43      1    365
 174      5   6982      1    365
 175      1     13      1    365
 176      3     53     60    304
 177      3     76     60    304
 178      3     44     60    304
 179      3     32     60    304
 180      3     21     60    304
 181      5     30      1    365
 182      3   1043     60    304
 183      3    770     60    304
 184      3     15     60    304
 185      3     13     60    304
 186      3     39     60    304
 187      3     27     60    304
 188      3     45     60    304
 189      3   1970     60    304
 190      3    306     60    304
 191      3    104     60    304
 192      1    233     91    244
 193      1     34     91    244
 194      1     30      1    365
 195      3    222      1    365
 196      3     47     60    304
 197      3    248     60    304
 198      3     62     60    304
 199      5      3      1    365
 200      3     99     60    304
 201      5      9      1    365
 202      3     28     60    304
 203      5    163      1    365
 204      5     79      1    365
 205      5    255      1    365
 206      5     71      1    365
 207      5     70      1    365
 208      5     54      1    365
 209      3     16     60    304
 210      1     34     32    304
 211      5    148     91    161
 212      3    115     60    304
 213      3   1005     60    304
 214      3     18     60    304
 215      5     21     60    244
 216      1     39      1    365
 217      3     75     60    304
 218      5     24      1    365
 219      5     43      1    365
 220      3     34     60    304
 221      3    820      1    365
 222      5    238     60    244
 223      5     14      1    365
 224      5    214      1    365
 225      3    126     60    304
 226      3    107     60    304
 227      5    185      1    365
 228      5     30      1    365
 229      3     16     60    304
 230      3    575     60    304
 231      3    720     60    304
 232      3    324     60    304
 233      1    169      1    365
 234      3     20     60    273
 235      3    165     60    304
 236      5    473      1    365
 237      5    190      1    365
 238      3    857     60    304
 239      3    294     60    304
 240      3     68     60    304
 241      5     23      1    365
 242      5     44      1    365
 243      1    210      1    365
 244      1    152      1    365
 245      1    158      1    365
 246      1     74      1    365
 247      5    167     60    213
 248      5     29      1    365
 249      5    133     60    244
 250      5    249      1    365
 251      3    390     91    288
 252      5    761      1    365
 253      1     77      1    365
 254      3     27    105    273
 999      0      0      1    365
