   1      3     98     60    304
   2      3     92     60    304
   3      3     50     60    304
   4      3     20      1    365
   5      3   1286     60    304
   6      3   1722     60    304
   7      3   1605     60    304
   8      3     11      1    365
   9      3   3007     60    304
  10      3   2998     60    304
  11      3    367     60    304
  12      5    113      1    365
  13      5      4     60    182
  14      5     35     60    213
  15      5    113      1    365
  16      5     46     60    213
  17      5      2     91    365
  18      5    134     32    365
  19      5     34      1    365
  20      5     73     60    304
  21      5    120    121    244
  22      5    184     91    213
  23      5    461     60    274
  24      5      6     91    244
  25      5    210      1    258
  26      5    129     91    213
  27      5      9     91    244
  28      5     26     32    335
  29      5     49     60    244
  30      5    276     60    244
  31      1     48      1    365
  32      1     34      1    365
  33      1     74     60    213
  34      1     38     60    274
  35      1    161      1    365
  36      1    118      1    365
  37      1     20     60    244
  38      1     84      1    365
  39      1     33     32    244
  40      1     34      1    365
  41      1    113     32    244
  42      1    177     91    365
  43      1     85     60    365
  44      1    131     60    244
  45      1    163     91    244
  46      1     46     91    213
  47      1    199      1    274
  48      1     14     91    305
  49      1    234      1    258
  50      1    117     32    166
  51      1     64     60    166
  52      1     39      1    365
  53      1     60     60    293
  54      1     39     91    213
  55      1     89     60    152
  56      1    224     60    244
  57      1     45     60    304
  58      1    160     91    182
  59      1    126     60    182
  60      5     51      1    365
  61      5    154      1    365
  62      1    197      1    365
  63      5     60      1    365
  64      1      7      1    365
  65      1     53      1    365
  66      1    142      1    365
  67      1      8      1    365
  68      5     83      1    365
  69      5     29      1    365
  70      1     52      1    365
  71      1     71      1    365
  72      5     25      1    365
  73      1   1698      1    365
  74      3     47     60    304
  75      5     19      1    365
  76      1     28      1    365
  77      1     35      1    365
  78      1     60      1    365
  79      3     20     60    304
  80      1     63      1    365
  81      1     50      1    365
  82      3     31     60    304
  83      3      9     60    304
  84      5     10      1    365
  85      3      9     60    304
  86      3     18     60    304
  87      3     19     60    304
  88      3     19     60    304
  89      3     82     60    304
  90      3     53     60    304
  91      3    107     60    304
  92      1     70      1    365
  93      1     15      1    365
  94      3    262     60    304
  95      3    169     60    304
  96      1     89      1    365
  97      1     11      1    365
  98      3     99     60    304
  99      3     92     60    304
 100      3     24     60    304
 101      1     43      1    365
 102      1     35      1    365
 103      1     48      1    365
 104      1     49      1    365
 105      3      9     60    304
 106      3    151     60    304
 107      3     97     60    304
 108      3    101     60    304
 109      3     44     60    304
 110      3      7     60    304
 111      3     47     60    304
 112      1     43     60    244
 113      5     28      1    365
 114      3     58     60    304
 115      3     43     60    304
 116      3     34     60    304
 117      5    617      1    365
 118      3     11     60    304
 119      3     70     60    304
 120      3      2     60    304
 121      3      1     60    304
 122      3    373     60    304
 123      3     59     60    304
 124      3    820     60    304
 125      3    259     60    304
 126      3     38     60    304
 127      3    430     60    304
 128      3    482     60    304
 129      3    436     60    304
 130      3    367     60    304
 131      5     33      1    365
 132      3    194     60    304
 133      3     57     60    304
 134      3     11     60    304
 135      3     74     60    304
 136      3     40     60    304
 137      5     39      1    196
 138      5     22      1    365
 139      3     14     60    304
 140      3    172     60    304
 141      3     97     60    304
 142      3    685     60    304
 143      3    441     60    304
 144      3     95     60    304
 145      3     12     60    304
 146      5    184      1    365
 147      3    587     60    304
 148      3    114     60    304
 149      3     19     60    304
 150      1     25      1    365
 151      1     64      1    365
 152      1     72      1    365
 153      3     24     60    304
 154      3     18     60    304
 155      5     51      1    365
 156      1    254      1    365
 157      1    149      1    365
 158      3    114     60    304
 159      5   2692      1    365
 160      5  10773      1    365
 161      5   3816      1    365
 162      1   1172      1    365
 163      1    186      1    365
 164      5      5      1    365
 165      5     55      1    365
 166      1     85     91    258
 167      5      8     60    274
 168      5     83     32    244
 169      5     22      1    365
 170      5     37      1    365
 171      3     86     60    304
 172      5     78     32    244
 173      5     19      1    365
 174      5   7396      1    365
 175      1     32      1    365
 176      3     61     60    304
 177      3    120     60    304
 178      3     43     60    304
 179      3     32     60    304
 180      3     20     60    304
 181      5     31      1    365
 182      3   1196     60    304
 183      3    770     60    304
 184      3     24     60    304
 185      3     13     60    304
 186      3     25     60    304
 187      3     31     60    304
 188      3     45     60    304
 189      3   2258     60    304
 190      3    351     60    304
 191      3    120     60    304
 192      1    179     91    244
 193      1     26     91    244
 194      1     23      1    365
 195      3    217      1    365
 196      3     46     60    304
 197      3    284     60    304
 198      3     98     60    304
 199      5      3      1    365
 200      3    155     60    304
 201      5     10      1    365
 202      3     44     60    304
 203      5    173      1    365
 204      5     83      1    365
 205      5    270      1    365
 206      5     76      1    365
 207      5     70      1    365
 208      5     57      1    365
 209      3     26     60    304
 210      1     26     32    304
 211      5     65     91    161
 212      3    181     60    304
 213      3   1579     60    304
 214      3     20     60    304
 215      5     23     60    244
 216      1     30      1    365
 217      3    118     60    304
 218      5     10      1    365
 219      5     19      1    365
 220      3     39     60    304
 221      3    736      1    365
 222      5    104     60    244
 223      5      6      1    365
 224      5     94      1    365
 225      3    197     60    304
 226      3    107     60    304
 227      5    196      1    365
 228      5     31      1    365
 229      3     26     60    304
 230      3    373     60    304
 231      3    706     60    304
 232      3    291     60    304
 233      1    129      1    365
 234      3     23     60    273
 235      3    162     60    304
 236      5   1884      1    365
 237      5     83      1    365
 238      3    769     60    304
 239      3    264     60    304
 240      3     61     60    304
 241      5     25      1    365
 242      5     47      1    365
 243      1    161      1    365
 244      1    116      1    365
 245      1    121      1    365
 246      1     74      1    365
 247      5     73     60    213
 248      5     13      1    365
 249      5     58     60    244
 250      5   1345      1    365
 251      3    253     91    288
 252      5    334      1    365
 253      1     59      1    365
 254      3     31    105    273
 999      0      0      1    365
