   1      3     82     60    304
   2      3     99     60    304
   3      3     50     60    304
   4      3     17      1    365
   5      3   1236     60    304
   6      3   1654     60    304
   7      3   1605     60    304
   8      3     12      1    365
   9      3   2889     60    304
  10      3   2880     60    304
  11      3    286     60    304
  12      5    115      1    365
  13      5     11     60    182
  14      5     35     60    213
  15      5    115      1    365
  16      5     16     60    213
  17      5      5     91    365
  18      5    137     32    365
  19      5     34      1    365
  20      5    184     60    304
  21      5     42    121    244
  22      5     85     91    213
  23      5    160     60    274
  24      5     16     91    244
  25      5    215      1    258
  26      5     45     91    213
  27      5      3     91    244
  28      5     27     32    335
  29      5     50     60    244
  30      5     96     60    244
  31      1     65      1    365
  32      1     47      1    365
  33      1    101     60    213
  34      1     51     60    274
  35      1    219      1    365
  36      1    161      1    365
  37      1     27     60    244
  38      1    114      1    365
  39      1     45     32    244
  40      1     47      1    365
  41      1    154     32    244
  42      1     88     91    365
  43      1     42     60    365
  44      1     65     60    244
  45      1     81     91    244
  46      1     23     91    213
  47      1     99      1    274
  48      1      7     91    305
  49      1    116      1    258
  50      1     58     32    166
  51      1     32     60    166
  52      1     19      1    365
  53      1     30     60    293
  54      1     19     91    213
  55      1     44     60    152
  56      1    111     60    244
  57      1     24     60    304
  58      1     79     91    182
  59      1    172     60    182
  60      5     52      1    365
  61      5    389      1    365
  62      1    268      1    365
  63      5    152      1    365
  64      1      4      1    365
  65      1     26      1    365
  66      1     70      1    365
  67      1     11      1    365
  68      5    210      1    365
  69      5     74      1    365
  70      1     72      1    365
  71      1     35      1    365
  72      5     63      1    365
  73      1   2760      1    365
  74      3     39     60    304
  75      5     47      1    365
  76      1     15      1    365
  77      1     19      1    365
  78      1     32      1    365
  79      3     22     60    304
  80      1     34      1    365
  81      1     27      1    365
  82      3     26     60    304
  83      3      8     60    304
  84      5     26      1    365
  85      3     10     60    304
  86      3     20     60    304
  87      3     15     60    304
  88      3     16     60    304
  89      3     69     60    304
  90      3     53     60    304
  91      3    114     60    304
  92      1     96      1    365
  93      1     20      1    365
  94      3    220     60    304
  95      3    169     60    304
  96      1     44      1    365
  97      1      5      1    365
  98      3     77     60    304
  99      3     72     60    304
 100      3     23     60    304
 101      1     23      1    365
 102      1     19      1    365
 103      1     26      1    365
 104      1     67      1    365
 105      3      7     60    304
 106      3    126     60    304
 107      3     97     60    304
 108      3    155     60    304
 109      3     68     60    304
 110      3      7     60    304
 111      3     37     60    304
 112      1     58     60    244
 113      5     10      1    365
 114      3     45     60    304
 115      3     43     60    304
 116      3     26     60    304
 117      5    215      1    365
 118      3      9     60    304
 119      3    107     60    304
 120      3      2     60    304
 121      3      1     60    304
 122      3    572     60    304
 123      3     59     60    304
 124      3    788     60    304
 125      3    202     60    304
 126      3     58     60    304
 127      3    460     60    304
 128      3    463     60    304
 129      3    418     60    304
 130      3    286     60    304
 131      5     84      1    365
 132      3    163     60    304
 133      3     87     60    304
 134      3     12     60    304
 135      3     79     60    304
 136      3     40     60    304
 137      5     40      1    196
 138      5     22      1    365
 139      3     12     60    304
 140      3    165     60    304
 141      3     93     60    304
 142      3    574     60    304
 143      3    441     60    304
 144      3    145     60    304
 145      3     11     60    304
 146      5     64      1    365
 147      3    627     60    304
 148      3    174     60    304
 149      3     29     60    304
 150      1     12      1    365
 151      1     32      1    365
 152      1     98      1    365
 153      3     19     60    304
 154      3     18     60    304
 155      5     52      1    365
 156      1    346      1    365
 157      1     74      1    365
 158      3    174     60    304
 159      5   2758      1    365
 160      5  11037      1    365
 161      5   3909      1    365
 162      1   1598      1    365
 163      1    100      1    365
 164      5      6      1    365
 165      5     19      1    365
 166      1    116     91    258
 167      5      8     60    274
 168      5     85     32    244
 169      5     22      1    365
 170      5     38      1    365
 171      3     67     60    304
 172      5     80     32    244
 173      5     47      1    365
 174      5   7577      1    365
 175      1     16      1    365
 176      3     51     60    304
 177      3    128     60    304
 178      3     34     60    304
 179      3     32     60    304
 180      3     16     60    304
 181      5     32      1    365
 182      3   1001     60    304
 183      3    770     60    304
 184      3     26     60    304
 185      3     13     60    304
 186      3     39     60    304
 187      3     26     60    304
 188      3     35     60    304
 189      3   1891     60    304
 190      3    294     60    304
 191      3    100     60    304
 192      1    244     91    244
 193      1     36     91    244
 194      1     31      1    365
 195      3    169      1    365
 196      3     36     60    304
 197      3    238     60    304
 198      3    105     60    304
 199      5      3      1    365
 200      3    166     60    304
 201      5     10      1    365
 202      3     47     60    304
 203      5    177      1    365
 204      5     85      1    365
 205      5    277      1    365
 206      5     78      1    365
 207      5     70      1    365
 208      5     59      1    365
 209      3     28     60    304
 210      1     36     32    304
 211      5    163     91    161
 212      3    193     60    304
 213      3   1689     60    304
 214      3     17     60    304
 215      5     23     60    244
 216      1     40      1    365
 217      3    126     60    304
 218      5     26      1    365
 219      5     47      1    365
 220      3     33     60    304
 221      3    707      1    365
 222      5    263     60    244
 223      5     16      1    365
 224      5    237      1    365
 225      3    211     60    304
 226      3    107     60    304
 227      5    201      1    365
 228      5     32      1    365
 229      3     28     60    304
 230      3    572     60    304
 231      3    550     60    304
 232      3    279     60    304
 233      1    177      1    365
 234      3     20     60    273
 235      3    126     60    304
 236      5    868      1    365
 237      5    210      1    365
 238      3    739     60    304
 239      3    254     60    304
 240      3     59     60    304
 241      5     25      1    365
 242      5     48      1    365
 243      1    219      1    365
 244      1    159      1    365
 245      1    165      1    365
 246      1     74      1    365
 247      5    184     60    213
 248      5     32      1    365
 249      5    147     60    244
 250      5    987      1    365
 251      3    388     91    288
 252      5    841      1    365
 253      1     80      1    365
 254      3     26    105    273
 999      0      0      1    365
