   1      3     89     60    304
   2      3    101     60    304
   3      3     50     60    304
   4      3     18      1    365
   5      3   1331     60    304
   6      3   1782     60    304
   7      3   1605     60    304
   8      3     12      1    365
   9      3   3112     60    304
  10      3   3102     60    304
  11      3    477     60    304
  12      5    111      1    365
  13      5      6     60    182
  14      5     34     60    213
  15      5    111      1    365
  16      5     57     60    213
  17      5      3     91    365
  18      5    132     32    365
  19      5     33      1    365
  20      5    101     60    304
  21      5    147    121    244
  22      5    182     91    213
  23      5    566     60    274
  24      5      9     91    244
  25      5    207      1    258
  26      5    159     91    213
  27      5     11     91    244
  28      5     26     32    335
  29      5     48     60    244
  30      5    340     60    244
  31      1     30      1    365
  32      1     22      1    365
  33      1     47     60    213
  34      1     24     60    274
  35      1    101      1    365
  36      1     75      1    365
  37      1     12     60    244
  38      1     53      1    365
  39      1     21     32    244
  40      1     22      1    365
  41      1     71     32    244
  42      1    128     91    365
  43      1     62     60    365
  44      1     95     60    244
  45      1    118     91    244
  46      1     33     91    213
  47      1    144      1    274
  48      1     10     91    305
  49      1    169      1    258
  50      1     85     32    166
  51      1     46     60    166
  52      1     28      1    365
  53      1     44     60    293
  54      1     28     91    213
  55      1     64     60    152
  56      1    162     60    244
  57      1    100     60    304
  58      1    116     91    182
  59      1     80     60    182
  60      5     50      1    365
  61      5    213      1    365
  62      1    124      1    365
  63      5     84      1    365
  64      1      5      1    365
  65      1     39      1    365
  66      1    103      1    365
  67      1      5      1    365
  68      5    115      1    365
  69      5     40      1    365
  70      1     33      1    365
  71      1     51      1    365
  72      5     35      1    365
  73      1    354      1    365
  74      3     43     60    304
  75      5     26      1    365
  76      1     61      1    365
  77      1     78      1    365
  78      1    133      1    365
  79      3     22     60    304
  80      1    139      1    365
  81      1    111      1    365
  82      3     28     60    304
  83      3      9     60    304
  84      5     14      1    365
  85      3     10     60    304
  86      3     20     60    304
  87      3     25     60    304
  88      3     17     60    304
  89      3     75     60    304
  90      3     53     60    304
  91      3    117     60    304
  92      1     45      1    365
  93      1      9      1    365
  94      3    240     60    304
  95      3    169     60    304
  96      1     64      1    365
  97      1      8      1    365
  98      3    128     60    304
  99      3    119     60    304
 100      3     24     60    304
 101      1     94      1    365
 102      1     78      1    365
 103      1    105      1    365
 104      1     31      1    365
 105      3     12     60    304
 106      3    138     60    304
 107      3     97     60    304
 108      3    121     60    304
 109      3     53     60    304
 110      3      7     60    304
 111      3     61     60    304
 112      1     27     60    244
 113      5     34      1    365
 114      3     75     60    304
 115      3     43     60    304
 116      3     44     60    304
 117      5    759      1    365
 118      3     10     60    304
 119      3     83     60    304
 120      3      2     60    304
 121      3      1     60    304
 122      3    444     60    304
 123      3     59     60    304
 124      3    848     60    304
 125      3    337     60    304
 126      3     45     60    304
 127      3    470     60    304
 128      3    498     60    304
 129      3    451     60    304
 130      3    477     60    304
 131      5     46      1    365
 132      3    177     60    304
 133      3     68     60    304
 134      3     12     60    304
 135      3     81     60    304
 136      3     40     60    304
 137      5     38      1    196
 138      5     21      1    365
 139      3     13     60    304
 140      3    178     60    304
 141      3    100     60    304
 142      3    626     60    304
 143      3    441     60    304
 144      3    113     60    304
 145      3     12     60    304
 146      5    227      1    365
 147      3    642     60    304
 148      3    136     60    304
 149      3     23     60    304
 150      1     18      1    365
 151      1     46      1    365
 152      1     46      1    365
 153      3     32     60    304
 154      3     18     60    304
 155      5     50      1    365
 156      1    160      1    365
 157      1    108      1    365
 158      3    136     60    304
 159      5   2657      1    365
 160      5  10632      1    365
 161      5   3766      1    365
 162      1    740      1    365
 163      1    411      1    365
 164      5      5      1    365
 165      5     68      1    365
 166      1     54     91    258
 167      5      7     60    274
 168      5     82     32    244
 169      5     21      1    365
 170      5     36      1    365
 171      3    112     60    304
 172      5     77     32    244
 173      5     26      1    365
 174      5   7299      1    365
 175      1     23      1    365
 176      3     55     60    304
 177      3    131     60    304
 178      3     56     60    304
 179      3     32     60    304
 180      3     26     60    304
 181      5     31      1    365
 182      3   1092     60    304
 183      3    770     60    304
 184      3     26     60    304
 185      3     13     60    304
 186      3     30     60    304
 187      3     28     60    304
 188      3     58     60    304
 189      3   2063     60    304
 190      3    321     60    304
 191      3    109     60    304
 192      1    113     91    244
 193      1     17     91    244
 194      1     14      1    365
 195      3    283      1    365
 196      3     60     60    304
 197      3    260     60    304
 198      3    107     60    304
 199      5      3      1    365
 200      3    170     60    304
 201      5     10      1    365
 202      3     48     60    304
 203      5    171      1    365
 204      5     82      1    365
 205      5    267      1    365
 206      5     75      1    365
 207      5     70      1    365
 208      5     57      1    365
 209      3     28     60    304
 210      1     17     32    304
 211      5     89     91    161
 212      3    198     60    304
 213      3   1728     60    304
 214      3     18     60    304
 215      5     22     60    244
 216      1     19      1    365
 217      3    129     60    304
 218      5     14      1    365
 219      5     26      1    365
 220      3     35     60    304
 221      3    762      1    365
 222      5    144     60    244
 223      5      9      1    365
 224      5    130      1    365
 225      3    216     60    304
 226      3    107     60    304
 227      5    193      1    365
 228      5     31      1    365
 229      3     28     60    304
 230      3    444     60    304
 231      3    918     60    304
 232      3    301     60    304
 233      1     82      1    365
 234      3     21     60    273
 235      3    211     60    304
 236      5   1857      1    365
 237      5    115      1    365
 238      3    796     60    304
 239      3    273     60    304
 240      3     63     60    304
 241      5     25      1    365
 242      5     46      1    365
 243      1    101      1    365
 244      1     73      1    365
 245      1     77      1    365
 246      1     74      1    365
 247      5    101     60    213
 248      5     17      1    365
 249      5     81     60    244
 250      5   2023      1    365
 251      3    301     91    288
 252      5    461      1    365
 253      1     37      1    365
 254      3     28    105    273
 999      0      0      1    365
