   1      3     86     60    304
   2      3     93     60    304
   3      3     50     60    304
   4      3     18      1    365
   5      3   1269     60    304
   6      3   1698     60    304
   7      3   1605     60    304
   8      3     11      1    365
   9      3   2966     60    304
  10      3   2956     60    304
  11      3    287     60    304
  12      5    112      1    365
  13      5      5     60    182
  14      5     35     60    213
  15      5    112      1    365
  16      5     32     60    213
  17      5      3     91    365
  18      5    134     32    365
  19      5     33      1    365
  20      5     89     60    304
  21      5     84    121    244
  22      5    115     91    213
  23      5    323     60    274
  24      5      8     91    244
  25      5    209      1    258
  26      5     90     91    213
  27      5      6     91    244
  28      5     26     32    335
  29      5     49     60    244
  30      5    194     60    244
  31      1     43      1    365
  32      1     31      1    365
  33      1     66     60    213
  34      1     34     60    274
  35      1    144      1    365
  36      1    106      1    365
  37      1     18     60    244
  38      1     75      1    365
  39      1     29     32    244
  40      1     31      1    365
  41      1    101     32    244
  42      1    159     91    365
  43      1     76     60    365
  44      1    117     60    244
  45      1    146     91    244
  46      1     41     91    213
  47      1    178      1    274
  48      1     13     91    305
  49      1    209      1    258
  50      1    105     32    166
  51      1     57     60    166
  52      1     35      1    365
  53      1     54     60    293
  54      1     35     91    213
  55      1     79     60    152
  56      1    200     60    244
  57      1    109     60    304
  58      1    143     91    182
  59      1    113     60    182
  60      5     51      1    365
  61      5    188      1    365
  62      1    176      1    365
  63      5     74      1    365
  64      1      6      1    365
  65      1     48      1    365
  66      1    127      1    365
  67      1      7      1    365
  68      5    102      1    365
  69      5     36      1    365
  70      1     47      1    365
  71      1     63      1    365
  72      5     30      1    365
  73      1   2511      1    365
  74      3     41     60    304
  75      5     23      1    365
  76      1     66      1    365
  77      1     84      1    365
  78      1    145      1    365
  79      3     20     60    304
  80      1    151      1    365
  81      1    121      1    365
  82      3     27     60    304
  83      3      8     60    304
  84      5     13      1    365
  85      3      9     60    304
  86      3     19     60    304
  87      3     15     60    304
  88      3     16     60    304
  89      3     72     60    304
  90      3     53     60    304
  91      3    108     60    304
  92      1     63      1    365
  93      1     13      1    365
  94      3    229     60    304
  95      3    169     60    304
  96      1     79      1    365
  97      1     10      1    365
  98      3     77     60    304
  99      3     72     60    304
 100      3     23     60    304
 101      1    103      1    365
 102      1     84      1    365
 103      1    115      1    365
 104      1     44      1    365
 105      3      7     60    304
 106      3    132     60    304
 107      3     97     60    304
 108      3    146     60    304
 109      3     64     60    304
 110      3      7     60    304
 111      3     37     60    304
 112      1     38     60    244
 113      5     19      1    365
 114      3     45     60    304
 115      3     43     60    304
 116      3     26     60    304
 117      5    432      1    365
 118      3     10     60    304
 119      3    100     60    304
 120      3      2     60    304
 121      3      1     60    304
 122      3    537     60    304
 123      3     59     60    304
 124      3    808     60    304
 125      3    203     60    304
 126      3     55     60    304
 127      3    433     60    304
 128      3    475     60    304
 129      3    430     60    304
 130      3    287     60    304
 131      5     41      1    365
 132      3    170     60    304
 133      3     82     60    304
 134      3     11     60    304
 135      3     74     60    304
 136      3     40     60    304
 137      5     39      1    196
 138      5     22      1    365
 139      3     12     60    304
 140      3    169     60    304
 141      3     95     60    304
 142      3    599     60    304
 143      3    441     60    304
 144      3    137     60    304
 145      3     12     60    304
 146      5    129      1    365
 147      3    591     60    304
 148      3    164     60    304
 149      3     27     60    304
 150      1     22      1    365
 151      1     57      1    365
 152      1     64      1    365
 153      3     19     60    304
 154      3     18     60    304
 155      5     51      1    365
 156      1    227      1    365
 157      1    133      1    365
 158      3    164     60    304
 159      5   2685      1    365
 160      5  10746      1    365
 161      5   3807      1    365
 162      1   1048      1    365
 163      1    447      1    365
 164      5      5      1    365
 165      5     39      1    365
 166      1     76     91    258
 167      5      8     60    274
 168      5     83     32    244
 169      5     22      1    365
 170      5     37      1    365
 171      3     68     60    304
 172      5     78     32    244
 173      5     23      1    365
 174      5   7378      1    365
 175      1     29      1    365
 176      3     53     60    304
 177      3    121     60    304
 178      3     34     60    304
 179      3     32     60    304
 180      3     16     60    304
 181      5     31      1    365
 182      3   1046     60    304
 183      3    770     60    304
 184      3     24     60    304
 185      3     13     60    304
 186      3     36     60    304
 187      3     27     60    304
 188      3     35     60    304
 189      3   1974     60    304
 190      3    307     60    304
 191      3    105     60    304
 192      1    160     91    244
 193      1     23     91    244
 194      1     21      1    365
 195      3    170      1    365
 196      3     36     60    304
 197      3    248     60    304
 198      3     99     60    304
 199      5      3      1    365
 200      3    156     60    304
 201      5     10      1    365
 202      3     45     60    304
 203      5    173      1    365
 204      5     83      1    365
 205      5    270      1    365
 206      5     76      1    365
 207      5     70      1    365
 208      5     57      1    365
 209      3     26     60    304
 210      1     23     32    304
 211      5     79     91    161
 212      3    182     60    304
 213      3   1591     60    304
 214      3     18     60    304
 215      5     23     60    244
 216      1     26      1    365
 217      3    119     60    304
 218      5     13      1    365
 219      5     23      1    365
 220      3     34     60    304
 221      3    726      1    365
 222      5    127     60    244
 223      5      8      1    365
 224      5    114      1    365
 225      3    199     60    304
 226      3    107     60    304
 227      5    195      1    365
 228      5     31      1    365
 229      3     26     60    304
 230      3    537     60    304
 231      3    553     60    304
 232      3    287     60    304
 233      1    116      1    365
 234      3     20     60    273
 235      3    127     60    304
 236      5   1172      1    365
 237      5    102      1    365
 238      3    759     60    304
 239      3    260     60    304
 240      3     60     60    304
 241      5     25      1    365
 242      5     46      1    365
 243      1    144      1    365
 244      1    104      1    365
 245      1    108      1    365
 246      1     74      1    365
 247      5     89     60    213
 248      5     15      1    365
 249      5     71     60    244
 250      5   2247      1    365
 251      3    364     91    288
 252      5    406      1    365
 253      1     53      1    365
 254      3     27    105    273
 999      0      0      1    365
