   1      3     69     60    304
   2      3     77     60    304
   3      3     50     60    304
   4      3     14      1    365
   5      3   1366     60    304
   6      3   1828     60    304
   7      3   1605     60    304
   8      3      9      1    365
   9      3   3192     60    304
  10      3   3182     60    304
  11      3    605     60    304
  12      5    112      1    365
  13      5      8     60    182
  14      5     34     60    213
  15      5    112      1    365
  16      5     26     60    213
  17      5      4     91    365
  18      5    133     32    365
  19      5     33      1    365
  20      5    142     60    304
  21      5     68    121    244
  22      5    185     91    213
  23      5    261     60    274
  24      5     12     91    244
  25      5    208      1    258
  26      5     73     91    213
  27      5      5     91    244
  28      5     26     32    335
  29      5     48     60    244
  30      5    157     60    244
  31      1     32      1    365
  32      1     23      1    365
  33      1     49     60    213
  34      1     25     60    274
  35      1    107      1    365
  36      1     78      1    365
  37      1     13     60    244
  38      1     56      1    365
  39      1     22     32    244
  40      1     23      1    365
  41      1     75     32    244
  42      1    184     91    365
  43      1     88     60    365
  44      1    136     60    244
  45      1    169     91    244
  46      1     48     91    213
  47      1    206      1    274
  48      1     15     91    305
  49      1    243      1    258
  50      1    121     32    166
  51      1     66     60    166
  52      1     40      1    365
  53      1     63     60    293
  54      1     40     91    213
  55      1     92     60    152
  56      1    232     60    244
  57      1    200     60    304
  58      1    166     91    182
  59      1     84     60    182
  60      5     50      1    365
  61      5    300      1    365
  62      1    131      1    365
  63      5    117      1    365
  64      1      7      1    365
  65      1     55      1    365
  66      1    147      1    365
  67      1      5      1    365
  68      5    162      1    365
  69      5     57      1    365
  70      1     35      1    365
  71      1     74      1    365
  72      5     49      1    365
  73      1   1447      1    365
  74      3     33     60    304
  75      5     36      1    365
  76      1    122      1    365
  77      1    155      1    365
  78      1    266      1    365
  79      3     17     60    304
  80      1    277      1    365
  81      1    222      1    365
  82      3     22     60    304
  83      3      7     60    304
  84      5     20      1    365
  85      3      8     60    304
  86      3     15     60    304
  87      3     31     60    304
  88      3     13     60    304
  89      3     58     60    304
  90      3     53     60    304
  91      3     90     60    304
  92      1     47      1    365
  93      1     10      1    365
  94      3    184     60    304
  95      3    169     60    304
  96      1     92      1    365
  97      1     11      1    365
  98      3    162     60    304
  99      3    151     60    304
 100      3     25     60    304
 101      1    188      1    365
 102      1    155      1    365
 103      1    211      1    365
 104      1     33      1    365
 105      3     16     60    304
 106      3    106     60    304
 107      3     97     60    304
 108      3     86     60    304
 109      3     38     60    304
 110      3      7     60    304
 111      3     78     60    304
 112      1     28     60    244
 113      5     16      1    365
 114      3     96     60    304
 115      3     43     60    304
 116      3     56     60    304
 117      5    350      1    365
 118      3      8     60    304
 119      3     59     60    304
 120      3      2     60    304
 121      3      1     60    304
 122      3    318     60    304
 123      3     59     60    304
 124      3    870     60    304
 125      3    427     60    304
 126      3     32     60    304
 127      3    360     60    304
 128      3    511     60    304
 129      3    462     60    304
 130      3    605     60    304
 131      5     65      1    365
 132      3    136     60    304
 133      3     48     60    304
 134      3      9     60    304
 135      3     62     60    304
 136      3     40     60    304
 137      5     39      1    196
 138      5     21      1    365
 139      3     10     60    304
 140      3    182     60    304
 141      3    103     60    304
 142      3    480     60    304
 143      3    441     60    304
 144      3     81     60    304
 145      3     13     60    304
 146      5    105      1    365
 147      3    491     60    304
 148      3     97     60    304
 149      3     16     60    304
 150      1     26      1    365
 151      1     66      1    365
 152      1     48      1    365
 153      3     40     60    304
 154      3     18     60    304
 155      5     50      1    365
 156      1    169      1    365
 157      1    155      1    365
 158      3     97     60    304
 159      5   2668      1    365
 160      5  10678      1    365
 161      5   3782      1    365
 162      1    778      1    365
 163      1    820      1    365
 164      5      5      1    365
 165      5     31      1    365
 166      1     57     91    258
 167      5      8     60    274
 168      5     83     32    244
 169      5     21      1    365
 170      5     36      1    365
 171      3    142     60    304
 172      5     77     32    244
 173      5     36      1    365
 174      5   7331      1    365
 175      1     33      1    365
 176      3     42     60    304
 177      3    100     60    304
 178      3     71     60    304
 179      3     32     60    304
 180      3     33     60    304
 181      5     31      1    365
 182      3    839     60    304
 183      3    770     60    304
 184      3     20     60    304
 185      3     13     60    304
 186      3     22     60    304
 187      3     22     60    304
 188      3     73     60    304
 189      3   1584     60    304
 190      3    246     60    304
 191      3     84     60    304
 192      1    119     91    244
 193      1     17     91    244
 194      1     15      1    365
 195      3    358      1    365
 196      3     76     60    304
 197      3    199     60    304
 198      3     82     60    304
 199      5      3      1    365
 200      3    130     60    304
 201      5     10      1    365
 202      3     37     60    304
 203      5    172      1    365
 204      5     83      1    365
 205      5    268      1    365
 206      5     75      1    365
 207      5     70      1    365
 208      5     57      1    365
 209      3     22     60    304
 210      1     17     32    304
 211      5    126     91    161
 212      3    151     60    304
 213      3   1321     60    304
 214      3     14     60    304
 215      5     23     60    244
 216      1     20      1    365
 217      3     99     60    304
 218      5     20      1    365
 219      5     36      1    365
 220      3     27     60    304
 221      3    781      1    365
 222      5    202     60    244
 223      5     12      1    365
 224      5    182      1    365
 225      3    165     60    304
 226      3    107     60    304
 227      5    194      1    365
 228      5     31      1    365
 229      3     22     60    304
 230      3    318     60    304
 231      3   1164     60    304
 232      3    309     60    304
 233      1     86      1    365
 234      3     16     60    273
 235      3    267     60    304
 236      5   1888      1    365
 237      5    162      1    365
 238      3    817     60    304
 239      3    280     60    304
 240      3     65     60    304
 241      5     25      1    365
 242      5     46      1    365
 243      1    107      1    365
 244      1     77      1    365
 245      1     81      1    365
 246      1     74      1    365
 247      5    142     60    213
 248      5     24      1    365
 249      5    113     60    244
 250      5    644      1    365
 251      3    216     91    288
 252      5    648      1    365
 253      1     39      1    365
 254      3     22    105    273
 999      0      0      1    365
