   1      3     94     60    304
   2      3     60     60    304
   3      3     50     60    304
   4      3     19      1    365
   5      3   1271     60    304
   6      3   1702     60    304
   7      3   1605     60    304
   8      3      7      1    365
   9      3   2972     60    304
  10      3   2962     60    304
  11      3    596     60    304
  12      5    112      1    365
  13      5      6     60    182
  14      5     35     60    213
  15      5    112      1    365
  16      5     64     60    213
  17      5      3     91    365
  18      5    134     32    365
  19      5     33      1    365
  20      5    111     60    304
  21      5    166    121    244
  22      5    182     91    213
  23      5    638     60    274
  24      5     10     91    244
  25      5    210      1    258
  26      5    179     91    213
  27      5     13     91    244
  28      5     26     32    335
  29      5     49     60    244
  30      5    383     60    244
  31      1     40      1    365
  32      1     29      1    365
  33      1     63     60    213
  34      1     32     60    274
  35      1    136      1    365
  36      1    100      1    365
  37      1     17     60    244
  38      1     71      1    365
  39      1     28     32    244
  40      1     29      1    365
  41      1     96     32    244
  42      1    109     91    365
  43      1     52     60    365
  44      1     80     60    244
  45      1    100     91    244
  46      1     28     91    213
  47      1    122      1    274
  48      1      9     91    305
  49      1    143      1    258
  50      1     72     32    166
  51      1     39     60    166
  52      1     24      1    365
  53      1     37     60    293
  54      1     24     91    213
  55      1     54     60    152
  56      1    137     60    244
  57      1     79     60    304
  58      1     98     91    182
  59      1    107     60    182
  60      5     51      1    365
  61      5    235      1    365
  62      1    167      1    365
  63      5     92      1    365
  64      1      4      1    365
  65      1     33      1    365
  66      1     87      1    365
  67      1      7      1    365
  68      5    127      1    365
  69      5     45      1    365
  70      1     45      1    365
  71      1     43      1    365
  72      5     38      1    365
  73      1   1236      1    365
  74      3     45     60    304
  75      5     29      1    365
  76      1     48      1    365
  77      1     62      1    365
  78      1    106      1    365
  79      3     13     60    304
  80      1    110      1    365
  81      1     88      1    365
  82      3     30     60    304
  83      3      9     60    304
  84      5     16      1    365
  85      3      6     60    304
  86      3     12     60    304
  87      3     31     60    304
  88      3     18     60    304
  89      3     79     60    304
  90      3     53     60    304
  91      3     69     60    304
  92      1     60      1    365
  93      1     13      1    365
  94      3    251     60    304
  95      3    169     60    304
  96      1     54      1    365
  97      1      7      1    365
  98      3    160     60    304
  99      3    149     60    304
 100      3     23     60    304
 101      1     75      1    365
 102      1     62      1    365
 103      1     84      1    365
 104      1     42      1    365
 105      3     15     60    304
 106      3    144     60    304
 107      3     97     60    304
 108      3     46     60    304
 109      3     20     60    304
 110      3      7     60    304
 111      3     77     60    304
 112      1     36     60    244
 113      5     38      1    365
 114      3     94     60    304
 115      3     43     60    304
 116      3     55     60    304
 117      5    855      1    365
 118      3     10     60    304
 119      3     32     60    304
 120      3      1     60    304
 121      3      1     60    304
 122      3    170     60    304
 123      3     59     60    304
 124      3    810     60    304
 125      3    421     60    304
 126      3     17     60    304
 127      3    278     60    304
 128      3    476     60    304
 129      3    430     60    304
 130      3    596     60    304
 131      5     51      1    365
 132      3    186     60    304
 133      3     26     60    304
 134      3      7     60    304
 135      3     48     60    304
 136      3     40     60    304
 137      5     39      1    196
 138      5     22      1    365
 139      3     13     60    304
 140      3    170     60    304
 141      3     95     60    304
 142      3    655     60    304
 143      3    441     60    304
 144      3     43     60    304
 145      3     12     60    304
 146      5    255      1    365
 147      3    379     60    304
 148      3     52     60    304
 149      3      9     60    304
 150      1     15      1    365
 151      1     39      1    365
 152      1     61      1    365
 153      3     39     60    304
 154      3     18     60    304
 155      5     51      1    365
 156      1    216      1    365
 157      1     91      1    365
 158      3     52     60    304
 159      5   2688      1    365
 160      5  10759      1    365
 161      5   3811      1    365
 162      1    995      1    365
 163      1    325      1    365
 164      5      5      1    365
 165      5     77      1    365
 166      1     72     91    258
 167      5      8     60    274
 168      5     83     32    244
 169      5     22      1    365
 170      5     37      1    365
 171      3    140     60    304
 172      5     78     32    244
 173      5     29      1    365
 174      5   7386      1    365
 175      1     20      1    365
 176      3     58     60    304
 177      3     77     60    304
 178      3     70     60    304
 179      3     32     60    304
 180      3     33     60    304
 181      5     31      1    365
 182      3   1143     60    304
 183      3    770     60    304
 184      3     15     60    304
 185      3     13     60    304
 186      3     12     60    304
 187      3     30     60    304
 188      3     72     60    304
 189      3   2159     60    304
 190      3    336     60    304
 191      3    114     60    304
 192      1    152     91    244
 193      1     22     91    244
 194      1     19      1    365
 195      3    353      1    365
 196      3     75     60    304
 197      3    272     60    304
 198      3     63     60    304
 199      5      3      1    365
 200      3    100     60    304
 201      5     10      1    365
 202      3     29     60    304
 203      5    173      1    365
 204      5     83      1    365
 205      5    270      1    365
 206      5     76      1    365
 207      5     70      1    365
 208      5     57      1    365
 209      3     17     60    304
 210      1     22     32    304
 211      5     99     91    161
 212      3    117     60    304
 213      3   1020     60    304
 214      3     19     60    304
 215      5     23     60    244
 216      1     25      1    365
 217      3     76     60    304
 218      5     16      1    365
 219      5     29      1    365
 220      3     37     60    304
 221      3    727      1    365
 222      5    159     60    244
 223      5     10      1    365
 224      5    143      1    365
 225      3    127     60    304
 226      3    107     60    304
 227      5    196      1    365
 228      5     31      1    365
 229      3     17     60    304
 230      3    170     60    304
 231      3   1146     60    304
 232      3    287     60    304
 233      1    110      1    365
 234      3     22     60    273
 235      3    263     60    304
 236      5   1865      1    365
 237      5    127      1    365
 238      3    760     60    304
 239      3    261     60    304
 240      3     60     60    304
 241      5     25      1    365
 242      5     46      1    365
 243      1    136      1    365
 244      1     99      1    365
 245      1    103      1    365
 246      1     74      1    365
 247      5    111     60    213
 248      5     19      1    365
 249      5     89     60    244
 250      5   2528      1    365
 251      3    115     91    288
 252      5    509      1    365
 253      1     50      1    365
 254      3     30    105    273
 999      0      0      1    365
