   1      3     71     60    304
   2      3    111     60    304
   3      3     50     60    304
   4      3     15      1    365
   5      3   1391     60    304
   6      3   1862     60    304
   7      3   1605     60    304
   8      3     13      1    365
   9      3   3252     60    304
  10      3   3242     60    304
  11      3    488     60    304
  12      5    109      1    365
  13      5      4     60    182
  14      5     33     60    213
  15      5    109      1    365
  16      5     35     60    213
  17      5      2     91    365
  18      5    130     32    365
  19      5     32      1    365
  20      5     78     60    304
  21      5     92    121    244
  22      5     95     91    213
  23      5    354     60    274
  24      5      7     91    244
  25      5    203      1    258
  26      5     99     91    213
  27      5      7     91    244
  28      5     25     32    335
  29      5     47     60    244
  30      5    212     60    244
  31      1     35      1    365
  32      1     26      1    365
  33      1     55     60    213
  34      1     28     60    274
  35      1    120      1    365
  36      1     88      1    365
  37      1     15     60    244
  38      1     62      1    365
  39      1     24     32    244
  40      1     26      1    365
  41      1     84     32    244
  42      1    199     91    365
  43      1     96     60    365
  44      1    147     60    244
  45      1    183     91    244
  46      1     52     91    213
  47      1    223      1    274
  48      1     16     91    305
  49      1    263      1    258
  50      1    131     32    166
  51      1     72     60    166
  52      1     44      1    365
  53      1     68     60    293
  54      1     44     91    213
  55      1    100     60    152
  56      1    251     60    244
  57      1    152     60    304
  58      1    179     91    182
  59      1     94     60    182
  60      5     49      1    365
  61      5    165      1    365
  62      1    147      1    365
  63      5     65      1    365
  64      1      8      1    365
  65      1     60      1    365
  66      1    159      1    365
  67      1      6      1    365
  68      5     89      1    365
  69      5     31      1    365
  70      1     39      1    365
  71      1     80      1    365
  72      5     27      1    365
  73      1     51      1    365
  74      3     34     60    304
  75      5     20      1    365
  76      1     93      1    365
  77      1    119      1    365
  78      1    203      1    365
  79      3     24     60    304
  80      1    212      1    365
  81      1    169      1    365
  82      3     23     60    304
  83      3      7     60    304
  84      5     11      1    365
  85      3     11     60    304
  86      3     22     60    304
  87      3     25     60    304
  88      3     14     60    304
  89      3     60     60    304
  90      3     53     60    304
  91      3    129     60    304
  92      1     53      1    365
  93      1     11      1    365
  94      3    190     60    304
  95      3    169     60    304
  96      1    100      1    365
  97      1     12      1    365
  98      3    131     60    304
  99      3    122     60    304
 100      3     26     60    304
 101      1    144      1    365
 102      1    119      1    365
 103      1    161      1    365
 104      1     37      1    365
 105      3     13     60    304
 106      3    109     60    304
 107      3     97     60    304
 108      3    174     60    304
 109      3     76     60    304
 110      3      7     60    304
 111      3     63     60    304
 112      1     32     60    244
 113      5     21      1    365
 114      3     77     60    304
 115      3     43     60    304
 116      3     45     60    304
 117      5    475      1    365
 118      3      8     60    304
 119      3    120     60    304
 120      3      2     60    304
 121      3      1     60    304
 122      3    641     60    304
 123      3     59     60    304
 124      3    886     60    304
 125      3    344     60    304
 126      3     65     60    304
 127      3    518     60    304
 128      3    521     60    304
 129      3    471     60    304
 130      3    488     60    304
 131      5     36      1    365
 132      3    141     60    304
 133      3     98     60    304
 134      3     13     60    304
 135      3     89     60    304
 136      3     40     60    304
 137      5     38      1    196
 138      5     21      1    365
 139      3     10     60    304
 140      3    186     60    304
 141      3    104     60    304
 142      3    497     60    304
 143      3    441     60    304
 144      3    163     60    304
 145      3     13     60    304
 146      5    142      1    365
 147      3    706     60    304
 148      3    196     60    304
 149      3     33     60    304
 150      1     28      1    365
 151      1     72      1    365
 152      1     54      1    365
 153      3     32     60    304
 154      3     18     60    304
 155      5     49      1    365
 156      1    190      1    365
 157      1    167      1    365
 158      3    196     60    304
 159      5   2601      1    365
 160      5  10410      1    365
 161      5   3687      1    365
 162      1    874      1    365
 163      1    627      1    365
 164      5      5      1    365
 165      5     42      1    365
 166      1     64     91    258
 167      5      7     60    274
 168      5     81     32    244
 169      5     21      1    365
 170      5     36      1    365
 171      3    115     60    304
 172      5     75     32    244
 173      5     20      1    365
 174      5   7147      1    365
 175      1     36      1    365
 176      3     44     60    304
 177      3    144     60    304
 178      3     57     60    304
 179      3     32     60    304
 180      3     27     60    304
 181      5     30      1    365
 182      3    867     60    304
 183      3    770     60    304
 184      3     29     60    304
 185      3     13     60    304
 186      3     43     60    304
 187      3     23     60    304
 188      3     59     60    304
 189      3   1638     60    304
 190      3    255     60    304
 191      3     87     60    304
 192      1    133     91    244
 193      1     20     91    244
 194      1     17      1    365
 195      3    289      1    365
 196      3     61     60    304
 197      3    206     60    304
 198      3    118     60    304
 199      5      3      1    365
 200      3    187     60    304
 201      5      9      1    365
 202      3     53     60    304
 203      5    167      1    365
 204      5     81      1    365
 205      5    261      1    365
 206      5     73      1    365
 207      5     70      1    365
 208      5     55      1    365
 209      3     31     60    304
 210      1     20     32    304
 211      5     69     91    161
 212      3    218     60    304
 213      3   1902     60    304
 214      3     15     60    304
 215      5     22     60    244
 216      1     22      1    365
 217      3    142     60    304
 218      5     11      1    365
 219      5     20      1    365
 220      3     28     60    304
 221      3    796      1    365
 222      5    111     60    244
 223      5      7      1    365
 224      5    100      1    365
 225      3    238     60    304
 226      3    107     60    304
 227      5    189      1    365
 228      5     30      1    365
 229      3     31     60    304
 230      3    641     60    304
 231      3    938     60    304
 232      3    314     60    304
 233      1     97      1    365
 234      3     17     60    273
 235      3    215     60    304
 236      5    975      1    365
 237      5     89      1    365
 238      3    832     60    304
 239      3    285     60    304
 240      3     66     60    304
 241      5     24      1    365
 242      5     45      1    365
 243      1    120      1    365
 244      1     87      1    365
 245      1     90      1    365
 246      1     74      1    365
 247      5     78     60    213
 248      5     13      1    365
 249      5     62     60    244
 250      5   2188      1    365
 251      3    435     91    288
 252      5    356      1    365
 253      1     44      1    365
 254      3     23    105    273
 999      0      0      1    365
