   1      3     86     60    304
   2      3    110     60    304
   3      3     50     60    304
   4      3     18      1    365
   5      3   1424     60    304
   6      3   1907     60    304
   7      3   1605     60    304
   8      3     13      1    365
   9      3   3330     60    304
  10      3   3319     60    304
  11      3    404     60    304
  12      5    104      1    365
  13      5      2     60    182
  14      5     32     60    213
  15      5    104      1    365
  16      5     54     60    213
  17      5      1     91    365
  18      5    124     32    365
  19      5     31      1    365
  20      5     43     60    304
  21      5    141    121    244
  22      5     69     91    213
  23      5    542     60    274
  24      5      4     91    244
  25      5    195      1    258
  26      5    152     91    213
  27      5     11     91    244
  28      5     24     32    335
  29      5     45     60    244
  30      5    325     60    244
  31      1     54      1    365
  32      1     39      1    365
  33      1     84     60    213
  34      1     43     60    274
  35      1    182      1    365
  36      1    134      1    365
  37      1     22     60    244
  38      1     95      1    365
  39      1     37     32    244
  40      1     39      1    365
  41      1    128     32    244
  42      1    213     91    365
  43      1    102     60    365
  44      1    157     60    244
  45      1    196     91    244
  46      1     55     91    213
  47      1    238      1    274
  48      1     17     91    305
  49      1    281      1    258
  50      1    140     32    166
  51      1     77     60    166
  52      1     47      1    365
  53      1     72     60    293
  54      1     47     91    213
  55      1    106     60    152
  56      1    268     60    244
  57      1    111     60    304
  58      1    191     91    182
  59      1    143     60    182
  60      5     47      1    365
  61      5     92      1    365
  62      1    223      1    365
  63      5     36      1    365
  64      1      9      1    365
  65      1     64      1    365
  66      1    170      1    365
  67      1      9      1    365
  68      5     50      1    365
  69      5     17      1    365
  70      1     60      1    365
  71      1     85      1    365
  72      5     15      1    365
  73      1   1431      1    365
  74      3     41     60    304
  75      5     11      1    365
  76      1     68      1    365
  77      1     86      1    365
  78      1    148      1    365
  79      3     24     60    304
  80      1    154      1    365
  81      1    123      1    365
  82      3     27     60    304
  83      3      8     60    304
  84      5      6      1    365
  85      3     11     60    304
  86      3     22     60    304
  87      3     21     60    304
  88      3     16     60    304
  89      3     72     60    304
  90      3     53     60    304
  91      3    128     60    304
  92      1     80      1    365
  93      1     17      1    365
  94      3    231     60    304
  95      3    169     60    304
  96      1    106      1    365
  97      1     13      1    365
  98      3    108     60    304
  99      3    101     60    304
 100      3     26     60    304
 101      1    105      1    365
 102      1     86      1    365
 103      1    117      1    365
 104      1     56      1    365
 105      3     10     60    304
 106      3    132     60    304
 107      3     97     60    304
 108      3     79     60    304
 109      3     34     60    304
 110      3      7     60    304
 111      3     52     60    304
 112      1     48     60    244
 113      5     33      1    365
 114      3     64     60    304
 115      3     43     60    304
 116      3     37     60    304
 117      5    726      1    365
 118      3     10     60    304
 119      3     54     60    304
 120      3      2     60    304
 121      3      1     60    304
 122      3    291     60    304
 123      3     59     60    304
 124      3    908     60    304
 125      3    285     60    304
 126      3     30     60    304
 127      3    513     60    304
 128      3    533     60    304
 129      3    482     60    304
 130      3    404     60    304
 131      5     20      1    365
 132      3    171     60    304
 133      3     44     60    304
 134      3     13     60    304
 135      3     88     60    304
 136      3     40     60    304
 137      5     36      1    196
 138      5     20      1    365
 139      3     12     60    304
 140      3    190     60    304
 141      3    107     60    304
 142      3    602     60    304
 143      3    441     60    304
 144      3     74     60    304
 145      3     13     60    304
 146      5    217      1    365
 147      3    700     60    304
 148      3     89     60    304
 149      3     15     60    304
 150      1     30      1    365
 151      1     77      1    365
 152      1     82      1    365
 153      3     27     60    304
 154      3     18     60    304
 155      5     47      1    365
 156      1    289      1    365
 157      1    179      1    365
 158      3     89     60    304
 159      5   2496      1    365
 160      5   9990      1    365
 161      5   3539      1    365
 162      1   1331      1    365
 163      1    457      1    365
 164      5      5      1    365
 165      5     65      1    365
 166      1     97     91    258
 167      5      7     60    274
 168      5     77     32    244
 169      5     20      1    365
 170      5     34      1    365
 171      3     95     60    304
 172      5     72     32    244
 173      5     11      1    365
 174      5   6859      1    365
 175      1     38      1    365
 176      3     53     60    304
 177      3    143     60    304
 178      3     48     60    304
 179      3     32     60    304
 180      3     22     60    304
 181      5     29      1    365
 182      3   1051     60    304
 183      3    770     60    304
 184      3     29     60    304
 185      3     13     60    304
 186      3     20     60    304
 187      3     27     60    304
 188      3     49     60    304
 189      3   1984     60    304
 190      3    308     60    304
 191      3    105     60    304
 192      1    203     91    244
 193      1     30     91    244
 194      1     26      1    365
 195      3    239      1    365
 196      3     51     60    304
 197      3    250     60    304
 198      3    117     60    304
 199      5      3      1    365
 200      3    185     60    304
 201      5      9      1    365
 202      3     53     60    304
 203      5    161      1    365
 204      5     77      1    365
 205      5    251      1    365
 206      5     70      1    365
 207      5     70      1    365
 208      5     53      1    365
 209      3     31     60    304
 210      1     30     32    304
 211      5     38     91    161
 212      3    216     60    304
 213      3   1885     60    304
 214      3     18     60    304
 215      5     21     60    244
 216      1     34      1    365
 217      3    141     60    304
 218      5      6      1    365
 219      5     11      1    365
 220      3     34     60    304
 221      3    815      1    365
 222      5     62     60    244
 223      5      4      1    365
 224      5     56      1    365
 225      3    236     60    304
 226      3    107     60    304
 227      5    182      1    365
 228      5     29      1    365
 229      3     31     60    304
 230      3    291     60    304
 231      3    777     60    304
 232      3    322     60    304
 233      1    147      1    365
 234      3     20     60    273
 235      3    178     60    304
 236      5    710      1    365
 237      5     50      1    365
 238      3    852     60    304
 239      3    292     60    304
 240      3     68     60    304
 241      5     23      1    365
 242      5     43      1    365
 243      1    182      1    365
 244      1    132      1    365
 245      1    138      1    365
 246      1     74      1    365
 247      5     43     60    213
 248      5      7      1    365
 249      5     35     60    244
 250      5   1849      1    365
 251      3    197     91    288
 252      5    199      1    365
 253      1     67      1    365
 254      3     27    105    273
 999      0      0      1    365
