   1      3     83     60    304
   2      3     83     60    304
   3      3     50     60    304
   4      3     17      1    365
   5      3   1390     60    304
   6      3   1860     60    304
   7      3   1605     60    304
   8      3     10      1    365
   9      3   3248     60    304
  10      3   3238     60    304
  11      3    313     60    304
  12      5    117      1    365
  13      5      3     60    182
  14      5     36     60    213
  15      5    117      1    365
  16      5     47     60    213
  17      5      1     91    365
  18      5    139     32    365
  19      5     35      1    365
  20      5     49     60    304
  21      5    122    121    244
  22      5    140     91    213
  23      5    470     60    274
  24      5      4     91    244
  25      5    218      1    258
  26      5    132     91    213
  27      5      9     91    244
  28      5     27     32    335
  29      5     51     60    244
  30      5    282     60    244
  31      1     46      1    365
  32      1     34      1    365
  33      1     72     60    213
  34      1     37     60    274
  35      1    157      1    365
  36      1    115      1    365
  37      1     19     60    244
  38      1     82      1    365
  39      1     32     32    244
  40      1     34      1    365
  41      1    110     32    244
  42      1     65     91    365
  43      1     31     60    365
  44      1     48     60    244
  45      1     60     91    244
  46      1     17     91    213
  47      1     73      1    274
  48      1      5     91    305
  49      1     86      1    258
  50      1     43     32    166
  51      1     24     60    166
  52      1     14      1    365
  53      1     22     60    293
  54      1     14     91    213
  55      1     33     60    152
  56      1     82     60    244
  57      1    138     60    304
  58      1     59     91    182
  59      1    123     60    182
  60      5     53      1    365
  61      5    105      1    365
  62      1    192      1    365
  63      5     41      1    365
  64      1      3      1    365
  65      1     20      1    365
  66      1     52      1    365
  67      1      8      1    365
  68      5     56      1    365
  69      5     20      1    365
  70      1     51      1    365
  71      1     26      1    365
  72      5     17      1    365
  73      1    708      1    365
  74      3     39     60    304
  75      5     13      1    365
  76      1     84      1    365
  77      1    107      1    365
  78      1    184      1    365
  79      3     18     60    304
  80      1    191      1    365
  81      1    153      1    365
  82      3     26     60    304
  83      3      8     60    304
  84      5      7      1    365
  85      3      8     60    304
  86      3     17     60    304
  87      3     16     60    304
  88      3     16     60    304
  89      3     70     60    304
  90      3     53     60    304
  91      3     96     60    304
  92      1     69      1    365
  93      1     14      1    365
  94      3    222     60    304
  95      3    169     60    304
  96      1     33      1    365
  97      1      4      1    365
  98      3     84     60    304
  99      3     78     60    304
 100      3     25     60    304
 101      1    130      1    365
 102      1    107      1    365
 103      1    145      1    365
 104      1     48      1    365
 105      3      8     60    304
 106      3    128     60    304
 107      3     97     60    304
 108      3    260     60    304
 109      3    114     60    304
 110      3      7     60    304
 111      3     40     60    304
 112      1     42     60    244
 113      5     28      1    365
 114      3     50     60    304
 115      3     43     60    304
 116      3     29     60    304
 117      5    630      1    365
 118      3      9     60    304
 119      3    179     60    304
 120      3      2     60    304
 121      3      1     60    304
 122      3    960     60    304
 123      3     59     60    304
 124      3    885     60    304
 125      3    221     60    304
 126      3     98     60    304
 127      3    386     60    304
 128      3    520     60    304
 129      3    471     60    304
 130      3    313     60    304
 131      5     23      1    365
 132      3    164     60    304
 133      3    146     60    304
 134      3     10     60    304
 135      3     66     60    304
 136      3     40     60    304
 137      5     40      1    196
 138      5     22      1    365
 139      3     12     60    304
 140      3    185     60    304
 141      3    104     60    304
 142      3    580     60    304
 143      3    441     60    304
 144      3    244     60    304
 145      3     13     60    304
 146      5    188      1    365
 147      3    527     60    304
 148      3    293     60    304
 149      3     49     60    304
 150      1      9      1    365
 151      1     24      1    365
 152      1     70      1    365
 153      3     21     60    304
 154      3     18     60    304
 155      5     53      1    365
 156      1    248      1    365
 157      1     55      1    365
 158      3    293     60    304
 159      5   2797      1    365
 160      5  11193      1    365
 161      5   3965      1    365
 162      1   1143      1    365
 163      1    566      1    365
 164      5      6      1    365
 165      5     56      1    365
 166      1     83     91    258
 167      5      8     60    274
 168      5     87     32    244
 169      5     22      1    365
 170      5     38      1    365
 171      3     74     60    304
 172      5     81     32    244
 173      5     13      1    365
 174      5   7685      1    365
 175      1     12      1    365
 176      3     51     60    304
 177      3    108     60    304
 178      3     37     60    304
 179      3     32     60    304
 180      3     17     60    304
 181      5     33      1    365
 182      3   1013     60    304
 183      3    770     60    304
 184      3     22     60    304
 185      3     13     60    304
 186      3     65     60    304
 187      3     26     60    304
 188      3     38     60    304
 189      3   1913     60    304
 190      3    297     60    304
 191      3    101     60    304
 192      1    174     91    244
 193      1     26     91    244
 194      1     22      1    365
 195      3    186      1    365
 196      3     39     60    304
 197      3    241     60    304
 198      3     88     60    304
 199      5      3      1    365
 200      3    139     60    304
 201      5     10      1    365
 202      3     40     60    304
 203      5    180      1    365
 204      5     87      1    365
 205      5    281      1    365
 206      5     79      1    365
 207      5     70      1    365
 208      5     60      1    365
 209      3     23     60    304
 210      1     26     32    304
 211      5     44     91    161
 212      3    163     60    304
 213      3   1420     60    304
 214      3     17     60    304
 215      5     24     60    244
 216      1     29      1    365
 217      3    106     60    304
 218      5      7      1    365
 219      5     13      1    365
 220      3     33     60    304
 221      3    795      1    365
 222      5     71     60    244
 223      5      4      1    365
 224      5     64      1    365
 225      3    177     60    304
 226      3    107     60    304
 227      5    203      1    365
 228      5     33      1    365
 229      3     23     60    304
 230      3    960     60    304
 231      3    603     60    304
 232      3    314     60    304
 233      1    126      1    365
 234      3     20     60    273
 235      3    138     60    304
 236      5   1427      1    365
 237      5     56      1    365
 238      3    831     60    304
 239      3    285     60    304
 240      3     66     60    304
 241      5     26      1    365
 242      5     48      1    365
 243      1    157      1    365
 244      1    114      1    365
 245      1    118      1    365
 246      1     74      1    365
 247      5     49     60    213
 248      5      8      1    365
 249      5     40     60    244
 250      5    669      1    365
 251      3    651     91    288
 252      5    226      1    365
 253      1     58      1    365
 254      3     26    105    273
 999      0      0      1    365
