   1      3     71     60    304
   2      3     59     60    304
   3      3     50     60    304
   4      3     15      1    365
   5      3   1242     60    304
   6      3   1663     60    304
   7      3   1605     60    304
   8      3      7      1    365
   9      3   2904     60    304
  10      3   2895     60    304
  11      3    455     60    304
  12      5    106      1    365
  13      5      5     60    182
  14      5     33     60    213
  15      5    106      1    365
  16      5     56     60    213
  17      5      3     91    365
  18      5    127     32    365
  19      5     32      1    365
  20      5     96     60    304
  21      5    145    121    244
  22      5    356     91    213
  23      5    557     60    274
  24      5      8     91    244
  25      5    198      1    258
  26      5    156     91    213
  27      5     11     91    244
  28      5     24     32    335
  29      5     46     60    244
  30      5    334     60    244
  31      1     38      1    365
  32      1     27      1    365
  33      1     59     60    213
  34      1     30     60    274
  35      1    128      1    365
  36      1     94      1    365
  37      1     16     60    244
  38      1     67      1    365
  39      1     26     32    244
  40      1     27      1    365
  41      1     90     32    244
  42      1    157     91    365
  43      1     75     60    365
  44      1    116     60    244
  45      1    144     91    244
  46      1     41     91    213
  47      1    176      1    274
  48      1     13     91    305
  49      1    207      1    258
  50      1    104     32    166
  51      1     56     60    166
  52      1     35      1    365
  53      1     53     60    293
  54      1     35     91    213
  55      1     78     60    152
  56      1    198     60    244
  57      1     51     60    304
  58      1    141     91    182
  59      1    101     60    182
  60      5     48      1    365
  61      5    202      1    365
  62      1    157      1    365
  63      5     79      1    365
  64      1      6      1    365
  65      1     47      1    365
  66      1    126      1    365
  67      1      7      1    365
  68      5    109      1    365
  69      5     38      1    365
  70      1     42      1    365
  71      1     63      1    365
  72      5     33      1    365
  73      1   2874      1    365
  74      3     34     60    304
  75      5     25      1    365
  76      1     31      1    365
  77      1     40      1    365
  78      1     68      1    365
  79      3     13     60    304
  80      1     71      1    365
  81      1     57      1    365
  82      3     23     60    304
  83      3      7     60    304
  84      5     14      1    365
  85      3      6     60    304
  86      3     12     60    304
  87      3     23     60    304
  88      3     14     60    304
  89      3     60     60    304
  90      3     53     60    304
  91      3     69     60    304
  92      1     56      1    365
  93      1     12      1    365
  94      3    191     60    304
  95      3    169     60    304
  96      1     78      1    365
  97      1      9      1    365
  98      3    122     60    304
  99      3    114     60    304
 100      3     23     60    304
 101      1     48      1    365
 102      1     40      1    365
 103      1     54      1    365
 104      1     39      1    365
 105      3     12     60    304
 106      3    110     60    304
 107      3     97     60    304
 108      3    145     60    304
 109      3     64     60    304
 110      3      7     60    304
 111      3     59     60    304
 112      1     34     60    244
 113      5     33      1    365
 114      3     72     60    304
 115      3     43     60    304
 116      3     42     60    304
 117      5    747      1    365
 118      3      8     60    304
 119      3    100     60    304
 120      3      1     60    304
 121      3      1     60    304
 122      3    536     60    304
 123      3     59     60    304
 124      3    791     60    304
 125      3    321     60    304
 126      3     55     60    304
 127      3    277     60    304
 128      3    465     60    304
 129      3    421     60    304
 130      3    455     60    304
 131      5     44      1    365
 132      3    141     60    304
 133      3     82     60    304
 134      3      7     60    304
 135      3     48     60    304
 136      3     40     60    304
 137      5     37      1    196
 138      5     20      1    365
 139      3     10     60    304
 140      3    166     60    304
 141      3     93     60    304
 142      3    499     60    304
 143      3    441     60    304
 144      3    136     60    304
 145      3     11     60    304
 146      5    223      1    365
 147      3    378     60    304
 148      3    164     60    304
 149      3     27     60    304
 150      1     22      1    365
 151      1     56      1    365
 152      1     58      1    365
 153      3     30     60    304
 154      3     18     60    304
 155      5     48      1    365
 156      1    203      1    365
 157      1    132      1    365
 158      3    164     60    304
 159      5   2540      1    365
 160      5  10164      1    365
 161      5   3600      1    365
 162      1    935      1    365
 163      1    209      1    365
 164      5      5      1    365
 165      5     67      1    365
 166      1     68     91    258
 167      5      7     60    274
 168      5     79     32    244
 169      5     20      1    365
 170      5     35      1    365
 171      3    107     60    304
 172      5     73     32    244
 173      5     25      1    365
 174      5   6978      1    365
 175      1     28      1    365
 176      3     44     60    304
 177      3     77     60    304
 178      3     54     60    304
 179      3     32     60    304
 180      3     25     60    304
 181      5     30      1    365
 182      3    871     60    304
 183      3    770     60    304
 184      3     15     60    304
 185      3     13     60    304
 186      3     36     60    304
 187      3     23     60    304
 188      3     55     60    304
 189      3   1645     60    304
 190      3    256     60    304
 191      3     87     60    304
 192      1    143     91    244
 193      1     21     91    244
 194      1     18      1    365
 195      3    269      1    365
 196      3     57     60    304
 197      3    207     60    304
 198      3     63     60    304
 199      5      3      1    365
 200      3    100     60    304
 201      5      9      1    365
 202      3     29     60    304
 203      5    163      1    365
 204      5     79      1    365
 205      5    255      1    365
 206      5     71      1    365
 207      5     70      1    365
 208      5     54      1    365
 209      3     17     60    304
 210      1     21     32    304
 211      5     85     91    161
 212      3    116     60    304
 213      3   1017     60    304
 214      3     15     60    304
 215      5     21     60    244
 216      1     24      1    365
 217      3     76     60    304
 218      5     14      1    365
 219      5     25      1    365
 220      3     28     60    304
 221      3    711      1    365
 222      5    137     60    244
 223      5      8      1    365
 224      5    123      1    365
 225      3    127     60    304
 226      3    107     60    304
 227      5    185      1    365
 228      5     30      1    365
 229      3     17     60    304
 230      3    536     60    304
 231      3    875     60    304
 232      3    281     60    304
 233      1    103      1    365
 234      3     17     60    273
 235      3    201     60    304
 236      5   3640      1    365
 237      5    109      1    365
 238      3    743     60    304
 239      3    255     60    304
 240      3     59     60    304
 241      5     23      1    365
 242      5     44      1    365
 243      1    128      1    365
 244      1     93      1    365
 245      1     97      1    365
 246      1     74      1    365
 247      5     96     60    213
 248      5     16      1    365
 249      5     77     60    244
 250      5   2011      1    365
 251      3    363     91    288
 252      5    438      1    365
 253      1     47      1    365
 254      3     23    105    273
 999      0      0      1    365
