   1      3    107     60    304
   2      3     62     60    304
   3      3     50     60    304
   4      3     22      1    365
   5      3   1309     60    304
   6      3   1752     60    304
   7      3   1605     60    304
   8      3      7      1    365
   9      3   3059     60    304
  10      3   3050     60    304
  11      3    493     60    304
  12      5    110      1    365
  13      5     12     60    182
  14      5     34     60    213
  15      5    110      1    365
  16      5     27     60    213
  17      5      6     91    365
  18      5    131     32    365
  19      5     33      1    365
  20      5    205     60    304
  21      5     69    121    244
  22      5     60     91    213
  23      5    266     60    274
  24      5     18     91    244
  25      5    205      1    258
  26      5     74     91    213
  27      5      5     91    244
  28      5     25     32    335
  29      5     48     60    244
  30      5    159     60    244
  31      1     49      1    365
  32      1     36      1    365
  33      1     77     60    213
  34      1     39     60    274
  35      1    167      1    365
  36      1    122      1    365
  37      1     20     60    244
  38      1     87      1    365
  39      1     34     32    244
  40      1     36      1    365
  41      1    117     32    244
  42      1    117     91    365
  43      1     56     60    365
  44      1     87     60    244
  45      1    108     91    244
  46      1     30     91    213
  47      1    131      1    274
  48      1      9     91    305
  49      1    155      1    258
  50      1     77     32    166
  51      1     42     60    166
  52      1     26      1    365
  53      1     40     60    293
  54      1     26     91    213
  55      1     59     60    152
  56      1    148     60    244
  57      1     74     60    304
  58      1    105     91    182
  59      1    131     60    182
  60      5     50      1    365
  61      5    433      1    365
  62      1    204      1    365
  63      5    170      1    365
  64      1      5      1    365
  65      1     35      1    365
  66      1     94      1    365
  67      1      9      1    365
  68      5    234      1    365
  69      5     82      1    365
  70      1     54      1    365
  71      1     47      1    365
  72      5     70      1    365
  73      1    140      1    365
  74      3     51     60    304
  75      5     53      1    365
  76      1     45      1    365
  77      1     58      1    365
  78      1     99      1    365
  79      3     14     60    304
  80      1    103      1    365
  81      1     82      1    365
  82      3     34     60    304
  83      3     10     60    304
  84      5     29      1    365
  85      3      6     60    304
  86      3     12     60    304
  87      3     25     60    304
  88      3     20     60    304
  89      3     90     60    304
  90      3     53     60    304
  91      3     72     60    304
  92      1     73      1    365
  93      1     15      1    365
  94      3    287     60    304
  95      3    169     60    304
  96      1     59      1    365
  97      1      7      1    365
  98      3    132     60    304
  99      3    123     60    304
 100      3     24     60    304
 101      1     70      1    365
 102      1     58      1    365
 103      1     78      1    365
 104      1     51      1    365
 105      3     13     60    304
 106      3    165     60    304
 107      3     97     60    304
 108      3    143     60    304
 109      3     63     60    304
 110      3      7     60    304
 111      3     63     60    304
 112      1     44     60    244
 113      5     16      1    365
 114      3     78     60    304
 115      3     43     60    304
 116      3     45     60    304
 117      5    356      1    365
 118      3     12     60    304
 119      3     98     60    304
 120      3      1     60    304
 121      3      1     60    304
 122      3    527     60    304
 123      3     59     60    304
 124      3    834     60    304
 125      3    348     60    304
 126      3     54     60    304
 127      3    289     60    304
 128      3    490     60    304
 129      3    443     60    304
 130      3    493     60    304
 131      5     94      1    365
 132      3    212     60    304
 133      3     80     60    304
 134      3      7     60    304
 135      3     50     60    304
 136      3     40     60    304
 137      5     38      1    196
 138      5     21      1    365
 139      3     15     60    304
 140      3    175     60    304
 141      3     98     60    304
 142      3    748     60    304
 143      3    441     60    304
 144      3    134     60    304
 145      3     12     60    304
 146      5    106      1    365
 147      3    395     60    304
 148      3    161     60    304
 149      3     27     60    304
 150      1     16      1    365
 151      1     42      1    365
 152      1     75      1    365
 153      3     33     60    304
 154      3     18     60    304
 155      5     50      1    365
 156      1    264      1    365
 157      1     98      1    365
 158      3    161     60    304
 159      5   2628      1    365
 160      5  10519      1    365
 161      5   3726      1    365
 162      1   1216      1    365
 163      1    304      1    365
 164      5      5      1    365
 165      5     32      1    365
 166      1     88     91    258
 167      5      7     60    274
 168      5     81     32    244
 169      5     21      1    365
 170      5     36      1    365
 171      3    116     60    304
 172      5     76     32    244
 173      5     53      1    365
 174      5   7222      1    365
 175      1     21      1    365
 176      3     66     60    304
 177      3     81     60    304
 178      3     58     60    304
 179      3     32     60    304
 180      3     27     60    304
 181      5     31      1    365
 182      3   1307     60    304
 183      3    770     60    304
 184      3     16     60    304
 185      3     13     60    304
 186      3     36     60    304
 187      3     34     60    304
 188      3     60     60    304
 189      3   2467     60    304
 190      3    384     60    304
 191      3    131     60    304
 192      1    185     91    244
 193      1     27     91    244
 194      1     24      1    365
 195      3    292      1    365
 196      3     62     60    304
 197      3    311     60    304
 198      3     66     60    304
 199      5      3      1    365
 200      3    104     60    304
 201      5     10      1    365
 202      3     30     60    304
 203      5    169      1    365
 204      5     81      1    365
 205      5    264      1    365
 206      5     74      1    365
 207      5     70      1    365
 208      5     56      1    365
 209      3     17     60    304
 210      1     27     32    304
 211      5    182     91    161
 212      3    122     60    304
 213      3   1062     60    304
 214      3     22     60    304
 215      5     22     60    244
 216      1     31      1    365
 217      3     79     60    304
 218      5     29      1    365
 219      5     53      1    365
 220      3     42     60    304
 221      3    749      1    365
 222      5    293     60    244
 223      5     18      1    365
 224      5    263      1    365
 225      3    133     60    304
 226      3    107     60    304
 227      5    191      1    365
 228      5     31      1    365
 229      3     17     60    304
 230      3    527     60    304
 231      3    949     60    304
 232      3    296     60    304
 233      1    134      1    365
 234      3     25     60    273
 235      3    218     60    304
 236      5    611      1    365
 237      5    234      1    365
 238      3    783     60    304
 239      3    269     60    304
 240      3     62     60    304
 241      5     24      1    365
 242      5     45      1    365
 243      1    167      1    365
 244      1    121      1    365
 245      1    126      1    365
 246      1     74      1    365
 247      5    205     60    213
 248      5     35      1    365
 249      5    164     60    244
 250      5   2461      1    365
 251      3    357     91    288
 252      5    937      1    365
 253      1     61      1    365
 254      3     34    105    273
 999      0      0      1    365
