   1      3    103     60    304
   2      3     55     60    304
   3      3     50     60    304
   4      3     21      1    365
   5      3   1240     60    304
   6      3   1659     60    304
   7      3   1605     60    304
   8      3      7      1    365
   9      3   2898     60    304
  10      3   2889     60    304
  11      3    344     60    304
  12      5    113      1    365
  13      5      8     60    182
  14      5     35     60    213
  15      5    113      1    365
  16      5     81     60    213
  17      5      4     91    365
  18      5    135     32    365
  19      5     34      1    365
  20      5    132     60    304
  21      5    210    121    244
  22      5     92     91    213
  23      5    809     60    274
  24      5     11     91    244
  25      5    211      1    258
  26      5    227     91    213
  27      5     16     91    244
  28      5     26     32    335
  29      5     49     60    244
  30      5    486     60    244
  31      1     45      1    365
  32      1     33      1    365
  33      1     70     60    213
  34      1     36     60    274
  35      1    152      1    365
  36      1    112      1    365
  37      1     19     60    244
  38      1     79      1    365
  39      1     31     32    244
  40      1     33      1    365
  41      1    107     32    244
  42      1     56     91    365
  43      1     27     60    365
  44      1     41     60    244
  45      1     51     91    244
  46      1     15     91    213
  47      1     63      1    274
  48      1      4     91    305
  49      1     74      1    258
  50      1     37     32    166
  51      1     20     60    166
  52      1     12      1    365
  53      1     19     60    293
  54      1     12     91    213
  55      1     28     60    152
  56      1     70     60    244
  57      1    117     60    304
  58      1     50     91    182
  59      1    119     60    182
  60      5     51      1    365
  61      5    279      1    365
  62      1    186      1    365
  63      5    109      1    365
  64      1      2      1    365
  65      1     17      1    365
  66      1     45      1    365
  67      1      8      1    365
  68      5    151      1    365
  69      5     53      1    365
  70      1     50      1    365
  71      1     22      1    365
  72      5     45      1    365
  73      1   2262      1    365
  74      3     49     60    304
  75      5     34      1    365
  76      1     72      1    365
  77      1     91      1    365
  78      1    156      1    365
  79      3     12     60    304
  80      1    163      1    365
  81      1    130      1    365
  82      3     33     60    304
  83      3     10     60    304
  84      5     19      1    365
  85      3      5     60    304
  86      3     11     60    304
  87      3     18     60    304
  88      3     20     60    304
  89      3     86     60    304
  90      3     53     60    304
  91      3     64     60    304
  92      1     67      1    365
  93      1     14      1    365
  94      3    275     60    304
  95      3    169     60    304
  96      1     28      1    365
  97      1      3      1    365
  98      3     92     60    304
  99      3     86     60    304
 100      3     23     60    304
 101      1    111      1    365
 102      1     91      1    365
 103      1    124      1    365
 104      1     47      1    365
 105      3      9     60    304
 106      3    158     60    304
 107      3     97     60    304
 108      3    205     60    304
 109      3     90     60    304
 110      3      7     60    304
 111      3     44     60    304
 112      1     40     60    244
 113      5     49      1    365
 114      3     54     60    304
 115      3     43     60    304
 116      3     32     60    304
 117      5   1085      1    365
 118      3     11     60    304
 119      3    141     60    304
 120      3      1     60    304
 121      3      1     60    304
 122      3    756     60    304
 123      3     59     60    304
 124      3    790     60    304
 125      3    243     60    304
 126      3     77     60    304
 127      3    256     60    304
 128      3    464     60    304
 129      3    420     60    304
 130      3    344     60    304
 131      5     60      1    365
 132      3    204     60    304
 133      3    115     60    304
 134      3      7     60    304
 135      3     44     60    304
 136      3     40     60    304
 137      5     39      1    196
 138      5     22      1    365
 139      3     15     60    304
 140      3    165     60    304
 141      3     93     60    304
 142      3    719     60    304
 143      3    441     60    304
 144      3    192     60    304
 145      3     11     60    304
 146      5    324      1    365
 147      3    350     60    304
 148      3    231     60    304
 149      3     38     60    304
 150      1      8      1    365
 151      1     20      1    365
 152      1     68      1    365
 153      3     23     60    304
 154      3     18     60    304
 155      5     51      1    365
 156      1    240      1    365
 157      1     47      1    365
 158      3    231     60    304
 159      5   2712      1    365
 160      5  10854      1    365
 161      5   3845      1    365
 162      1   1109      1    365
 163      1    482      1    365
 164      5      5      1    365
 165      5     97      1    365
 166      1     81     91    258
 167      5      8     60    274
 168      5     84     32    244
 169      5     22      1    365
 170      5     37      1    365
 171      3     81     60    304
 172      5     78     32    244
 173      5     34      1    365
 174      5   7452      1    365
 175      1     10      1    365
 176      3     64     60    304
 177      3     71     60    304
 178      3     40     60    304
 179      3     32     60    304
 180      3     19     60    304
 181      5     32      1    365
 182      3   1255     60    304
 183      3    770     60    304
 184      3     14     60    304
 185      3     13     60    304
 186      3     51     60    304
 187      3     33     60    304
 188      3     42     60    304
 189      3   2370     60    304
 190      3    368     60    304
 191      3    126     60    304
 192      1    169     91    244
 193      1     25     91    244
 194      1     22      1    365
 195      3    204      1    365
 196      3     43     60    304
 197      3    298     60    304
 198      3     58     60    304
 199      5      3      1    365
 200      3     92     60    304
 201      5     10      1    365
 202      3     26     60    304
 203      5    174      1    365
 204      5     84      1    365
 205      5    273      1    365
 206      5     76      1    365
 207      5     70      1    365
 208      5     58      1    365
 209      3     15     60    304
 210      1     25     32    304
 211      5    117     91    161
 212      3    108     60    304
 213      3    941     60    304
 214      3     21     60    304
 215      5     23     60    244
 216      1     28      1    365
 217      3     70     60    304
 218      5     19      1    365
 219      5     34      1    365
 220      3     41     60    304
 221      3    709      1    365
 222      5    189     60    244
 223      5     11      1    365
 224      5    170      1    365
 225      3    118     60    304
 226      3    107     60    304
 227      5    197      1    365
 228      5     32      1    365
 229      3     15     60    304
 230      3    756     60    304
 231      3    662     60    304
 232      3    280     60    304
 233      1    122      1    365
 234      3     24     60    273
 235      3    152     60    304
 236      5    939      1    365
 237      5    151      1    365
 238      3    741     60    304
 239      3    254     60    304
 240      3     59     60    304
 241      5     25      1    365
 242      5     47      1    365
 243      1    152      1    365
 244      1    110      1    365
 245      1    115      1    365
 246      1     74      1    365
 247      5    132     60    213
 248      5     23      1    365
 249      5    106     60    244
 250      5    222      1    365
 251      3    512     91    288
 252      5    603      1    365
 253      1     56      1    365
 254      3     33    105    273
 999      0      0      1    365
