   1      3     95     60    304
   2      3     94     60    304
   3      3     50     60    304
   4      3     20      1    365
   5      3   1402     60    304
   6      3   1877     60    304
   7      3   1605     60    304
   8      3     11      1    365
   9      3   3278     60    304
  10      3   3267     60    304
  11      3    342     60    304
  12      5    108      1    365
  13      5      9     60    182
  14      5     33     60    213
  15      5    108      1    365
  16      5     38     60    213
  17      5      4     91    365
  18      5    129     32    365
  19      5     32      1    365
  20      5    151     60    304
  21      5     98    121    244
  22      5     81     91    213
  23      5    377     60    274
  24      5     13     91    244
  25      5    202      1    258
  26      5    106     91    213
  27      5      8     91    244
  28      5     25     32    335
  29      5     47     60    244
  30      5    226     60    244
  31      1     51      1    365
  32      1     37      1    365
  33      1     79     60    213
  34      1     41     60    274
  35      1    173      1    365
  36      1    127      1    365
  37      1     21     60    244
  38      1     90      1    365
  39      1     35     32    244
  40      1     37      1    365
  41      1    122     32    244
  42      1    195     91    365
  43      1     93     60    365
  44      1    144     60    244
  45      1    179     91    244
  46      1     51     91    213
  47      1    218      1    274
  48      1     16     91    305
  49      1    257      1    258
  50      1    129     32    166
  51      1     70     60    166
  52      1     43      1    365
  53      1     66     60    293
  54      1     43     91    213
  55      1     97     60    152
  56      1    245     60    244
  57      1    116     60    304
  58      1    175     91    182
  59      1    136     60    182
  60      5     49      1    365
  61      5    320      1    365
  62      1    211      1    365
  63      5    125      1    365
  64      1      8      1    365
  65      1     58      1    365
  66      1    156      1    365
  67      1      9      1    365
  68      5    173      1    365
  69      5     61      1    365
  70      1     56      1    365
  71      1     78      1    365
  72      5     52      1    365
  73      1    134      1    365
  74      3     45     60    304
  75      5     39      1    365
  76      1     71      1    365
  77      1     91      1    365
  78      1    155      1    365
  79      3     21     60    304
  80      1    162      1    365
  81      1    129      1    365
  82      3     30     60    304
  83      3      9     60    304
  84      5     22      1    365
  85      3      9     60    304
  86      3     19     60    304
  87      3     18     60    304
  88      3     18     60    304
  89      3     80     60    304
  90      3     53     60    304
  91      3    109     60    304
  92      1     76      1    365
  93      1     16      1    365
  94      3    255     60    304
  95      3    169     60    304
  96      1     97      1    365
  97      1     12      1    365
  98      3     92     60    304
  99      3     86     60    304
 100      3     26     60    304
 101      1    110      1    365
 102      1     91      1    365
 103      1    123      1    365
 104      1     53      1    365
 105      3      9     60    304
 106      3    146     60    304
 107      3     97     60    304
 108      3    117     60    304
 109      3     51     60    304
 110      3      7     60    304
 111      3     44     60    304
 112      1     46     60    244
 113      5     23      1    365
 114      3     54     60    304
 115      3     43     60    304
 116      3     31     60    304
 117      5    505      1    365
 118      3     11     60    304
 119      3     80     60    304
 120      3      2     60    304
 121      3      1     60    304
 122      3    430     60    304
 123      3     59     60    304
 124      3    893     60    304
 125      3    242     60    304
 126      3     44     60    304
 127      3    438     60    304
 128      3    525     60    304
 129      3    475     60    304
 130      3    342     60    304
 131      5     69      1    365
 132      3    188     60    304
 133      3     66     60    304
 134      3     11     60    304
 135      3     75     60    304
 136      3     40     60    304
 137      5     38      1    196
 138      5     21      1    365
 139      3     14     60    304
 140      3    187     60    304
 141      3    105     60    304
 142      3    664     60    304
 143      3    441     60    304
 144      3    109     60    304
 145      3     13     60    304
 146      5    151      1    365
 147      3    597     60    304
 148      3    131     60    304
 149      3     22     60    304
 150      1     27      1    365
 151      1     70      1    365
 152      1     78      1    365
 153      3     23     60    304
 154      3     18     60    304
 155      5     49      1    365
 156      1    273      1    365
 157      1    164      1    365
 158      3    131     60    304
 159      5   2594      1    365
 160      5  10381      1    365
 161      5   3677      1    365
 162      1   1260      1    365
 163      1    479      1    365
 164      5      5      1    365
 165      5     45      1    365
 166      1     92     91    258
 167      5      7     60    274
 168      5     80     32    244
 169      5     21      1    365
 170      5     35      1    365
 171      3     81     60    304
 172      5     75     32    244
 173      5     39      1    365
 174      5   7127      1    365
 175      1     35      1    365
 176      3     59     60    304
 177      3    122     60    304
 178      3     40     60    304
 179      3     32     60    304
 180      3     19     60    304
 181      5     30      1    365
 182      3   1160     60    304
 183      3    770     60    304
 184      3     24     60    304
 185      3     13     60    304
 186      3     29     60    304
 187      3     30     60    304
 188      3     42     60    304
 189      3   2190     60    304
 190      3    340     60    304
 191      3    116     60    304
 192      1    192     91    244
 193      1     28     91    244
 194      1     25      1    365
 195      3    203      1    365
 196      3     43     60    304
 197      3    276     60    304
 198      3    100     60    304
 199      5      3      1    365
 200      3    158     60    304
 201      5      9      1    365
 202      3     45     60    304
 203      5    167      1    365
 204      5     80      1    365
 205      5    261      1    365
 206      5     73      1    365
 207      5     70      1    365
 208      5     55      1    365
 209      3     26     60    304
 210      1     28     32    304
 211      5    134     91    161
 212      3    184     60    304
 213      3   1608     60    304
 214      3     20     60    304
 215      5     22     60    244
 216      1     32      1    365
 217      3    120     60    304
 218      5     22      1    365
 219      5     39      1    365
 220      3     38     60    304
 221      3    802      1    365
 222      5    216     60    244
 223      5     13      1    365
 224      5    195      1    365
 225      3    201     60    304
 226      3    107     60    304
 227      5    189      1    365
 228      5     30      1    365
 229      3     26     60    304
 230      3    430     60    304
 231      3    658     60    304
 232      3    317     60    304
 233      1    139      1    365
 234      3     23     60    273
 235      3    151     60    304
 236      5    827      1    365
 237      5    173      1    365
 238      3    838     60    304
 239      3    288     60    304
 240      3     67     60    304
 241      5     24      1    365
 242      5     45      1    365
 243      1    173      1    365
 244      1    125      1    365
 245      1    130      1    365
 246      1     74      1    365
 247      5    151     60    213
 248      5     26      1    365
 249      5    121     60    244
 250      5   1306      1    365
 251      3    292     91    288
 252      5    692      1    365
 253      1     63      1    365
 254      3     30    105    273
 999      0      0      1    365
