   1      3     99     60    304
   2      3    110     60    304
   3      3     50     60    304
   4      3     21      1    365
   5      3   1231     60    304
   6      3   1648     60    304
   7      3   1605     60    304
   8      3     13      1    365
   9      3   2878     60    304
  10      3   2869     60    304
  11      3    470     60    304
  12      5    112      1    365
  13      5      8     60    182
  14      5     34     60    213
  15      5    112      1    365
  16      5     41     60    213
  17      5      4     91    365
  18      5    133     32    365
  19      5     33      1    365
  20      5    140     60    304
  21      5    107    121    244
  22      5     65     91    213
  23      5    411     60    274
  24      5     12     91    244
  25      5    208      1    258
  26      5    115     91    213
  27      5      8     91    244
  28      5     26     32    335
  29      5     48     60    244
  30      5    246     60    244
  31      1     59      1    365
  32      1     43      1    365
  33      1     91     60    213
  34      1     47     60    274
  35      1    199      1    365
  36      1    146      1    365
  37      1     24     60    244
  38      1    104      1    365
  39      1     41     32    244
  40      1     43      1    365
  41      1    140     32    244
  42      1    100     91    365
  43      1     48     60    365
  44      1     74     60    244
  45      1     92     91    244
  46      1     26     91    213
  47      1    112      1    274
  48      1      8     91    305
  49      1    132      1    258
  50      1     66     32    166
  51      1     36     60    166
  52      1     22      1    365
  53      1     34     60    293
  54      1     22     91    213
  55      1     50     60    152
  56      1    126     60    244
  57      1    167     60    304
  58      1     90     91    182
  59      1    157     60    182
  60      5     50      1    365
  61      5    297      1    365
  62      1    244      1    365
  63      5    116      1    365
  64      1      4      1    365
  65      1     30      1    365
  66      1     80      1    365
  67      1     10      1    365
  68      5    160      1    365
  69      5     56      1    365
  70      1     65      1    365
  71      1     40      1    365
  72      5     48      1    365
  73      1    355      1    365
  74      3     47     60    304
  75      5     36      1    365
  76      1    102      1    365
  77      1    130      1    365
  78      1    223      1    365
  79      3     24     60    304
  80      1    232      1    365
  81      1    186      1    365
  82      3     32     60    304
  83      3      9     60    304
  84      5     20      1    365
  85      3     11     60    304
  86      3     22     60    304
  87      3     24     60    304
  88      3     19     60    304
  89      3     84     60    304
  90      3     53     60    304
  91      3    128     60    304
  92      1     87      1    365
  93      1     18      1    365
  94      3    267     60    304
  95      3    169     60    304
  96      1     50      1    365
  97      1      6      1    365
  98      3    126     60    304
  99      3    117     60    304
 100      3     23     60    304
 101      1    158      1    365
 102      1    130      1    365
 103      1    176      1    365
 104      1     61      1    365
 105      3     12     60    304
 106      3    153     60    304
 107      3     97     60    304
 108      3     53     60    304
 109      3     23     60    304
 110      3      7     60    304
 111      3     60     60    304
 112      1     53     60    244
 113      5     25      1    365
 114      3     74     60    304
 115      3     43     60    304
 116      3     43     60    304
 117      5    550      1    365
 118      3     11     60    304
 119      3     37     60    304
 120      3      2     60    304
 121      3      1     60    304
 122      3    196     60    304
 123      3     59     60    304
 124      3    784     60    304
 125      3    331     60    304
 126      3     20     60    304
 127      3    513     60    304
 128      3    461     60    304
 129      3    417     60    304
 130      3    470     60    304
 131      5     64      1    365
 132      3    197     60    304
 133      3     30     60    304
 134      3     13     60    304
 135      3     88     60    304
 136      3     40     60    304
 137      5     39      1    196
 138      5     21      1    365
 139      3     14     60    304
 140      3    164     60    304
 141      3     92     60    304
 142      3    696     60    304
 143      3    441     60    304
 144      3     50     60    304
 145      3     11     60    304
 146      5    164      1    365
 147      3    700     60    304
 148      3     60     60    304
 149      3     10     60    304
 150      1     14      1    365
 151      1     36      1    365
 152      1     89      1    365
 153      3     31     60    304
 154      3     18     60    304
 155      5     50      1    365
 156      1    315      1    365
 157      1     84      1    365
 158      3     60     60    304
 159      5   2669      1    365
 160      5  10681      1    365
 161      5   3784      1    365
 162      1   1454      1    365
 163      1    686      1    365
 164      5      5      1    365
 165      5     49      1    365
 166      1    106     91    258
 167      5      8     60    274
 168      5     83     32    244
 169      5     21      1    365
 170      5     36      1    365
 171      3    110     60    304
 172      5     77     32    244
 173      5     36      1    365
 174      5   7333      1    365
 175      1     18      1    365
 176      3     62     60    304
 177      3    143     60    304
 178      3     55     60    304
 179      3     32     60    304
 180      3     26     60    304
 181      5     31      1    365
 182      3   1215     60    304
 183      3    770     60    304
 184      3     29     60    304
 185      3     13     60    304
 186      3     13     60    304
 187      3     32     60    304
 188      3     57     60    304
 189      3   2295     60    304
 190      3    357     60    304
 191      3    122     60    304
 192      1    222     91    244
 193      1     33     91    244
 194      1     28      1    365
 195      3    278      1    365
 196      3     59     60    304
 197      3    289     60    304
 198      3    117     60    304
 199      5      3      1    365
 200      3    185     60    304
 201      5     10      1    365
 202      3     53     60    304
 203      5    172      1    365
 204      5     83      1    365
 205      5    268      1    365
 206      5     75      1    365
 207      5     70      1    365
 208      5     57      1    365
 209      3     31     60    304
 210      1     33     32    304
 211      5    124     91    161
 212      3    216     60    304
 213      3   1884     60    304
 214      3     21     60    304
 215      5     23     60    244
 216      1     37      1    365
 217      3    141     60    304
 218      5     20      1    365
 219      5     36      1    365
 220      3     39     60    304
 221      3    704      1    365
 222      5    201     60    244
 223      5     12      1    365
 224      5    180      1    365
 225      3    235     60    304
 226      3    107     60    304
 227      5    194      1    365
 228      5     31      1    365
 229      3     31     60    304
 230      3    196     60    304
 231      3    903     60    304
 232      3    278     60    304
 233      1    161      1    365
 234      3     24     60    273
 235      3    207     60    304
 236      5    667      1    365
 237      5    160      1    365
 238      3    736     60    304
 239      3    253     60    304
 240      3     59     60    304
 241      5     25      1    365
 242      5     46      1    365
 243      1    199      1    365
 244      1    144      1    365
 245      1    150      1    365
 246      1     74      1    365
 247      5    140     60    213
 248      5     24      1    365
 249      5    112     60    244
 250      5   1515      1    365
 251      3    133     91    288
 252      5    642      1    365
 253      1     73      1    365
 254      3     32    105    273
 999      0      0      1    365
