   1      3     76     60    304
   2      3     63     60    304
   3      3     50     60    304
   4      3     16      1    365
   5      3   1447     60    304
   6      3   1937     60    304
   7      3   1605     60    304
   8      3      8      1    365
   9      3   3383     60    304
  10      3   3372     60    304
  11      3    416     60    304
  12      5    114      1    365
  13      5      2     60    182
  14      5     35     60    213
  15      5    114      1    365
  16      5     34     60    213
  17      5      1     91    365
  18      5    136     32    365
  19      5     34      1    365
  20      5     41     60    304
  21      5     88    121    244
  22      5     89     91    213
  23      5    337     60    274
  24      5      4     91    244
  25      5    212      1    258
  26      5     94     91    213
  27      5      7     91    244
  28      5     26     32    335
  29      5     49     60    244
  30      5    202     60    244
  31      1     42      1    365
  32      1     31      1    365
  33      1     66     60    213
  34      1     34     60    274
  35      1    144      1    365
  36      1    105      1    365
  37      1     18     60    244
  38      1     75      1    365
  39      1     29     32    244
  40      1     31      1    365
  41      1    101     32    244
  42      1    299     91    365
  43      1    144     60    365
  44      1    221     60    244
  45      1    275     91    244
  46      1     78     91    213
  47      1    335      1    274
  48      1     24     91    305
  49      1    395      1    258
  50      1    198     32    166
  51      1    108     60    166
  52      1     66      1    365
  53      1    102     60    293
  54      1     66     91    213
  55      1    150     60    152
  56      1    377     60    244
  57      1    168     60    304
  58      1    269     91    182
  59      1    113     60    182
  60      5     51      1    365
  61      5     87      1    365
  62      1    176      1    365
  63      5     34      1    365
  64      1     12      1    365
  65      1     90      1    365
  66      1    239      1    365
  67      1      7      1    365
  68      5     47      1    365
  69      5     16      1    365
  70      1     47      1    365
  71      1    120      1    365
  72      5     14      1    365
  73      1    782      1    365
  74      3     36     60    304
  75      5     11      1    365
  76      1    103      1    365
  77      1    131      1    365
  78      1    224      1    365
  79      3     14     60    304
  80      1    233      1    365
  81      1    186      1    365
  82      3     24     60    304
  83      3      7     60    304
  84      5      6      1    365
  85      3      6     60    304
  86      3     13     60    304
  87      3     21     60    304
  88      3     14     60    304
  89      3     64     60    304
  90      3     53     60    304
  91      3     73     60    304
  92      1     63      1    365
  93      1     13      1    365
  94      3    204     60    304
  95      3    169     60    304
  96      1    150      1    365
  97      1     18      1    365
  98      3    112     60    304
  99      3    104     60    304
 100      3     27     60    304
 101      1    158      1    365
 102      1    131      1    365
 103      1    177      1    365
 104      1     44      1    365
 105      3     11     60    304
 106      3    117     60    304
 107      3     97     60    304
 108      3     68     60    304
 109      3     30     60    304
 110      3      7     60    304
 111      3     54     60    304
 112      1     38     60    244
 113      5     20      1    365
 114      3     66     60    304
 115      3     43     60    304
 116      3     38     60    304
 117      5    452      1    365
 118      3      8     60    304
 119      3     46     60    304
 120      3      1     60    304
 121      3      1     60    304
 122      3    249     60    304
 123      3     59     60    304
 124      3    922     60    304
 125      3    293     60    304
 126      3     25     60    304
 127      3    294     60    304
 128      3    542     60    304
 129      3    490     60    304
 130      3    416     60    304
 131      5     19      1    365
 132      3    151     60    304
 133      3     38     60    304
 134      3      8     60    304
 135      3     51     60    304
 136      3     40     60    304
 137      5     39      1    196
 138      5     22      1    365
 139      3     11     60    304
 140      3    193     60    304
 141      3    109     60    304
 142      3    532     60    304
 143      3    441     60    304
 144      3     63     60    304
 145      3     13     60    304
 146      5    135      1    365
 147      3    402     60    304
 148      3     76     60    304
 149      3     13     60    304
 150      1     42      1    365
 151      1    108      1    365
 152      1     64      1    365
 153      3     28     60    304
 154      3     18     60    304
 155      5     51      1    365
 156      1    227      1    365
 157      1    251      1    365
 158      3     76     60    304
 159      5   2721      1    365
 160      5  10890      1    365
 161      5   3857      1    365
 162      1   1047      1    365
 163      1    690      1    365
 164      5      5      1    365
 165      5     40      1    365
 166      1     76     91    258
 167      5      8     60    274
 168      5     84     32    244
 169      5     22      1    365
 170      5     37      1    365
 171      3     98     60    304
 172      5     79     32    244
 173      5     11      1    365
 174      5   7476      1    365
 175      1     54      1    365
 176      3     47     60    304
 177      3     82     60    304
 178      3     49     60    304
 179      3     32     60    304
 180      3     23     60    304
 181      5     32      1    365
 182      3    928     60    304
 183      3    770     60    304
 184      3     16     60    304
 185      3     13     60    304
 186      3     17     60    304
 187      3     24     60    304
 188      3     50     60    304
 189      3   1753     60    304
 190      3    272     60    304
 191      3     93     60    304
 192      1    160     91    244
 193      1     23     91    244
 194      1     21      1    365
 195      3    246      1    365
 196      3     52     60    304
 197      3    221     60    304
 198      3     67     60    304
 199      5      3      1    365
 200      3    106     60    304
 201      5     10      1    365
 202      3     30     60    304
 203      5    175      1    365
 204      5     84      1    365
 205      5    273      1    365
 206      5     77      1    365
 207      5     70      1    365
 208      5     58      1    365
 209      3     18     60    304
 210      1     23     32    304
 211      5     36     91    161
 212      3    124     60    304
 213      3   1081     60    304
 214      3     16     60    304
 215      5     23     60    244
 216      1     26      1    365
 217      3     81     60    304
 218      5      6      1    365
 219      5     11      1    365
 220      3     30     60    304
 221      3    828      1    365
 222      5     58     60    244
 223      5      4      1    365
 224      5     53      1    365
 225      3    135     60    304
 226      3    107     60    304
 227      5    198      1    365
 228      5     32      1    365
 229      3     18     60    304
 230      3    249     60    304
 231      3    799     60    304
 232      3    327     60    304
 233      1    116      1    365
 234      3     18     60    273
 235      3    183     60    304
 236      5    912      1    365
 237      5     47      1    365
 238      3    865     60    304
 239      3    297     60    304
 240      3     69     60    304
 241      5     25      1    365
 242      5     47      1    365
 243      1    144      1    365
 244      1    104      1    365
 245      1    108      1    365
 246      1     74      1    365
 247      5     41     60    213
 248      5      7      1    365
 249      5     33     60    244
 250      5   2392      1    365
 251      3    169     91    288
 252      5    187      1    365
 253      1     53      1    365
 254      3     24    105    273
 999      0      0      1    365
