   1      3     91     60    304
   2      3     79     60    304
   3      3     50     60    304
   4      3     19      1    365
   5      3   1250     60    304
   6      3   1673     60    304
   7      3   1605     60    304
   8      3      9      1    365
   9      3   2923     60    304
  10      3   2913     60    304
  11      3    555     60    304
  12      5    111      1    365
  13      5      9     60    182
  14      5     34     60    213
  15      5    111      1    365
  16      5     58     60    213
  17      5      5     91    365
  18      5    133     32    365
  19      5     33      1    365
  20      5    165     60    304
  21      5    152    121    244
  22      5    158     91    213
  23      5    584     60    274
  24      5     14     91    244
  25      5    208      1    258
  26      5    163     91    213
  27      5     12     91    244
  28      5     26     32    335
  29      5     48     60    244
  30      5    350     60    244
  31      1     41      1    365
  32      1     30      1    365
  33      1     64     60    213
  34      1     33     60    274
  35      1    139      1    365
  36      1    102      1    365
  37      1     17     60    244
  38      1     73      1    365
  39      1     28     32    244
  40      1     30      1    365
  41      1     98     32    244
  42      1    192     91    365
  43      1     92     60    365
  44      1    142     60    244
  45      1    176     91    244
  46      1     50     91    213
  47      1    214      1    274
  48      1     15     91    305
  49      1    253      1    258
  50      1    126     32    166
  51      1     69     60    166
  52      1     42      1    365
  53      1     65     60    293
  54      1     42     91    213
  55      1     96     60    152
  56      1    241     60    244
  57      1     37     60    304
  58      1    172     91    182
  59      1    110     60    182
  60      5     50      1    365
  61      5    349      1    365
  62      1    171      1    365
  63      5    137      1    365
  64      1      8      1    365
  65      1     57      1    365
  66      1    153      1    365
  67      1      7      1    365
  68      5    189      1    365
  69      5     66      1    365
  70      1     46      1    365
  71      1     77      1    365
  72      5     57      1    365
  73      1    118      1    365
  74      3     43     60    304
  75      5     42      1    365
  76      1     22      1    365
  77      1     28      1    365
  78      1     49      1    365
  79      3     17     60    304
  80      1     51      1    365
  81      1     41      1    365
  82      3     29     60    304
  83      3      9     60    304
  84      5     24      1    365
  85      3      8     60    304
  86      3     16     60    304
  87      3     29     60    304
  88      3     17     60    304
  89      3     77     60    304
  90      3     53     60    304
  91      3     91     60    304
  92      1     61      1    365
  93      1     13      1    365
  94      3    244     60    304
  95      3    169     60    304
  96      1     96      1    365
  97      1     11      1    365
  98      3    149     60    304
  99      3    139     60    304
 100      3     23     60    304
 101      1     35      1    365
 102      1     28      1    365
 103      1     39      1    365
 104      1     43      1    365
 105      3     14     60    304
 106      3    140     60    304
 107      3     97     60    304
 108      3    105     60    304
 109      3     46     60    304
 110      3      7     60    304
 111      3     71     60    304
 112      1     37     60    244
 113      5     35      1    365
 114      3     88     60    304
 115      3     43     60    304
 116      3     51     60    304
 117      5    782      1    365
 118      3     10     60    304
 119      3     72     60    304
 120      3      2     60    304
 121      3      1     60    304
 122      3    388     60    304
 123      3     59     60    304
 124      3    797     60    304
 125      3    392     60    304
 126      3     39     60    304
 127      3    367     60    304
 128      3    468     60    304
 129      3    423     60    304
 130      3    555     60    304
 131      5     75      1    365
 132      3    181     60    304
 133      3     59     60    304
 134      3      9     60    304
 135      3     63     60    304
 136      3     40     60    304
 137      5     39      1    196
 138      5     21      1    365
 139      3     13     60    304
 140      3    167     60    304
 141      3     94     60    304
 142      3    638     60    304
 143      3    441     60    304
 144      3     99     60    304
 145      3     11     60    304
 146      5    233      1    365
 147      3    501     60    304
 148      3    118     60    304
 149      3     20     60    304
 150      1     27      1    365
 151      1     69      1    365
 152      1     63      1    365
 153      3     37     60    304
 154      3     18     60    304
 155      5     50      1    365
 156      1    220      1    365
 157      1    161      1    365
 158      3    118     60    304
 159      5   2667      1    365
 160      5  10674      1    365
 161      5   3781      1    365
 162      1   1017      1    365
 163      1    151      1    365
 164      5      5      1    365
 165      5     70      1    365
 166      1     74     91    258
 167      5      8     60    274
 168      5     83     32    244
 169      5     21      1    365
 170      5     36      1    365
 171      3    131     60    304
 172      5     77     32    244
 173      5     42      1    365
 174      5   7328      1    365
 175      1     34      1    365
 176      3     56     60    304
 177      3    102     60    304
 178      3     65     60    304
 179      3     32     60    304
 180      3     31     60    304
 181      5     31      1    365
 182      3   1114     60    304
 183      3    770     60    304
 184      3     20     60    304
 185      3     13     60    304
 186      3     26     60    304
 187      3     29     60    304
 188      3     67     60    304
 189      3   2103     60    304
 190      3    327     60    304
 191      3    111     60    304
 192      1    155     91    244
 193      1     23     91    244
 194      1     20      1    365
 195      3    328      1    365
 196      3     69     60    304
 197      3    265     60    304
 198      3     84     60    304
 199      5      3      1    365
 200      3    132     60    304
 201      5     10      1    365
 202      3     38     60    304
 203      5    172      1    365
 204      5     83      1    365
 205      5    268      1    365
 206      5     75      1    365
 207      5     70      1    365
 208      5     57      1    365
 209      3     22     60    304
 210      1     23     32    304
 211      5    146     91    161
 212      3    154     60    304
 213      3   1349     60    304
 214      3     19     60    304
 215      5     23     60    244
 216      1     26      1    365
 217      3    101     60    304
 218      5     24      1    365
 219      5     42      1    365
 220      3     36     60    304
 221      3    715      1    365
 222      5    236     60    244
 223      5     14      1    365
 224      5    212      1    365
 225      3    169     60    304
 226      3    107     60    304
 227      5    194      1    365
 228      5     31      1    365
 229      3     22     60    304
 230      3    388     60    304
 231      3   1067     60    304
 232      3    283     60    304
 233      1    112      1    365
 234      3     22     60    273
 235      3    245     60    304
 236      5   1611      1    365
 237      5    189      1    365
 238      3    748     60    304
 239      3    256     60    304
 240      3     59     60    304
 241      5     25      1    365
 242      5     46      1    365
 243      1    139      1    365
 244      1    101      1    365
 245      1    105      1    365
 246      1     74      1    365
 247      5    165     60    213
 248      5     28      1    365
 249      5    132     60    244
 250      5   1540      1    365
 251      3    263     91    288
 252      5    755      1    365
 253      1     51      1    365
 254      3     29    105    273
 999      0      0      1    365
