   1      3     79     60    304
   2      3     87     60    304
   3      3     50     60    304
   4      3     16      1    365
   5      3   1377     60    304
   6      3   1844     60    304
   7      3   1605     60    304
   8      3     10      1    365
   9      3   3220     60    304
  10      3   3209     60    304
  11      3    357     60    304
  12      5    114      1    365
  13      5     10     60    182
  14      5     35     60    213
  15      5    114      1    365
  16      5     19     60    213
  17      5      5     91    365
  18      5    136     32    365
  19      5     34      1    365
  20      5    169     60    304
  21      5     48    121    244
  22      5     29     91    213
  23      5    186     60    274
  24      5     15     91    244
  25      5    213      1    258
  26      5     52     91    213
  27      5      4     91    244
  28      5     26     32    335
  29      5     50     60    244
  30      5    112     60    244
  31      1     75      1    365
  32      1     54      1    365
  33      1    117     60    213
  34      1     60     60    274
  35      1    254      1    365
  36      1    187      1    365
  37      1     31     60    244
  38      1    132      1    365
  39      1     52     32    244
  40      1     54      1    365
  41      1    179     32    244
  42      1     50     91    365
  43      1     24     60    365
  44      1     37     60    244
  45      1     46     91    244
  46      1     13     91    213
  47      1     56      1    274
  48      1      4     91    305
  49      1     66      1    258
  50      1     33     32    166
  51      1     18     60    166
  52      1     11      1    365
  53      1     17     60    293
  54      1     11     91    213
  55      1     25     60    152
  56      1     63     60    244
  57      1     55     60    304
  58      1     45     91    182
  59      1    200     60    182
  60      5     52      1    365
  61      5    358      1    365
  62      1    311      1    365
  63      5    140      1    365
  64      1      2      1    365
  65      1     15      1    365
  66      1     40      1    365
  67      1     13      1    365
  68      5    194      1    365
  69      5     68      1    365
  70      1     83      1    365
  71      1     20      1    365
  72      5     58      1    365
  73      1   2626      1    365
  74      3     37     60    304
  75      5     44      1    365
  76      1     34      1    365
  77      1     43      1    365
  78      1     74      1    365
  79      3     19     60    304
  80      1     77      1    365
  81      1     62      1    365
  82      3     25     60    304
  83      3      7     60    304
  84      5     24      1    365
  85      3      9     60    304
  86      3     17     60    304
  87      3     18     60    304
  88      3     15     60    304
  89      3     66     60    304
  90      3     53     60    304
  91      3    101     60    304
  92      1    111      1    365
  93      1     23      1    365
  94      3    211     60    304
  95      3    169     60    304
  96      1     25      1    365
  97      1      3      1    365
  98      3     96     60    304
  99      3     89     60    304
 100      3     25     60    304
 101      1     52      1    365
 102      1     43      1    365
 103      1     59      1    365
 104      1     78      1    365
 105      3      9     60    304
 106      3    121     60    304
 107      3     97     60    304
 108      3     38     60    304
 109      3     17     60    304
 110      3      7     60    304
 111      3     46     60    304
 112      1     67     60    244
 113      5     11      1    365
 114      3     56     60    304
 115      3     43     60    304
 116      3     33     60    304
 117      5    250      1    365
 118      3      9     60    304
 119      3     26     60    304
 120      3      2     60    304
 121      3      1     60    304
 122      3    139     60    304
 123      3     59     60    304
 124      3    878     60    304
 125      3    252     60    304
 126      3     14     60    304
 127      3    407     60    304
 128      3    516     60    304
 129      3    466     60    304
 130      3    357     60    304
 131      5     77      1    365
 132      3    156     60    304
 133      3     21     60    304
 134      3     10     60    304
 135      3     70     60    304
 136      3     40     60    304
 137      5     40      1    196
 138      5     22      1    365
 139      3     11     60    304
 140      3    184     60    304
 141      3    103     60    304
 142      3    550     60    304
 143      3    441     60    304
 144      3     35     60    304
 145      3     13     60    304
 146      5     75      1    365
 147      3    555     60    304
 148      3     43     60    304
 149      3      7     60    304
 150      1      7      1    365
 151      1     18      1    365
 152      1    114      1    365
 153      3     24     60    304
 154      3     18     60    304
 155      5     52      1    365
 156      1    402      1    365
 157      1     42      1    365
 158      3     43     60    304
 159      5   2738      1    365
 160      5  10956      1    365
 161      5   3881      1    365
 162      1   1853      1    365
 163      1    228      1    365
 164      5      6      1    365
 165      5     22      1    365
 166      1    135     91    258
 167      5      8     60    274
 168      5     85     32    244
 169      5     22      1    365
 170      5     37      1    365
 171      3     84     60    304
 172      5     79     32    244
 173      5     44      1    365
 174      5   7522      1    365
 175      1      9      1    365
 176      3     49     60    304
 177      3    113     60    304
 178      3     42     60    304
 179      3     32     60    304
 180      3     20     60    304
 181      5     32      1    365
 182      3    960     60    304
 183      3    770     60    304
 184      3     23     60    304
 185      3     13     60    304
 186      3      9     60    304
 187      3     25     60    304
 188      3     43     60    304
 189      3   1814     60    304
 190      3    282     60    304
 191      3     96     60    304
 192      1    282     91    244
 193      1     41     91    244
 194      1     36      1    365
 195      3    211      1    365
 196      3     45     60    304
 197      3    228     60    304
 198      3     92     60    304
 199      5      3      1    365
 200      3    147     60    304
 201      5     10      1    365
 202      3     42     60    304
 203      5    176      1    365
 204      5     85      1    365
 205      5    275      1    365
 206      5     77      1    365
 207      5     70      1    365
 208      5     58      1    365
 209      3     24     60    304
 210      1     41     32    304
 211      5    150     91    161
 212      3    171     60    304
 213      3   1494     60    304
 214      3     16     60    304
 215      5     23     60    244
 216      1     47      1    365
 217      3    112     60    304
 218      5     24      1    365
 219      5     44      1    365
 220      3     31     60    304
 221      3    788      1    365
 222      5    242     60    244
 223      5     15      1    365
 224      5    218      1    365
 225      3    187     60    304
 226      3    107     60    304
 227      5    199      1    365
 228      5     32      1    365
 229      3     24     60    304
 230      3    139     60    304
 231      3    686     60    304
 232      3    311     60    304
 233      1    205      1    365
 234      3     19     60    273
 235      3    157     60    304
 236      5    292      1    365
 237      5    194      1    365
 238      3    824     60    304
 239      3    283     60    304
 240      3     65     60    304
 241      5     25      1    365
 242      5     47      1    365
 243      1    254      1    365
 244      1    184      1    365
 245      1    192      1    365
 246      1     74      1    365
 247      5    169     60    213
 248      5     29      1    365
 249      5    135     60    244
 250      5   2093      1    365
 251      3     94     91    288
 252      5    774      1    365
 253      1     93      1    365
 254      3     25    105    273
 999      0      0      1    365
