   1      3    104     60    304
   2      3     69     60    304
   3      3     50     60    304
   4      3     21      1    365
   5      3   1251     60    304
   6      3   1675     60    304
   7      3   1605     60    304
   8      3      8      1    365
   9      3   2925     60    304
  10      3   2916     60    304
  11      3    613     60    304
  12      5    109      1    365
  13      5      5     60    182
  14      5     34     60    213
  15      5    109      1    365
  16      5     60     60    213
  17      5      3     91    365
  18      5    130     32    365
  19      5     33      1    365
  20      5     94     60    304
  21      5    156    121    244
  22      5    145     91    213
  23      5    599     60    274
  24      5      8     91    244
  25      5    204      1    258
  26      5    168     91    213
  27      5     12     91    244
  28      5     25     32    335
  29      5     47     60    244
  30      5    359     60    244
  31      1     41      1    365
  32      1     30      1    365
  33      1     63     60    213
  34      1     32     60    274
  35      1    138      1    365
  36      1    101      1    365
  37      1     17     60    244
  38      1     72      1    365
  39      1     28     32    244
  40      1     30      1    365
  41      1     97     32    244
  42      1     79     91    365
  43      1     38     60    365
  44      1     58     60    244
  45      1     73     91    244
  46      1     21     91    213
  47      1     88      1    274
  48      1      6     91    305
  49      1    104      1    258
  50      1     52     32    166
  51      1     28     60    166
  52      1     17      1    365
  53      1     27     60    293
  54      1     17     91    213
  55      1     39     60    152
  56      1     99     60    244
  57      1    218     60    304
  58      1     71     91    182
  59      1    108     60    182
  60      5     49      1    365
  61      5    198      1    365
  62      1    169      1    365
  63      5     78      1    365
  64      1      3      1    365
  65      1     24      1    365
  66      1     63      1    365
  67      1      7      1    365
  68      5    107      1    365
  69      5     37      1    365
  70      1     45      1    365
  71      1     32      1    365
  72      5     32      1    365
  73      1    714      1    365
  74      3     50     60    304
  75      5     24      1    365
  76      1    133      1    365
  77      1    169      1    365
  78      1    290      1    365
  79      3     15     60    304
  80      1    302      1    365
  81      1    242      1    365
  82      3     33     60    304
  83      3     10     60    304
  84      5     13      1    365
  85      3      7     60    304
  86      3     14     60    304
  87      3     32     60    304
  88      3     20     60    304
  89      3     88     60    304
  90      3     53     60    304
  91      3     80     60    304
  92      1     61      1    365
  93      1     13      1    365
  94      3    279     60    304
  95      3    169     60    304
  96      1     39      1    365
  97      1      5      1    365
  98      3    164     60    304
  99      3    153     60    304
 100      3     23     60    304
 101      1    206      1    365
 102      1    169      1    365
 103      1    230      1    365
 104      1     42      1    365
 105      3     16     60    304
 106      3    160     60    304
 107      3     97     60    304
 108      3     55     60    304
 109      3     24     60    304
 110      3      7     60    304
 111      3     79     60    304
 112      1     37     60    244
 113      5     36      1    365
 114      3     97     60    304
 115      3     43     60    304
 116      3     56     60    304
 117      5    802      1    365
 118      3     12     60    304
 119      3     38     60    304
 120      3      1     60    304
 121      3      1     60    304
 122      3    201     60    304
 123      3     59     60    304
 124      3    797     60    304
 125      3    433     60    304
 126      3     20     60    304
 127      3    320     60    304
 128      3    469     60    304
 129      3    424     60    304
 130      3    613     60    304
 131      5     43      1    365
 132      3    207     60    304
 133      3     31     60    304
 134      3      8     60    304
 135      3     55     60    304
 136      3     40     60    304
 137      5     38      1    196
 138      5     21      1    365
 139      3     15     60    304
 140      3    167     60    304
 141      3     94     60    304
 142      3    729     60    304
 143      3    441     60    304
 144      3     51     60    304
 145      3     11     60    304
 146      5    239      1    365
 147      3    437     60    304
 148      3     61     60    304
 149      3     10     60    304
 150      1     11      1    365
 151      1     28      1    365
 152      1     62      1    365
 153      3     41     60    304
 154      3     18     60    304
 155      5     49      1    365
 156      1    218      1    365
 157      1     66      1    365
 158      3     61     60    304
 159      5   2612      1    365
 160      5  10452      1    365
 161      5   3702      1    365
 162      1   1007      1    365
 163      1    895      1    365
 164      5      5      1    365
 165      5     72      1    365
 166      1     73     91    258
 167      5      7     60    274
 168      5     81     32    244
 169      5     21      1    365
 170      5     36      1    365
 171      3    144     60    304
 172      5     76     32    244
 173      5     24      1    365
 174      5   7176      1    365
 175      1     14      1    365
 176      3     64     60    304
 177      3     89     60    304
 178      3     72     60    304
 179      3     32     60    304
 180      3     34     60    304
 181      5     30      1    365
 182      3   1273     60    304
 183      3    770     60    304
 184      3     18     60    304
 185      3     13     60    304
 186      3     14     60    304
 187      3     33     60    304
 188      3     74     60    304
 189      3   2403     60    304
 190      3    374     60    304
 191      3    127     60    304
 192      1    154     91    244
 193      1     23     91    244
 194      1     20      1    365
 195      3    363      1    365
 196      3     77     60    304
 197      3    302     60    304
 198      3     73     60    304
 199      5      3      1    365
 200      3    115     60    304
 201      5      9      1    365
 202      3     33     60    304
 203      5    168      1    365
 204      5     81      1    365
 205      5    262      1    365
 206      5     73      1    365
 207      5     70      1    365
 208      5     56      1    365
 209      3     19     60    304
 210      1     23     32    304
 211      5     83     91    161
 212      3    135     60    304
 213      3   1175     60    304
 214      3     21     60    304
 215      5     22     60    244
 216      1     25      1    365
 217      3     88     60    304
 218      5     13      1    365
 219      5     24      1    365
 220      3     41     60    304
 221      3    716      1    365
 222      5    134     60    244
 223      5      8      1    365
 224      5    120      1    365
 225      3    147     60    304
 226      3    107     60    304
 227      5    190      1    365
 228      5     30      1    365
 229      3     19     60    304
 230      3    201     60    304
 231      3   1178     60    304
 232      3    283     60    304
 233      1    111      1    365
 234      3     25     60    273
 235      3    270     60    304
 236      5   1481      1    365
 237      5    107      1    365
 238      3    748     60    304
 239      3    257     60    304
 240      3     59     60    304
 241      5     24      1    365
 242      5     45      1    365
 243      1    138      1    365
 244      1    100      1    365
 245      1    104      1    365
 246      1     74      1    365
 247      5     94     60    213
 248      5     16      1    365
 249      5     75     60    244
 250      5   2195      1    365
 251      3    136     91    288
 252      5    428      1    365
 253      1     51      1    365
 254      3     33    105    273
 999      0      0      1    365
