   1      3     66     60    304
   2      3    115     60    304
   3      3     50     60    304
   4      3     14      1    365
   5      3   1321     60    304
   6      3   1768     60    304
   7      3   1605     60    304
   8      3     14      1    365
   9      3   3087     60    304
  10      3   3077     60    304
  11      3    393     60    304
  12      5    105      1    365
  13      5      5     60    182
  14      5     32     60    213
  15      5    105      1    365
  16      5     75     60    213
  17      5      3     91    365
  18      5    125     32    365
  19      5     31      1    365
  20      5     89     60    304
  21      5    194    121    244
  22      5     83     91    213
  23      5    745     60    274
  24      5      8     91    244
  25      5    196      1    258
  26      5    209     91    213
  27      5     15     91    244
  28      5     24     32    335
  29      5     45     60    244
  30      5    447     60    244
  31      1     56      1    365
  32      1     41      1    365
  33      1     88     60    213
  34      1     45     60    274
  35      1    191      1    365
  36      1    140      1    365
  37      1     23     60    244
  38      1     99      1    365
  39      1     39     32    244
  40      1     41      1    365
  41      1    134     32    244
  42      1    127     91    365
  43      1     61     60    365
  44      1     94     60    244
  45      1    117     91    244
  46      1     33     91    213
  47      1    143      1    274
  48      1     10     91    305
  49      1    168      1    258
  50      1     84     32    166
  51      1     46     60    166
  52      1     28      1    365
  53      1     43     60    293
  54      1     28     91    213
  55      1     64     60    152
  56      1    161     60    244
  57      1    121     60    304
  58      1    115     91    182
  59      1    150     60    182
  60      5     47      1    365
  61      5    188      1    365
  62      1    234      1    365
  63      5     74      1    365
  64      1      5      1    365
  65      1     38      1    365
  66      1    102      1    365
  67      1     10      1    365
  68      5    102      1    365
  69      5     36      1    365
  70      1     62      1    365
  71      1     51      1    365
  72      5     31      1    365
  73      1   2239      1    365
  74      3     31     60    304
  75      5     23      1    365
  76      1     74      1    365
  77      1     94      1    365
  78      1    162      1    365
  79      3     25     60    304
  80      1    168      1    365
  81      1    135      1    365
  82      3     21     60    304
  83      3      6     60    304
  84      5     13      1    365
  85      3     12     60    304
  86      3     23     60    304
  87      3     20     60    304
  88      3     13     60    304
  89      3     56     60    304
  90      3     53     60    304
  91      3    134     60    304
  92      1     84      1    365
  93      1     18      1    365
  94      3    177     60    304
  95      3    169     60    304
  96      1     64      1    365
  97      1      8      1    365
  98      3    105     60    304
  99      3     98     60    304
 100      3     24     60    304
 101      1    115      1    365
 102      1     94      1    365
 103      1    128      1    365
 104      1     58      1    365
 105      3     10     60    304
 106      3    102     60    304
 107      3     97     60    304
 108      3    163     60    304
 109      3     71     60    304
 110      3      7     60    304
 111      3     51     60    304
 112      1     51     60    244
 113      5     45      1    365
 114      3     62     60    304
 115      3     43     60    304
 116      3     36     60    304
 117      5    998      1    365
 118      3      7     60    304
 119      3    112     60    304
 120      3      2     60    304
 121      3      1     60    304
 122      3    601     60    304
 123      3     59     60    304
 124      3    841     60    304
 125      3    277     60    304
 126      3     61     60    304
 127      3    537     60    304
 128      3    495     60    304
 129      3    447     60    304
 130      3    393     60    304
 131      5     41      1    365
 132      3    131     60    304
 133      3     92     60    304
 134      3     14     60    304
 135      3     92     60    304
 136      3     40     60    304
 137      5     36      1    196
 138      5     20      1    365
 139      3      9     60    304
 140      3    176     60    304
 141      3     99     60    304
 142      3    462     60    304
 143      3    441     60    304
 144      3    153     60    304
 145      3     12     60    304
 146      5    298      1    365
 147      3    733     60    304
 148      3    183     60    304
 149      3     31     60    304
 150      1     18      1    365
 151      1     46      1    365
 152      1     86      1    365
 153      3     26     60    304
 154      3     18     60    304
 155      5     47      1    365
 156      1    302      1    365
 157      1    107      1    365
 158      3    183     60    304
 159      5   2508      1    365
 160      5  10037      1    365
 161      5   3555      1    365
 162      1   1393      1    365
 163      1    499      1    365
 164      5      5      1    365
 165      5     89      1    365
 166      1    101     91    258
 167      5      7     60    274
 168      5     78     32    244
 169      5     20      1    365
 170      5     34      1    365
 171      3     92     60    304
 172      5     73     32    244
 173      5     23      1    365
 174      5   6891      1    365
 175      1     23      1    365
 176      3     41     60    304
 177      3    150     60    304
 178      3     46     60    304
 179      3     32     60    304
 180      3     22     60    304
 181      5     29      1    365
 182      3    807     60    304
 183      3    770     60    304
 184      3     30     60    304
 185      3     13     60    304
 186      3     41     60    304
 187      3     21     60    304
 188      3     48     60    304
 189      3   1524     60    304
 190      3    237     60    304
 191      3     81     60    304
 192      1    212     91    244
 193      1     31     91    244
 194      1     27      1    365
 195      3    232      1    365
 196      3     49     60    304
 197      3    192     60    304
 198      3    122     60    304
 199      5      3      1    365
 200      3    194     60    304
 201      5      9      1    365
 202      3     55     60    304
 203      5    161      1    365
 204      5     78      1    365
 205      5    252      1    365
 206      5     71      1    365
 207      5     70      1    365
 208      5     53      1    365
 209      3     32     60    304
 210      1     31     32    304
 211      5     79     91    161
 212      3    226     60    304
 213      3   1972     60    304
 214      3     14     60    304
 215      5     21     60    244
 216      1     35      1    365
 217      3    147     60    304
 218      5     13      1    365
 219      5     23      1    365
 220      3     26     60    304
 221      3    756      1    365
 222      5    127     60    244
 223      5      8      1    365
 224      5    114      1    365
 225      3    246     60    304
 226      3    107     60    304
 227      5    182      1    365
 228      5     29      1    365
 229      3     32     60    304
 230      3    601     60    304
 231      3    755     60    304
 232      3    298     60    304
 233      1    154      1    365
 234      3     16     60    273
 235      3    173     60    304
 236      5    845      1    365
 237      5    102      1    365
 238      3    790     60    304
 239      3    271     60    304
 240      3     63     60    304
 241      5     23      1    365
 242      5     43      1    365
 243      1    191      1    365
 244      1    138      1    365
 245      1    144      1    365
 246      1     74      1    365
 247      5     89     60    213
 248      5     15      1    365
 249      5     71     60    244
 250      5    701      1    365
 251      3    408     91    288
 252      5    407      1    365
 253      1     70      1    365
 254      3     21    105    273
 999      0      0      1    365
