   1      3     84     60    304
   2      3     57     60    304
   3      3     50     60    304
   4      3     17      1    365
   5      3   1444     60    304
   6      3   1933     60    304
   7      3   1605     60    304
   8      3      7      1    365
   9      3   3376     60    304
  10      3   3366     60    304
  11      3    586     60    304
  12      5    106      1    365
  13      5      9     60    182
  14      5     33     60    213
  15      5    106      1    365
  16      5     59     60    213
  17      5      4     91    365
  18      5    126     32    365
  19      5     32      1    365
  20      5    155     60    304
  21      5    154    121    244
  22      5    180     91    213
  23      5    592     60    274
  24      5     13     91    244
  25      5    197      1    258
  26      5    166     91    213
  27      5     12     91    244
  28      5     24     32    335
  29      5     46     60    244
  30      5    355     60    244
  31      1     39      1    365
  32      1     28      1    365
  33      1     61     60    213
  34      1     31     60    274
  35      1    133      1    365
  36      1     97      1    365
  37      1     16     60    244
  38      1     69      1    365
  39      1     27     32    244
  40      1     28      1    365
  41      1     93     32    244
  42      1    208     91    365
  43      1    100     60    365
  44      1    154     60    244
  45      1    191     91    244
  46      1     54     91    213
  47      1    233      1    274
  48      1     17     91    305
  49      1    274      1    258
  50      1    137     32    166
  51      1     75     60    166
  52      1     46      1    365
  53      1     71     60    293
  54      1     46     91    213
  55      1    104     60    152
  56      1    262     60    244
  57      1     87     60    304
  58      1    187     91    182
  59      1    104     60    182
  60      5     48      1    365
  61      5    329      1    365
  62      1    162      1    365
  63      5    129      1    365
  64      1      8      1    365
  65      1     62      1    365
  66      1    166      1    365
  67      1      7      1    365
  68      5    178      1    365
  69      5     62      1    365
  70      1     43      1    365
  71      1     83      1    365
  72      5     53      1    365
  73      1   1539      1    365
  74      3     40     60    304
  75      5     40      1    365
  76      1     53      1    365
  77      1     68      1    365
  78      1    117      1    365
  79      3     13     60    304
  80      1    121      1    365
  81      1     97      1    365
  82      3     27     60    304
  83      3      8     60    304
  84      5     22      1    365
  85      3      6     60    304
  86      3     11     60    304
  87      3     30     60    304
  88      3     16     60    304
  89      3     70     60    304
  90      3     53     60    304
  91      3     66     60    304
  92      1     58      1    365
  93      1     12      1    365
  94      3    224     60    304
  95      3    169     60    304
  96      1    104      1    365
  97      1     12      1    365
  98      3    157     60    304
  99      3    146     60    304
 100      3     27     60    304
 101      1     83      1    365
 102      1     68      1    365
 103      1     92      1    365
 104      1     41      1    365
 105      3     15     60    304
 106      3    129     60    304
 107      3     97     60    304
 108      3     51     60    304
 109      3     22     60    304
 110      3      7     60    304
 111      3     75     60    304
 112      1     35     60    244
 113      5     36      1    365
 114      3     93     60    304
 115      3     43     60    304
 116      3     54     60    304
 117      5    793      1    365
 118      3      9     60    304
 119      3     35     60    304
 120      3      1     60    304
 121      3      1     60    304
 122      3    188     60    304
 123      3     59     60    304
 124      3    920     60    304
 125      3    414     60    304
 126      3     19     60    304
 127      3    265     60    304
 128      3    541     60    304
 129      3    489     60    304
 130      3    586     60    304
 131      5     71      1    365
 132      3    166     60    304
 133      3     29     60    304
 134      3      7     60    304
 135      3     46     60    304
 136      3     40     60    304
 137      5     37      1    196
 138      5     20      1    365
 139      3     12     60    304
 140      3    193     60    304
 141      3    108     60    304
 142      3    585     60    304
 143      3    441     60    304
 144      3     48     60    304
 145      3     13     60    304
 146      5    237      1    365
 147      3    362     60    304
 148      3     57     60    304
 149      3     10     60    304
 150      1     29      1    365
 151      1     75      1    365
 152      1     60      1    365
 153      3     39     60    304
 154      3     18     60    304
 155      5     48      1    365
 156      1    210      1    365
 157      1    175      1    365
 158      3     57     60    304
 159      5   2532      1    365
 160      5  10134      1    365
 161      5   3590      1    365
 162      1    967      1    365
 163      1    359      1    365
 164      5      5      1    365
 165      5     71      1    365
 166      1     70     91    258
 167      5      7     60    274
 168      5     78     32    244
 169      5     20      1    365
 170      5     35      1    365
 171      3    138     60    304
 172      5     73     32    244
 173      5     40      1    365
 174      5   6957      1    365
 175      1     37      1    365
 176      3     52     60    304
 177      3     74     60    304
 178      3     69     60    304
 179      3     32     60    304
 180      3     32     60    304
 181      5     30      1    365
 182      3   1021     60    304
 183      3    770     60    304
 184      3     15     60    304
 185      3     13     60    304
 186      3     13     60    304
 187      3     27     60    304
 188      3     71     60    304
 189      3   1928     60    304
 190      3    300     60    304
 191      3    102     60    304
 192      1    147     91    244
 193      1     22     91    244
 194      1     19      1    365
 195      3    347      1    365
 196      3     73     60    304
 197      3    243     60    304
 198      3     60     60    304
 199      5      3      1    365
 200      3     96     60    304
 201      5      9      1    365
 202      3     27     60    304
 203      5    163      1    365
 204      5     78      1    365
 205      5    254      1    365
 206      5     71      1    365
 207      5     70      1    365
 208      5     54      1    365
 209      3     16     60    304
 210      1     22     32    304
 211      5    138     91    161
 212      3    112     60    304
 213      3    974     60    304
 214      3     17     60    304
 215      5     21     60    244
 216      1     24      1    365
 217      3     73     60    304
 218      5     22      1    365
 219      5     40      1    365
 220      3     33     60    304
 221      3    826      1    365
 222      5    222     60    244
 223      5     13      1    365
 224      5    200      1    365
 225      3    122     60    304
 226      3    107     60    304
 227      5    184      1    365
 228      5     30      1    365
 229      3     16     60    304
 230      3    188     60    304
 231      3   1127     60    304
 232      3    326     60    304
 233      1    107      1    365
 234      3     20     60    273
 235      3    259     60    304
 236      5   1841      1    365
 237      5    178      1    365
 238      3    864     60    304
 239      3    296     60    304
 240      3     69     60    304
 241      5     23      1    365
 242      5     44      1    365
 243      1    133      1    365
 244      1     96      1    365
 245      1    100      1    365
 246      1     74      1    365
 247      5    155     60    213
 248      5     27      1    365
 249      5    124     60    244
 250      5    708      1    365
 251      3    128     91    288
 252      5    710      1    365
 253      1     49      1    365
 254      3     27    105    273
 999      0      0      1    365
