   1      3     93     60    304
   2      3    114     60    304
   3      3     50     60    304
   4      3     19      1    365
   5      3   1268     60    304
   6      3   1697     60    304
   7      3   1605     60    304
   8      3     14      1    365
   9      3   2964     60    304
  10      3   2954     60    304
  11      3    543     60    304
  12      5    111      1    365
  13      5      2     60    182
  14      5     34     60    213
  15      5    111      1    365
  16      5     19     60    213
  17      5      1     91    365
  18      5    132     32    365
  19      5     33      1    365
  20      5     37     60    304
  21      5     50    121    244
  22      5    125     91    213
  23      5    191     60    274
  24      5      3     91    244
  25      5    207      1    258
  26      5     54     91    213
  27      5      4     91    244
  28      5     26     32    335
  29      5     48     60    244
  30      5    115     60    244
  31      1     29      1    365
  32      1     21      1    365
  33      1     46     60    213
  34      1     23     60    274
  35      1     99      1    365
  36      1     73      1    365
  37      1     12     60    244
  38      1     52      1    365
  39      1     20     32    244
  40      1     21      1    365
  41      1     70     32    244
  42      1    107     91    365
  43      1     51     60    365
  44      1     79     60    244
  45      1     98     91    244
  46      1     28     91    213
  47      1    120      1    274
  48      1      9     91    305
  49      1    141      1    258
  50      1     71     32    166
  51      1     39     60    166
  52      1     24      1    365
  53      1     36     60    293
  54      1     24     91    213
  55      1     54     60    152
  56      1    135     60    244
  57      1    161     60    304
  58      1     96     91    182
  59      1     78     60    182
  60      5     50      1    365
  61      5     79      1    365
  62      1    121      1    365
  63      5     31      1    365
  64      1      4      1    365
  65      1     32      1    365
  66      1     86      1    365
  67      1      5      1    365
  68      5     43      1    365
  69      5     15      1    365
  70      1     32      1    365
  71      1     43      1    365
  72      5     13      1    365
  73      1   2113      1    365
  74      3     44     60    304
  75      5     10      1    365
  76      1     98      1    365
  77      1    125      1    365
  78      1    215      1    365
  79      3     25     60    304
  80      1    223      1    365
  81      1    179      1    365
  82      3     29     60    304
  83      3      9     60    304
  84      5      5      1    365
  85      3     11     60    304
  86      3     23     60    304
  87      3     28     60    304
  88      3     18     60    304
  89      3     78     60    304
  90      3     53     60    304
  91      3    133     60    304
  92      1     44      1    365
  93      1      9      1    365
  94      3    248     60    304
  95      3    169     60    304
  96      1     54      1    365
  97      1      6      1    365
  98      3    146     60    304
  99      3    136     60    304
 100      3     23     60    304
 101      1    152      1    365
 102      1    125      1    365
 103      1    170      1    365
 104      1     30      1    365
 105      3     14     60    304
 106      3    143     60    304
 107      3     97     60    304
 108      3    207     60    304
 109      3     90     60    304
 110      3      7     60    304
 111      3     70     60    304
 112      1     26     60    244
 113      5     11      1    365
 114      3     86     60    304
 115      3     43     60    304
 116      3     50     60    304
 117      5    256      1    365
 118      3     10     60    304
 119      3    142     60    304
 120      3      2     60    304
 121      3      1     60    304
 122      3    763     60    304
 123      3     59     60    304
 124      3    808     60    304
 125      3    383     60    304
 126      3     78     60    304
 127      3    533     60    304
 128      3    475     60    304
 129      3    429     60    304
 130      3    543     60    304
 131      5     17      1    365
 132      3    184     60    304
 133      3    116     60    304
 134      3     14     60    304
 135      3     92     60    304
 136      3     40     60    304
 137      5     38      1    196
 138      5     21      1    365
 139      3     13     60    304
 140      3    169     60    304
 141      3     95     60    304
 142      3    648     60    304
 143      3    441     60    304
 144      3    194     60    304
 145      3     12     60    304
 146      5     76      1    365
 147      3    728     60    304
 148      3    233     60    304
 149      3     39     60    304
 150      1     15      1    365
 151      1     39      1    365
 152      1     45      1    365
 153      3     36     60    304
 154      3     18     60    304
 155      5     50      1    365
 156      1    157      1    365
 157      1     90      1    365
 158      3    233     60    304
 159      5   2657      1    365
 160      5  10635      1    365
 161      5   3767      1    365
 162      1    724      1    365
 163      1    662      1    365
 164      5      5      1    365
 165      5     23      1    365
 166      1     53     91    258
 167      5      7     60    274
 168      5     82     32    244
 169      5     21      1    365
 170      5     36      1    365
 171      3    128     60    304
 172      5     77     32    244
 173      5     10      1    365
 174      5   7301      1    365
 175      1     19      1    365
 176      3     57     60    304
 177      3    149     60    304
 178      3     64     60    304
 179      3     32     60    304
 180      3     30     60    304
 181      5     31      1    365
 182      3   1132     60    304
 183      3    770     60    304
 184      3     30     60    304
 185      3     13     60    304
 186      3     52     60    304
 187      3     29     60    304
 188      3     66     60    304
 189      3   2138     60    304
 190      3    332     60    304
 191      3    113     60    304
 192      1    110     91    244
 193      1     16     91    244
 194      1     14      1    365
 195      3    321      1    365
 196      3     68     60    304
 197      3    269     60    304
 198      3    121     60    304
 199      5      3      1    365
 200      3    192     60    304
 201      5     10      1    365
 202      3     55     60    304
 203      5    171      1    365
 204      5     82      1    365
 205      5    267      1    365
 206      5     75      1    365
 207      5     70      1    365
 208      5     57      1    365
 209      3     32     60    304
 210      1     16     32    304
 211      5     33     91    161
 212      3    224     60    304
 213      3   1959     60    304
 214      3     19     60    304
 215      5     22     60    244
 216      1     18      1    365
 217      3    146     60    304
 218      5      5      1    365
 219      5     10      1    365
 220      3     37     60    304
 221      3    725      1    365
 222      5     54     60    244
 223      5      3      1    365
 224      5     48      1    365
 225      3    245     60    304
 226      3    107     60    304
 227      5    193      1    365
 228      5     31      1    365
 229      3     32     60    304
 230      3    763     60    304
 231      3   1043     60    304
 232      3    287     60    304
 233      1     80      1    365
 234      3     22     60    273
 235      3    239     60    304
 236      5   1282      1    365
 237      5     43      1    365
 238      3    758     60    304
 239      3    260     60    304
 240      3     60     60    304
 241      5     25      1    365
 242      5     46      1    365
 243      1     99      1    365
 244      1     72      1    365
 245      1     75      1    365
 246      1     74      1    365
 247      5     37     60    213
 248      5      6      1    365
 249      5     30     60    244
 250      5   1169      1    365
 251      3    517     91    288
 252      5    171      1    365
 253      1     36      1    365
 254      3     29    105    273
 999      0      0      1    365
