   1      3     99     60    304
   2      3     63     60    304
   3      3     50     60    304
   4      3     20      1    365
   5      3   1330     60    304
   6      3   1781     60    304
   7      3   1605     60    304
   8      3      8      1    365
   9      3   3110     60    304
  10      3   3100     60    304
  11      3    371     60    304
  12      5    106      1    365
  13      5      7     60    182
  14      5     33     60    213
  15      5    106      1    365
  16      5     83     60    213
  17      5      3     91    365
  18      5    126     32    365
  19      5     32      1    365
  20      5    118     60    304
  21      5    215    121    244
  22      5    200     91    213
  23      5    828     60    274
  24      5     10     91    244
  25      5    198      1    258
  26      5    232     91    213
  27      5     17     91    244
  28      5     24     32    335
  29      5     46     60    244
  30      5    497     60    244
  31      1     32      1    365
  32      1     23      1    365
  33      1     49     60    213
  34      1     25     60    274
  35      1    107      1    365
  36      1     79      1    365
  37      1     13     60    244
  38      1     56      1    365
  39      1     22     32    244
  40      1     23      1    365
  41      1     75     32    244
  42      1    174     91    365
  43      1     84     60    365
  44      1    129     60    244
  45      1    160     91    244
  46      1     45     91    213
  47      1    195      1    274
  48      1     14     91    305
  49      1    230      1    258
  50      1    115     32    166
  51      1     63     60    166
  52      1     38      1    365
  53      1     59     60    293
  54      1     38     91    213
  55      1     87     60    152
  56      1    220     60    244
  57      1    204     60    304
  58      1    157     91    182
  59      1     84     60    182
  60      5     48      1    365
  61      5    249      1    365
  62      1    131      1    365
  63      5     98      1    365
  64      1      7      1    365
  65      1     52      1    365
  66      1    139      1    365
  67      1      5      1    365
  68      5    135      1    365
  69      5     47      1    365
  70      1     35      1    365
  71      1     70      1    365
  72      5     40      1    365
  73      1     42      1    365
  74      3     47     60    304
  75      5     30      1    365
  76      1    125      1    365
  77      1    159      1    365
  78      1    272      1    365
  79      3     14     60    304
  80      1    283      1    365
  81      1    227      1    365
  82      3     32     60    304
  83      3      9     60    304
  84      5     17      1    365
  85      3      6     60    304
  86      3     13     60    304
  87      3     19     60    304
  88      3     19     60    304
  89      3     84     60    304
  90      3     53     60    304
  91      3     73     60    304
  92      1     47      1    365
  93      1     10      1    365
  94      3    266     60    304
  95      3    169     60    304
  96      1     87      1    365
  97      1     10      1    365
  98      3    100     60    304
  99      3     93     60    304
 100      3     24     60    304
 101      1    193      1    365
 102      1    159      1    365
 103      1    215      1    365
 104      1     33      1    365
 105      3     10     60    304
 106      3    153     60    304
 107      3     97     60    304
 108      3    197     60    304
 109      3     86     60    304
 110      3      7     60    304
 111      3     48     60    304
 112      1     28     60    244
 113      5     50      1    365
 114      3     59     60    304
 115      3     43     60    304
 116      3     34     60    304
 117      5   1110      1    365
 118      3     11     60    304
 119      3    136     60    304
 120      3      1     60    304
 121      3      1     60    304
 122      3    728     60    304
 123      3     59     60    304
 124      3    848     60    304
 125      3    262     60    304
 126      3     74     60    304
 127      3    292     60    304
 128      3    498     60    304
 129      3    450     60    304
 130      3    371     60    304
 131      5     54      1    365
 132      3    197     60    304
 133      3    111     60    304
 134      3      8     60    304
 135      3     50     60    304
 136      3     40     60    304
 137      5     37      1    196
 138      5     20      1    365
 139      3     14     60    304
 140      3    177     60    304
 141      3    100     60    304
 142      3    695     60    304
 143      3    441     60    304
 144      3    185     60    304
 145      3     12     60    304
 146      5    331      1    365
 147      3    399     60    304
 148      3    222     60    304
 149      3     37     60    304
 150      1     24      1    365
 151      1     63      1    365
 152      1     48      1    365
 153      3     25     60    304
 154      3     18     60    304
 155      5     48      1    365
 156      1    169      1    365
 157      1    146      1    365
 158      3    222     60    304
 159      5   2533      1    365
 160      5  10139      1    365
 161      5   3591      1    365
 162      1    780      1    365
 163      1    838      1    365
 164      5      5      1    365
 165      5     99      1    365
 166      1     57     91    258
 167      5      7     60    274
 168      5     78     32    244
 169      5     20      1    365
 170      5     35      1    365
 171      3     87     60    304
 172      5     73     32    244
 173      5     30      1    365
 174      5   6961      1    365
 175      1     31      1    365
 176      3     61     60    304
 177      3     81     60    304
 178      3     44     60    304
 179      3     32     60    304
 180      3     20     60    304
 181      5     30      1    365
 182      3   1213     60    304
 183      3    770     60    304
 184      3     16     60    304
 185      3     13     60    304
 186      3     49     60    304
 187      3     32     60    304
 188      3     45     60    304
 189      3   2291     60    304
 190      3    356     60    304
 191      3    121     60    304
 192      1    119     91    244
 193      1     17     91    244
 194      1     15      1    365
 195      3    220      1    365
 196      3     46     60    304
 197      3    288     60    304
 198      3     66     60    304
 199      5      3      1    365
 200      3    105     60    304
 201      5      9      1    365
 202      3     30     60    304
 203      5    163      1    365
 204      5     78      1    365
 205      5    255      1    365
 206      5     71      1    365
 207      5     70      1    365
 208      5     54      1    365
 209      3     18     60    304
 210      1     17     32    304
 211      5    104     91    161
 212      3    123     60    304
 213      3   1073     60    304
 214      3     20     60    304
 215      5     21     60    244
 216      1     20      1    365
 217      3     80     60    304
 218      5     17      1    365
 219      5     30      1    365
 220      3     39     60    304
 221      3    761      1    365
 222      5    169     60    244
 223      5     10      1    365
 224      5    152      1    365
 225      3    134     60    304
 226      3    107     60    304
 227      5    184      1    365
 228      5     30      1    365
 229      3     18     60    304
 230      3    728     60    304
 231      3    713     60    304
 232      3    301     60    304
 233      1     86      1    365
 234      3     24     60    273
 235      3    164     60    304
 236      5   2047      1    365
 237      5    135      1    365
 238      3    795     60    304
 239      3    273     60    304
 240      3     63     60    304
 241      5     23      1    365
 242      5     44      1    365
 243      1    107      1    365
 244      1     77      1    365
 245      1     81      1    365
 246      1     74      1    365
 247      5    118     60    213
 248      5     20      1    365
 249      5     94     60    244
 250      5    338      1    365
 251      3    493     91    288
 252      5    539      1    365
 253      1     39      1    365
 254      3     32    105    273
 999      0      0      1    365
