   1      3     86     60    304
   2      3     87     60    304
   3      3     50     60    304
   4      3     18      1    365
   5      3   1339     60    304
   6      3   1793     60    304
   7      3   1605     60    304
   8      3     10      1    365
   9      3   3131     60    304
  10      3   3121     60    304
  11      3    512     60    304
  12      5    106      1    365
  13      5      9     60    182
  14      5     33     60    213
  15      5    106      1    365
  16      5     55     60    213
  17      5      4     91    365
  18      5    126     32    365
  19      5     32      1    365
  20      5    156     60    304
  21      5    144    121    244
  22      5     99     91    213
  23      5    552     60    274
  24      5     13     91    244
  25      5    198      1    258
  26      5    155     91    213
  27      5     11     91    244
  28      5     24     32    335
  29      5     46     60    244
  30      5    331     60    244
  31      1     42      1    365
  32      1     30      1    365
  33      1     65     60    213
  34      1     33     60    274
  35      1    142      1    365
  36      1    104      1    365
  37      1     17     60    244
  38      1     74      1    365
  39      1     29     32    244
  40      1     30      1    365
  41      1    100     32    244
  42      1    202     91    365
  43      1     97     60    365
  44      1    149     60    244
  45      1    186     91    244
  46      1     52     91    213
  47      1    226      1    274
  48      1     16     91    305
  49      1    266      1    258
  50      1    133     32    166
  51      1     73     60    166
  52      1     44      1    365
  53      1     69     60    293
  54      1     44     91    213
  55      1    101     60    152
  56      1    254     60    244
  57      1     43     60    304
  58      1    182     91    182
  59      1    111     60    182
  60      5     48      1    365
  61      5    329      1    365
  62      1    173      1    365
  63      5    129      1    365
  64      1      8      1    365
  65      1     61      1    365
  66      1    162      1    365
  67      1      7      1    365
  68      5    178      1    365
  69      5     62      1    365
  70      1     46      1    365
  71      1     81      1    365
  72      5     53      1    365
  73      1   1109      1    365
  74      3     41     60    304
  75      5     40      1    365
  76      1     26      1    365
  77      1     33      1    365
  78      1     57      1    365
  79      3     19     60    304
  80      1     59      1    365
  81      1     47      1    365
  82      3     27     60    304
  83      3      8     60    304
  84      5     22      1    365
  85      3      9     60    304
  86      3     17     60    304
  87      3     26     60    304
  88      3     16     60    304
  89      3     73     60    304
  90      3     53     60    304
  91      3    101     60    304
  92      1     62      1    365
  93      1     13      1    365
  94      3    232     60    304
  95      3    169     60    304
  96      1    101      1    365
  97      1     12      1    365
  98      3    137     60    304
  99      3    128     60    304
 100      3     25     60    304
 101      1     40      1    365
 102      1     33      1    365
 103      1     45      1    365
 104      1     43      1    365
 105      3     13     60    304
 106      3    133     60    304
 107      3     97     60    304
 108      3     81     60    304
 109      3     35     60    304
 110      3      7     60    304
 111      3     66     60    304
 112      1     38     60    244
 113      5     33      1    365
 114      3     81     60    304
 115      3     43     60    304
 116      3     47     60    304
 117      5    740      1    365
 118      3     10     60    304
 119      3     56     60    304
 120      3      2     60    304
 121      3      1     60    304
 122      3    299     60    304
 123      3     59     60    304
 124      3    853     60    304
 125      3    361     60    304
 126      3     30     60    304
 127      3    407     60    304
 128      3    501     60    304
 129      3    453     60    304
 130      3    512     60    304
 131      5     71      1    365
 132      3    171     60    304
 133      3     46     60    304
 134      3     10     60    304
 135      3     70     60    304
 136      3     40     60    304
 137      5     37      1    196
 138      5     20      1    365
 139      3     12     60    304
 140      3    179     60    304
 141      3    101     60    304
 142      3    604     60    304
 143      3    441     60    304
 144      3     76     60    304
 145      3     12     60    304
 146      5    221      1    365
 147      3    556     60    304
 148      3     91     60    304
 149      3     15     60    304
 150      1     28      1    365
 151      1     73      1    365
 152      1     64      1    365
 153      3     34     60    304
 154      3     18     60    304
 155      5     48      1    365
 156      1    224      1    365
 157      1    170      1    365
 158      3     91     60    304
 159      5   2537      1    365
 160      5  10153      1    365
 161      5   3596      1    365
 162      1   1033      1    365
 163      1    175      1    365
 164      5      5      1    365
 165      5     66      1    365
 166      1     75     91    258
 167      5      7     60    274
 168      5     79     32    244
 169      5     20      1    365
 170      5     35      1    365
 171      3    120     60    304
 172      5     73     32    244
 173      5     40      1    365
 174      5   6970      1    365
 175      1     36      1    365
 176      3     53     60    304
 177      3    114     60    304
 178      3     60     60    304
 179      3     32     60    304
 180      3     28     60    304
 181      5     30      1    365
 182      3   1055     60    304
 183      3    770     60    304
 184      3     23     60    304
 185      3     13     60    304
 186      3     20     60    304
 187      3     27     60    304
 188      3     62     60    304
 189      3   1993     60    304
 190      3    310     60    304
 191      3    106     60    304
 192      1    158     91    244
 193      1     23     91    244
 194      1     20      1    365
 195      3    303      1    365
 196      3     64     60    304
 197      3    251     60    304
 198      3     93     60    304
 199      5      3      1    365
 200      3    147     60    304
 201      5      9      1    365
 202      3     42     60    304
 203      5    163      1    365
 204      5     79      1    365
 205      5    255      1    365
 206      5     71      1    365
 207      5     70      1    365
 208      5     54      1    365
 209      3     24     60    304
 210      1     23     32    304
 211      5    138     91    161
 212      3    171     60    304
 213      3   1496     60    304
 214      3     18     60    304
 215      5     21     60    244
 216      1     26      1    365
 217      3    112     60    304
 218      5     22      1    365
 219      5     40      1    365
 220      3     34     60    304
 221      3    766      1    365
 222      5    223     60    244
 223      5     13      1    365
 224      5    200      1    365
 225      3    187     60    304
 226      3    107     60    304
 227      5    185      1    365
 228      5     30      1    365
 229      3     24     60    304
 230      3    299     60    304
 231      3    984     60    304
 232      3    303     60    304
 233      1    114      1    365
 234      3     21     60    273
 235      3    226     60    304
 236      5   1010      1    365
 237      5    178      1    365
 238      3    801     60    304
 239      3    275     60    304
 240      3     64     60    304
 241      5     23      1    365
 242      5     44      1    365
 243      1    142      1    365
 244      1    103      1    365
 245      1    107      1    365
 246      1     74      1    365
 247      5    156     60    213
 248      5     27      1    365
 249      5    125     60    244
 250      5   2274      1    365
 251      3    203     91    288
 252      5    712      1    365
 253      1     52      1    365
 254      3     27    105    273
 999      0      0      1    365
