   1      3     81     60    304
   2      3    112     60    304
   3      3     50     60    304
   4      3     17      1    365
   5      3   1415     60    304
   6      3   1894     60    304
   7      3   1605     60    304
   8      3     13      1    365
   9      3   3308     60    304
  10      3   3298     60    304
  11      3    363     60    304
  12      5    113      1    365
  13      5      6     60    182
  14      5     35     60    213
  15      5    113      1    365
  16      5     25     60    213
  17      5      3     91    365
  18      5    134     32    365
  19      5     34      1    365
  20      5    110     60    304
  21      5     64    121    244
  22      5     25     91    213
  23      5    247     60    274
  24      5      9     91    244
  25      5    210      1    258
  26      5     69     91    213
  27      5      5     91    244
  28      5     26     32    335
  29      5     49     60    244
  30      5    148     60    244
  31      1     54      1    365
  32      1     39      1    365
  33      1     83     60    213
  34      1     43     60    274
  35      1    181      1    365
  36      1    133      1    365
  37      1     22     60    244
  38      1     94      1    365
  39      1     37     32    244
  40      1     39      1    365
  41      1    128     32    244
  42      1    167     91    365
  43      1     80     60    365
  44      1    124     60    244
  45      1    154     91    244
  46      1     44     91    213
  47      1    188      1    274
  48      1     13     91    305
  49      1    221      1    258
  50      1    111     32    166
  51      1     60     60    166
  52      1     37      1    365
  53      1     57     60    293
  54      1     37     91    213
  55      1     84     60    152
  56      1    211     60    244
  57      1     81     60    304
  58      1    151     91    182
  59      1    142     60    182
  60      5     51      1    365
  61      5    233      1    365
  62      1    222      1    365
  63      5     91      1    365
  64      1      7      1    365
  65      1     50      1    365
  66      1    134      1    365
  67      1      9      1    365
  68      5    126      1    365
  69      5     44      1    365
  70      1     59      1    365
  71      1     67      1    365
  72      5     38      1    365
  73      1    706      1    365
  74      3     39     60    304
  75      5     28      1    365
  76      1     50      1    365
  77      1     63      1    365
  78      1    109      1    365
  79      3     25     60    304
  80      1    113      1    365
  81      1     90      1    365
  82      3     26     60    304
  83      3      8     60    304
  84      5     16      1    365
  85      3     11     60    304
  86      3     22     60    304
  87      3     19     60    304
  88      3     15     60    304
  89      3     68     60    304
  90      3     53     60    304
  91      3    130     60    304
  92      1     80      1    365
  93      1     17      1    365
  94      3    217     60    304
  95      3    169     60    304
  96      1     84      1    365
  97      1     10      1    365
  98      3     97     60    304
  99      3     91     60    304
 100      3     26     60    304
 101      1     77      1    365
 102      1     63      1    365
 103      1     86      1    365
 104      1     55      1    365
 105      3      9     60    304
 106      3    125     60    304
 107      3     97     60    304
 108      3    117     60    304
 109      3     51     60    304
 110      3      7     60    304
 111      3     47     60    304
 112      1     48     60    244
 113      5     15      1    365
 114      3     57     60    304
 115      3     43     60    304
 116      3     33     60    304
 117      5    331      1    365
 118      3      9     60    304
 119      3     80     60    304
 120      3      2     60    304
 121      3      1     60    304
 122      3    432     60    304
 123      3     59     60    304
 124      3    902     60    304
 125      3    256     60    304
 126      3     44     60    304
 127      3    522     60    304
 128      3    530     60    304
 129      3    479     60    304
 130      3    363     60    304
 131      5     50      1    365
 132      3    161     60    304
 133      3     66     60    304
 134      3     13     60    304
 135      3     90     60    304
 136      3     40     60    304
 137      5     39      1    196
 138      5     22      1    365
 139      3     12     60    304
 140      3    189     60    304
 141      3    106     60    304
 142      3    567     60    304
 143      3    441     60    304
 144      3    110     60    304
 145      3     13     60    304
 146      5     99      1    365
 147      3    713     60    304
 148      3    132     60    304
 149      3     22     60    304
 150      1     23      1    365
 151      1     60      1    365
 152      1     81      1    365
 153      3     24     60    304
 154      3     18     60    304
 155      5     51      1    365
 156      1    287      1    365
 157      1    141      1    365
 158      3    132     60    304
 159      5   2692      1    365
 160      5  10774      1    365
 161      5   3816      1    365
 162      1   1322      1    365
 163      1    335      1    365
 164      5      5      1    365
 165      5     30      1    365
 166      1     96     91    258
 167      5      8     60    274
 168      5     83     32    244
 169      5     22      1    365
 170      5     37      1    365
 171      3     85     60    304
 172      5     78     32    244
 173      5     28      1    365
 174      5   7397      1    365
 175      1     30      1    365
 176      3     50     60    304
 177      3    146     60    304
 178      3     43     60    304
 179      3     32     60    304
 180      3     20     60    304
 181      5     31      1    365
 182      3    990     60    304
 183      3    770     60    304
 184      3     29     60    304
 185      3     13     60    304
 186      3     29     60    304
 187      3     26     60    304
 188      3     44     60    304
 189      3   1869     60    304
 190      3    291     60    304
 191      3     99     60    304
 192      1    202     91    244
 193      1     30     91    244
 194      1     26      1    365
 195      3    215      1    365
 196      3     45     60    304
 197      3    235     60    304
 198      3    119     60    304
 199      5      3      1    365
 200      3    188     60    304
 201      5     10      1    365
 202      3     54     60    304
 203      5    173      1    365
 204      5     83      1    365
 205      5    271      1    365
 206      5     76      1    365
 207      5     70      1    365
 208      5     57      1    365
 209      3     31     60    304
 210      1     30     32    304
 211      5     98     91    161
 212      3    220     60    304
 213      3   1919     60    304
 214      3     17     60    304
 215      5     23     60    244
 216      1     33      1    365
 217      3    143     60    304
 218      5     16      1    365
 219      5     28      1    365
 220      3     32     60    304
 221      3    810      1    365
 222      5    158     60    244
 223      5      9      1    365
 224      5    142      1    365
 225      3    240     60    304
 226      3    107     60    304
 227      5    196      1    365
 228      5     31      1    365
 229      3     31     60    304
 230      3    432     60    304
 231      3    698     60    304
 232      3    320     60    304
 233      1    146      1    365
 234      3     19     60    273
 235      3    160     60    304
 236      5    256      1    365
 237      5    126      1    365
 238      3    846     60    304
 239      3    290     60    304
 240      3     67     60    304
 241      5     25      1    365
 242      5     47      1    365
 243      1    181      1    365
 244      1    131      1    365
 245      1    137      1    365
 246      1     74      1    365
 247      5    110     60    213
 248      5     19      1    365
 249      5     88     60    244
 250      5   2131      1    365
 251      3    293     91    288
 252      5    504      1    365
 253      1     67      1    365
 254      3     26    105    273
 999      0      0      1    365
