   1      3     93     60    304
   2      3     80     60    304
   3      3     50     60    304
   4      3     19      1    365
   5      3   1315     60    304
   6      3   1760     60    304
   7      3   1605     60    304
   8      3     10      1    365
   9      3   3074     60    304
  10      3   3064     60    304
  11      3    325     60    304
  12      5    117      1    365
  13      5      6     60    182
  14      5     36     60    213
  15      5    117      1    365
  16      5     39     60    213
  17      5      3     91    365
  18      5    139     32    365
  19      5     35      1    365
  20      5     99     60    304
  21      5    100    121    244
  22      5    236     91    213
  23      5    386     60    274
  24      5      9     91    244
  25      5    218      1    258
  26      5    108     91    213
  27      5      8     91    244
  28      5     27     32    335
  29      5     51     60    244
  30      5    232     60    244
  31      1     35      1    365
  32      1     25      1    365
  33      1     54     60    213
  34      1     27     60    274
  35      1    117      1    365
  36      1     86      1    365
  37      1     14     60    244
  38      1     61      1    365
  39      1     24     32    244
  40      1     25      1    365
  41      1     82     32    244
  42      1    136     91    365
  43      1     65     60    365
  44      1    101     60    244
  45      1    125     91    244
  46      1     35     91    213
  47      1    153      1    274
  48      1     11     91    305
  49      1    180      1    258
  50      1     90     32    166
  51      1     49     60    166
  52      1     30      1    365
  53      1     46     60    293
  54      1     30     91    213
  55      1     68     60    152
  56      1    172     60    244
  57      1    237     60    304
  58      1    123     91    182
  59      1     92     60    182
  60      5     53      1    365
  61      5    210      1    365
  62      1    143      1    365
  63      5     82      1    365
  64      1      5      1    365
  65      1     41      1    365
  66      1    109      1    365
  67      1      6      1    365
  68      5    113      1    365
  69      5     40      1    365
  70      1     38      1    365
  71      1     55      1    365
  72      5     34      1    365
  73      1    178      1    365
  74      3     44     60    304
  75      5     26      1    365
  76      1    145      1    365
  77      1    185      1    365
  78      1    316      1    365
  79      3     18     60    304
  80      1    330      1    365
  81      1    264      1    365
  82      3     29     60    304
  83      3      9     60    304
  84      5     14      1    365
  85      3      8     60    304
  86      3     16     60    304
  87      3     17     60    304
  88      3     18     60    304
  89      3     78     60    304
  90      3     53     60    304
  91      3     92     60    304
  92      1     51      1    365
  93      1     11      1    365
  94      3    249     60    304
  95      3    169     60    304
  96      1     68      1    365
  97      1      8      1    365
  98      3     87     60    304
  99      3     81     60    304
 100      3     24     60    304
 101      1    224      1    365
 102      1    185      1    365
 103      1    250      1    365
 104      1     36      1    365
 105      3      8     60    304
 106      3    143     60    304
 107      3     97     60    304
 108      3    110     60    304
 109      3     48     60    304
 110      3      7     60    304
 111      3     42     60    304
 112      1     31     60    244
 113      5     23      1    365
 114      3     51     60    304
 115      3     43     60    304
 116      3     30     60    304
 117      5    517      1    365
 118      3     10     60    304
 119      3     75     60    304
 120      3      2     60    304
 121      3      1     60    304
 122      3    404     60    304
 123      3     59     60    304
 124      3    838     60    304
 125      3    230     60    304
 126      3     41     60    304
 127      3    372     60    304
 128      3    492     60    304
 129      3    445     60    304
 130      3    325     60    304
 131      5     45      1    365
 132      3    184     60    304
 133      3     62     60    304
 134      3     10     60    304
 135      3     64     60    304
 136      3     40     60    304
 137      5     40      1    196
 138      5     22      1    365
 139      3     13     60    304
 140      3    175     60    304
 141      3     99     60    304
 142      3    649     60    304
 143      3    441     60    304
 144      3    103     60    304
 145      3     12     60    304
 146      5    154      1    365
 147      3    507     60    304
 148      3    123     60    304
 149      3     21     60    304
 150      1     19      1    365
 151      1     49      1    365
 152      1     52      1    365
 153      3     22     60    304
 154      3     18     60    304
 155      5     53      1    365
 156      1    185      1    365
 157      1    115      1    365
 158      3    123     60    304
 159      5   2793      1    365
 160      5  11178      1    365
 161      5   3959      1    365
 162      1    852      1    365
 163      1    975      1    365
 164      5      6      1    365
 165      5     46      1    365
 166      1     62     91    258
 167      5      8     60    274
 168      5     86     32    244
 169      5     22      1    365
 170      5     38      1    365
 171      3     77     60    304
 172      5     81     32    244
 173      5     26      1    365
 174      5   7674      1    365
 175      1     25      1    365
 176      3     57     60    304
 177      3    104     60    304
 178      3     38     60    304
 179      3     32     60    304
 180      3     18     60    304
 181      5     33      1    365
 182      3   1133     60    304
 183      3    770     60    304
 184      3     21     60    304
 185      3     13     60    304
 186      3     27     60    304
 187      3     29     60    304
 188      3     39     60    304
 189      3   2139     60    304
 190      3    332     60    304
 191      3    113     60    304
 192      1    130     91    244
 193      1     19     91    244
 194      1     17      1    365
 195      3    193      1    365
 196      3     41     60    304
 197      3    269     60    304
 198      3     85     60    304
 199      5      3      1    365
 200      3    134     60    304
 201      5     10      1    365
 202      3     38     60    304
 203      5    180      1    365
 204      5     86      1    365
 205      5    281      1    365
 206      5     79      1    365
 207      5     70      1    365
 208      5     59      1    365
 209      3     22     60    304
 210      1     19     32    304
 211      5     88     91    161
 212      3    156     60    304
 213      3   1365     60    304
 214      3     19     60    304
 215      5     24     60    244
 216      1     21      1    365
 217      3    102     60    304
 218      5     14      1    365
 219      5     26      1    365
 220      3     37     60    304
 221      3    752      1    365
 222      5    142     60    244
 223      5      9      1    365
 224      5    128      1    365
 225      3    171     60    304
 226      3    107     60    304
 227      5    203      1    365
 228      5     33      1    365
 229      3     22     60    304
 230      3    404     60    304
 231      3    625     60    304
 232      3    297     60    304
 233      1     94      1    365
 234      3     22     60    273
 235      3    144     60    304
 236      5   2412      1    365
 237      5    113      1    365
 238      3    786     60    304
 239      3    270     60    304
 240      3     63     60    304
 241      5     26      1    365
 242      5     48      1    365
 243      1    117      1    365
 244      1     85      1    365
 245      1     88      1    365
 246      1     74      1    365
 247      5     99     60    213
 248      5     17      1    365
 249      5     79     60    244
 250      5    908      1    365
 251      3    274     91    288
 252      5    453      1    365
 253      1     43      1    365
 254      3     29    105    273
 999      0      0      1    365
