   1      3     64     60    304
   2      3     97     60    304
   3      3     50     60    304
   4      3     13      1    365
   5      3   1396     60    304
   6      3   1868     60    304
   7      3   1605     60    304
   8      3     12      1    365
   9      3   3262     60    304
  10      3   3252     60    304
  11      3    570     60    304
  12      5    107      1    365
  13      5      2     60    182
  14      5     33     60    213
  15      5    107      1    365
  16      5      7     60    213
  17      5      1     91    365
  18      5    128     32    365
  19      5     32      1    365
  20      5     39     60    304
  21      5     19    121    244
  22      5    188     91    213
  23      5     72     60    274
  24      5      3     91    244
  25      5    200      1    258
  26      5     20     91    213
  27      5      1     91    244
  28      5     25     32    335
  29      5     46     60    244
  30      5     43     60    244
  31      1     34      1    365
  32      1     24      1    365
  33      1     52     60    213
  34      1     27     60    274
  35      1    113      1    365
  36      1     83      1    365
  37      1     14     60    244
  38      1     59      1    365
  39      1     23     32    244
  40      1     24      1    365
  41      1     80     32    244
  42      1    244     91    365
  43      1    117     60    365
  44      1    181     60    244
  45      1    225     91    244
  46      1     64     91    213
  47      1    274      1    274
  48      1     20     91    305
  49      1    323      1    258
  50      1    161     32    166
  51      1     88     60    166
  52      1     54      1    365
  53      1     83     60    293
  54      1     54     91    213
  55      1    122     60    152
  56      1    308     60    244
  57      1    201     60    304
  58      1    220     91    182
  59      1     89     60    182
  60      5     49      1    365
  61      5     82      1    365
  62      1    139      1    365
  63      5     32      1    365
  64      1     10      1    365
  65      1     73      1    365
  66      1    196      1    365
  67      1      6      1    365
  68      5     44      1    365
  69      5     15      1    365
  70      1     37      1    365
  71      1     98      1    365
  72      5     13      1    365
  73      1    705      1    365
  74      3     30     60    304
  75      5     10      1    365
  76      1    123      1    365
  77      1    157      1    365
  78      1    268      1    365
  79      3     21     60    304
  80      1    280      1    365
  81      1    224      1    365
  82      3     20     60    304
  83      3      6     60    304
  84      5      6      1    365
  85      3     10     60    304
  86      3     19     60    304
  87      3     29     60    304
  88      3     12     60    304
  89      3     54     60    304
  90      3     53     60    304
  91      3    113     60    304
  92      1     50      1    365
  93      1     10      1    365
  94      3    171     60    304
  95      3    169     60    304
  96      1    122      1    365
  97      1     15      1    365
  98      3    153     60    304
  99      3    142     60    304
 100      3     26     60    304
 101      1    190      1    365
 102      1    157      1    365
 103      1    212      1    365
 104      1     35      1    365
 105      3     15     60    304
 106      3     98     60    304
 107      3     97     60    304
 108      3    184     60    304
 109      3     80     60    304
 110      3      7     60    304
 111      3     73     60    304
 112      1     30     60    244
 113      5      4      1    365
 114      3     90     60    304
 115      3     43     60    304
 116      3     52     60    304
 117      5     97      1    365
 118      3      7     60    304
 119      3    126     60    304
 120      3      2     60    304
 121      3      1     60    304
 122      3    677     60    304
 123      3     59     60    304
 124      3    889     60    304
 125      3    402     60    304
 126      3     69     60    304
 127      3    454     60    304
 128      3    523     60    304
 129      3    473     60    304
 130      3    570     60    304
 131      5     18      1    365
 132      3    127     60    304
 133      3    103     60    304
 134      3     12     60    304
 135      3     78     60    304
 136      3     40     60    304
 137      5     37      1    196
 138      5     21      1    365
 139      3      9     60    304
 140      3    186     60    304
 141      3    105     60    304
 142      3    447     60    304
 143      3    441     60    304
 144      3    172     60    304
 145      3     13     60    304
 146      5     29      1    365
 147      3    619     60    304
 148      3    207     60    304
 149      3     34     60    304
 150      1     34      1    365
 151      1     88      1    365
 152      1     51      1    365
 153      3     38     60    304
 154      3     18     60    304
 155      5     49      1    365
 156      1    179      1    365
 157      1    205      1    365
 158      3    207     60    304
 159      5   2568      1    365
 160      5  10276      1    365
 161      5   3640      1    365
 162      1    827      1    365
 163      1    827      1    365
 164      5      5      1    365
 165      5      9      1    365
 166      1     60     91    258
 167      5      7     60    274
 168      5     79     32    244
 169      5     21      1    365
 170      5     35      1    365
 171      3    134     60    304
 172      5     74     32    244
 173      5     10      1    365
 174      5   7055      1    365
 175      1     44      1    365
 176      3     40     60    304
 177      3    127     60    304
 178      3     67     60    304
 179      3     32     60    304
 180      3     31     60    304
 181      5     30      1    365
 182      3    781     60    304
 183      3    770     60    304
 184      3     25     60    304
 185      3     13     60    304
 186      3     46     60    304
 187      3     20     60    304
 188      3     69     60    304
 189      3   1474     60    304
 190      3    229     60    304
 191      3     78     60    304
 192      1    126     91    244
 193      1     19     91    244
 194      1     16      1    365
 195      3    337      1    365
 196      3     71     60    304
 197      3    186     60    304
 198      3    103     60    304
 199      5      3      1    365
 200      3    164     60    304
 201      5      9      1    365
 202      3     47     60    304
 203      5    165      1    365
 204      5     79      1    365
 205      5    258      1    365
 206      5     72      1    365
 207      5     70      1    365
 208      5     55      1    365
 209      3     27     60    304
 210      1     19     32    304
 211      5     34     91    161
 212      3    191     60    304
 213      3   1666     60    304
 214      3     13     60    304
 215      5     22     60    244
 216      1     21      1    365
 217      3    125     60    304
 218      5      6      1    365
 219      5     10      1    365
 220      3     25     60    304
 221      3    798      1    365
 222      5     55     60    244
 223      5      3      1    365
 224      5     50      1    365
 225      3    208     60    304
 226      3    107     60    304
 227      5    187      1    365
 228      5     30      1    365
 229      3     27     60    304
 230      3    677     60    304
 231      3   1096     60    304
 232      3    315     60    304
 233      1     91      1    365
 234      3     15     60    273
 235      3    251     60    304
 236      5   1918      1    365
 237      5     44      1    365
 238      3    835     60    304
 239      3    286     60    304
 240      3     66     60    304
 241      5     24      1    365
 242      5     44      1    365
 243      1    113      1    365
 244      1     82      1    365
 245      1     86      1    365
 246      1     74      1    365
 247      5     39     60    213
 248      5      7      1    365
 249      5     31     60    244
 250      5   1839      1    365
 251      3    459     91    288
 252      5    176      1    365
 253      1     42      1    365
 254      3     20    105    273
 999      0      0      1    365
