   1      3     64     60    304
   2      3     98     60    304
   3      3     50     60    304
   4      3     13      1    365
   5      3   1406     60    304
   6      3   1882     60    304
   7      3   1605     60    304
   8      3     12      1    365
   9      3   3286     60    304
  10      3   3276     60    304
  11      3    367     60    304
  12      5    110      1    365
  13      5      7     60    182
  14      5     34     60    213
  15      5    110      1    365
  16      5     43     60    213
  17      5      3     91    365
  18      5    131     32    365
  19      5     33      1    365
  20      5    122     60    304
  21      5    113    121    244
  22      5    181     91    213
  23      5    434     60    274
  24      5     10     91    244
  25      5    205      1    258
  26      5    121     91    213
  27      5      9     91    244
  28      5     25     32    335
  29      5     48     60    244
  30      5    260     60    244
  31      1     35      1    365
  32      1     25      1    365
  33      1     54     60    213
  34      1     27     60    274
  35      1    117      1    365
  36      1     86      1    365
  37      1     14     60    244
  38      1     61      1    365
  39      1     24     32    244
  40      1     25      1    365
  41      1     82     32    244
  42      1    190     91    365
  43      1     91     60    365
  44      1    141     60    244
  45      1    175     91    244
  46      1     49     91    213
  47      1    213      1    274
  48      1     15     91    305
  49      1    251      1    258
  50      1    126     32    166
  51      1     68     60    166
  52      1     42      1    365
  53      1     65     60    293
  54      1     42     91    213
  55      1     95     60    152
  56      1    240     60    244
  57      1    154     60    304
  58      1    171     91    182
  59      1     92     60    182
  60      5     50      1    365
  61      5    258      1    365
  62      1    143      1    365
  63      5    101      1    365
  64      1      8      1    365
  65      1     57      1    365
  66      1    152      1    365
  67      1      6      1    365
  68      5    139      1    365
  69      5     49      1    365
  70      1     38      1    365
  71      1     76      1    365
  72      5     42      1    365
  73      1   1945      1    365
  74      3     30     60    304
  75      5     31      1    365
  76      1     94      1    365
  77      1    120      1    365
  78      1    205      1    365
  79      3     22     60    304
  80      1    214      1    365
  81      1    171      1    365
  82      3     20     60    304
  83      3      6     60    304
  84      5     17      1    365
  85      3     10     60    304
  86      3     20     60    304
  87      3     19     60    304
  88      3     12     60    304
  89      3     54     60    304
  90      3     53     60    304
  91      3    114     60    304
  92      1     51      1    365
  93      1     11      1    365
  94      3    171     60    304
  95      3    169     60    304
  96      1     95      1    365
  97      1     11      1    365
  98      3     99     60    304
  99      3     92     60    304
 100      3     26     60    304
 101      1    145      1    365
 102      1    120      1    365
 103      1    162      1    365
 104      1     36      1    365
 105      3      9     60    304
 106      3     98     60    304
 107      3     97     60    304
 108      3     46     60    304
 109      3     20     60    304
 110      3      7     60    304
 111      3     47     60    304
 112      1     31     60    244
 113      5     26      1    365
 114      3     58     60    304
 115      3     43     60    304
 116      3     34     60    304
 117      5    581      1    365
 118      3      7     60    304
 119      3     32     60    304
 120      3      2     60    304
 121      3      1     60    304
 122      3    171     60    304
 123      3     59     60    304
 124      3    896     60    304
 125      3    259     60    304
 126      3     17     60    304
 127      3    458     60    304
 128      3    526     60    304
 129      3    476     60    304
 130      3    367     60    304
 131      5     56      1    365
 132      3    127     60    304
 133      3     26     60    304
 134      3     12     60    304
 135      3     79     60    304
 136      3     40     60    304
 137      5     38      1    196
 138      5     21      1    365
 139      3      9     60    304
 140      3    188     60    304
 141      3    106     60    304
 142      3    447     60    304
 143      3    441     60    304
 144      3     44     60    304
 145      3     13     60    304
 146      5    173      1    365
 147      3    625     60    304
 148      3     52     60    304
 149      3      9     60    304
 150      1     27      1    365
 151      1     68      1    365
 152      1     53      1    365
 153      3     24     60    304
 154      3     18     60    304
 155      5     50      1    365
 156      1    185      1    365
 157      1    160      1    365
 158      3     52     60    304
 159      5   2632      1    365
 160      5  10533      1    365
 161      5   3731      1    365
 162      1    854      1    365
 163      1    632      1    365
 164      5      5      1    365
 165      5     52      1    365
 166      1     62     91    258
 167      5      7     60    274
 168      5     81     32    244
 169      5     21      1    365
 170      5     36      1    365
 171      3     86     60    304
 172      5     76     32    244
 173      5     31      1    365
 174      5   7232      1    365
 175      1     34      1    365
 176      3     40     60    304
 177      3    128     60    304
 178      3     43     60    304
 179      3     32     60    304
 180      3     20     60    304
 181      5     31      1    365
 182      3    781     60    304
 183      3    770     60    304
 184      3     26     60    304
 185      3     13     60    304
 186      3     12     60    304
 187      3     20     60    304
 188      3     45     60    304
 189      3   1475     60    304
 190      3    229     60    304
 191      3     78     60    304
 192      1    130     91    244
 193      1     19     91    244
 194      1     17      1    365
 195      3    217      1    365
 196      3     46     60    304
 197      3    186     60    304
 198      3    104     60    304
 199      5      3      1    365
 200      3    165     60    304
 201      5     10      1    365
 202      3     47     60    304
 203      5    169      1    365
 204      5     81      1    365
 205      5    264      1    365
 206      5     74      1    365
 207      5     70      1    365
 208      5     56      1    365
 209      3     28     60    304
 210      1     19     32    304
 211      5    108     91    161
 212      3    193     60    304
 213      3   1682     60    304
 214      3     13     60    304
 215      5     22     60    244
 216      1     22      1    365
 217      3    126     60    304
 218      5     17      1    365
 219      5     31      1    365
 220      3     25     60    304
 221      3    804      1    365
 222      5    174     60    244
 223      5     10      1    365
 224      5    157      1    365
 225      3    210     60    304
 226      3    107     60    304
 227      5    191      1    365
 228      5     31      1    365
 229      3     28     60    304
 230      3    171     60    304
 231      3    706     60    304
 232      3    318     60    304
 233      1     94      1    365
 234      3     15     60    273
 235      3    162     60    304
 236      5   1845      1    365
 237      5    139      1    365
 238      3    841     60    304
 239      3    288     60    304
 240      3     67     60    304
 241      5     24      1    365
 242      5     45      1    365
 243      1    117      1    365
 244      1     85      1    365
 245      1     88      1    365
 246      1     74      1    365
 247      5    122     60    213
 248      5     21      1    365
 249      5     98     60    244
 250      5   1865      1    365
 251      3    116     91    288
 252      5    557      1    365
 253      1     43      1    365
 254      3     20    105    273
 999      0      0      1    365
