   1      3     86     60    304
   2      3     92     60    304
   3      3     50     60    304
   4      3     18      1    365
   5      3   1408     60    304
   6      3   1884     60    304
   7      3   1605     60    304
   8      3     11      1    365
   9      3   3291     60    304
  10      3   3281     60    304
  11      3    306     60    304
  12      5    106      1    365
  13      5      5     60    182
  14      5     33     60    213
  15      5    106      1    365
  16      5     35     60    213
  17      5      3     91    365
  18      5    127     32    365
  19      5     32      1    365
  20      5     89     60    304
  21      5     91    121    244
  22      5     33     91    213
  23      5    352     60    274
  24      5      8     91    244
  25      5    198      1    258
  26      5     98     91    213
  27      5      7     91    244
  28      5     25     32    335
  29      5     46     60    244
  30      5    211     60    244
  31      1     57      1    365
  32      1     41      1    365
  33      1     88     60    213
  34      1     45     60    274
  35      1    191      1    365
  36      1    140      1    365
  37      1     23     60    244
  38      1     99      1    365
  39      1     39     32    244
  40      1     41      1    365
  41      1    135     32    244
  42      1    244     91    365
  43      1    117     60    365
  44      1    180     60    244
  45      1    224     91    244
  46      1     63     91    213
  47      1    273      1    274
  48      1     19     91    305
  49      1    322      1    258
  50      1    161     32    166
  51      1     88     60    166
  52      1     54      1    365
  53      1     83     60    293
  54      1     54     91    213
  55      1    122     60    152
  56      1    307     60    244
  57      1    148     60    304
  58      1    219     91    182
  59      1    150     60    182
  60      5     48      1    365
  61      5    188      1    365
  62      1    234      1    365
  63      5     74      1    365
  64      1     10      1    365
  65      1     73      1    365
  66      1    195      1    365
  67      1     10      1    365
  68      5    101      1    365
  69      5     36      1    365
  70      1     62      1    365
  71      1     97      1    365
  72      5     30      1    365
  73      1   1218      1    365
  74      3     41     60    304
  75      5     23      1    365
  76      1     90      1    365
  77      1    115      1    365
  78      1    197      1    365
  79      3     20     60    304
  80      1    206      1    365
  81      1    165      1    365
  82      3     27     60    304
  83      3      8     60    304
  84      5     13      1    365
  85      3      9     60    304
  86      3     18     60    304
  87      3     16     60    304
  88      3     16     60    304
  89      3     72     60    304
  90      3     53     60    304
  91      3    106     60    304
  92      1     84      1    365
  93      1     18      1    365
  94      3    230     60    304
  95      3    169     60    304
  96      1    122      1    365
  97      1     15      1    365
  98      3     82     60    304
  99      3     77     60    304
 100      3     26     60    304
 101      1    140      1    365
 102      1    115      1    365
 103      1    156      1    365
 104      1     58      1    365
 105      3      8     60    304
 106      3    132     60    304
 107      3     97     60    304
 108      3    125     60    304
 109      3     55     60    304
 110      3      7     60    304
 111      3     39     60    304
 112      1     51     60    244
 113      5     21      1    365
 114      3     48     60    304
 115      3     43     60    304
 116      3     28     60    304
 117      5    471      1    365
 118      3     10     60    304
 119      3     86     60    304
 120      3      2     60    304
 121      3      1     60    304
 122      3    461     60    304
 123      3     59     60    304
 124      3    897     60    304
 125      3    216     60    304
 126      3     47     60    304
 127      3    427     60    304
 128      3    527     60    304
 129      3    477     60    304
 130      3    306     60    304
 131      5     41      1    365
 132      3    170     60    304
 133      3     70     60    304
 134      3     11     60    304
 135      3     73     60    304
 136      3     40     60    304
 137      5     37      1    196
 138      5     20      1    365
 139      3     12     60    304
 140      3    188     60    304
 141      3    106     60    304
 142      3    600     60    304
 143      3    441     60    304
 144      3    117     60    304
 145      3     13     60    304
 146      5    141      1    365
 147      3    582     60    304
 148      3    141     60    304
 149      3     23     60    304
 150      1     34      1    365
 151      1     88      1    365
 152      1     86      1    365
 153      3     20     60    304
 154      3     18     60    304
 155      5     48      1    365
 156      1    302      1    365
 157      1    205      1    365
 158      3    141     60    304
 159      5   2540      1    365
 160      5  10165      1    365
 161      5   3601      1    365
 162      1   1394      1    365
 163      1    609      1    365
 164      5      5      1    365
 165      5     42      1    365
 166      1    101     91    258
 167      5      7     60    274
 168      5     79     32    244
 169      5     20      1    365
 170      5     35      1    365
 171      3     72     60    304
 172      5     74     32    244
 173      5     23      1    365
 174      5   6979      1    365
 175      1     44      1    365
 176      3     53     60    304
 177      3    119     60    304
 178      3     36     60    304
 179      3     32     60    304
 180      3     17     60    304
 181      5     30      1    365
 182      3   1047     60    304
 183      3    770     60    304
 184      3     24     60    304
 185      3     13     60    304
 186      3     31     60    304
 187      3     27     60    304
 188      3     37     60    304
 189      3   1977     60    304
 190      3    307     60    304
 191      3    105     60    304
 192      1    213     91    244
 193      1     31     91    244
 194      1     27      1    365
 195      3    181      1    365
 196      3     38     60    304
 197      3    249     60    304
 198      3     97     60    304
 199      5      3      1    365
 200      3    154     60    304
 201      5      9      1    365
 202      3     44     60    304
 203      5    163      1    365
 204      5     79      1    365
 205      5    255      1    365
 206      5     71      1    365
 207      5     70      1    365
 208      5     54      1    365
 209      3     26     60    304
 210      1     31     32    304
 211      5     79     91    161
 212      3    179     60    304
 213      3   1567     60    304
 214      3     18     60    304
 215      5     21     60    244
 216      1     35      1    365
 217      3    117     60    304
 218      5     13      1    365
 219      5     23      1    365
 220      3     34     60    304
 221      3    805      1    365
 222      5    127     60    244
 223      5      8      1    365
 224      5    114      1    365
 225      3    196     60    304
 226      3    107     60    304
 227      5    185      1    365
 228      5     30      1    365
 229      3     26     60    304
 230      3    461     60    304
 231      3    589     60    304
 232      3    318     60    304
 233      1    154      1    365
 234      3     20     60    273
 235      3    135     60    304
 236      5    339      1    365
 237      5    101      1    365
 238      3    842     60    304
 239      3    289     60    304
 240      3     67     60    304
 241      5     23      1    365
 242      5     44      1    365
 243      1    191      1    365
 244      1    138      1    365
 245      1    144      1    365
 246      1     74      1    365
 247      5     89     60    213
 248      5     15      1    365
 249      5     71     60    244
 250      5   1788      1    365
 251      3    313     91    288
 252      5    406      1    365
 253      1     70      1    365
 254      3     27    105    273
 999      0      0      1    365
