   1      3     90     60    304
   2      3     78     60    304
   3      3     50     60    304
   4      3     19      1    365
   5      3   1451     60    304
   6      3   1942     60    304
   7      3   1605     60    304
   8      3      9      1    365
   9      3   3392     60    304
  10      3   3381     60    304
  11      3    578     60    304
  12      5    108      1    365
  13      5      6     60    182
  14      5     33     60    213
  15      5    108      1    365
  16      5      8     60    213
  17      5      3     91    365
  18      5    129     32    365
  19      5     32      1    365
  20      5    100     60    304
  21      5     22    121    244
  22      5     43     91    213
  23      5     83     60    274
  24      5      9     91    244
  25      5    202      1    258
  26      5     23     91    213
  27      5      2     91    244
  28      5     25     32    335
  29      5     47     60    244
  30      5     50     60    244
  31      1     51      1    365
  32      1     37      1    365
  33      1     80     60    213
  34      1     41     60    274
  35      1    174      1    365
  36      1    128      1    365
  37      1     21     60    244
  38      1     91      1    365
  39      1     36     32    244
  40      1     37      1    365
  41      1    122     32    244
  42      1    212     91    365
  43      1    102     60    365
  44      1    157     60    244
  45      1    195     91    244
  46      1     55     91    213
  47      1    238      1    274
  48      1     17     91    305
  49      1    280      1    258
  50      1    140     32    166
  51      1     76     60    166
  52      1     47      1    365
  53      1     72     60    293
  54      1     47     91    213
  55      1    106     60    152
  56      1    268     60    244
  57      1     71     60    304
  58      1    191     91    182
  59      1    137     60    182
  60      5     49      1    365
  61      5    212      1    365
  62      1    213      1    365
  63      5     83      1    365
  64      1      8      1    365
  65      1     64      1    365
  66      1    170      1    365
  67      1      9      1    365
  68      5    114      1    365
  69      5     40      1    365
  70      1     57      1    365
  71      1     85      1    365
  72      5     34      1    365
  73      1   2467      1    365
  74      3     43     60    304
  75      5     26      1    365
  76      1     44      1    365
  77      1     55      1    365
  78      1     95      1    365
  79      3     17     60    304
  80      1     99      1    365
  81      1     79      1    365
  82      3     29     60    304
  83      3      9     60    304
  84      5     14      1    365
  85      3      8     60    304
  86      3     16     60    304
  87      3     30     60    304
  88      3     17     60    304
  89      3     76     60    304
  90      3     53     60    304
  91      3     90     60    304
  92      1     76      1    365
  93      1     16      1    365
  94      3    242     60    304
  95      3    169     60    304
  96      1    106      1    365
  97      1     13      1    365
  98      3    155     60    304
  99      3    145     60    304
 100      3     27     60    304
 101      1     67      1    365
 102      1     55      1    365
 103      1     75      1    365
 104      1     53      1    365
 105      3     15     60    304
 106      3    139     60    304
 107      3     97     60    304
 108      3     71     60    304
 109      3     31     60    304
 110      3      7     60    304
 111      3     74     60    304
 112      1     46     60    244
 113      5      5      1    365
 114      3     91     60    304
 115      3     43     60    304
 116      3     53     60    304
 117      5    111      1    365
 118      3     10     60    304
 119      3     49     60    304
 120      3      2     60    304
 121      3      1     60    304
 122      3    262     60    304
 123      3     59     60    304
 124      3    925     60    304
 125      3    408     60    304
 126      3     27     60    304
 127      3    363     60    304
 128      3    543     60    304
 129      3    491     60    304
 130      3    578     60    304
 131      5     46      1    365
 132      3    179     60    304
 133      3     40     60    304
 134      3      9     60    304
 135      3     62     60    304
 136      3     40     60    304
 137      5     37      1    196
 138      5     21      1    365
 139      3     13     60    304
 140      3    194     60    304
 141      3    109     60    304
 142      3    631     60    304
 143      3    441     60    304
 144      3     67     60    304
 145      3     13     60    304
 146      5     33      1    365
 147      3    495     60    304
 148      3     80     60    304
 149      3     13     60    304
 150      1     30      1    365
 151      1     76      1    365
 152      1     78      1    365
 153      3     38     60    304
 154      3     18     60    304
 155      5     49      1    365
 156      1    275      1    365
 157      1    178      1    365
 158      3     80     60    304
 159      5   2591      1    365
 160      5  10371      1    365
 161      5   3674      1    365
 162      1   1269      1    365
 163      1    293      1    365
 164      5      5      1    365
 165      5     10      1    365
 166      1     92     91    258
 167      5      7     60    274
 168      5     80     32    244
 169      5     21      1    365
 170      5     35      1    365
 171      3    136     60    304
 172      5     75     32    244
 173      5     26      1    365
 174      5   7120      1    365
 175      1     38      1    365
 176      3     56     60    304
 177      3    101     60    304
 178      3     68     60    304
 179      3     32     60    304
 180      3     32     60    304
 181      5     30      1    365
 182      3   1102     60    304
 183      3    770     60    304
 184      3     20     60    304
 185      3     13     60    304
 186      3     18     60    304
 187      3     29     60    304
 188      3     70     60    304
 189      3   2082     60    304
 190      3    324     60    304
 191      3    110     60    304
 192      1    193     91    244
 193      1     28     91    244
 194      1     25      1    365
 195      3    342      1    365
 196      3     72     60    304
 197      3    262     60    304
 198      3     83     60    304
 199      5      3      1    365
 200      3    131     60    304
 201      5      9      1    365
 202      3     37     60    304
 203      5    167      1    365
 204      5     80      1    365
 205      5    260      1    365
 206      5     73      1    365
 207      5     70      1    365
 208      5     55      1    365
 209      3     22     60    304
 210      1     28     32    304
 211      5     89     91    161
 212      3    153     60    304
 213      3   1333     60    304
 214      3     19     60    304
 215      5     22     60    244
 216      1     32      1    365
 217      3    100     60    304
 218      5     14      1    365
 219      5     26      1    365
 220      3     36     60    304
 221      3    830      1    365
 222      5    143     60    244
 223      5      9      1    365
 224      5    129      1    365
 225      3    167     60    304
 226      3    107     60    304
 227      5    189      1    365
 228      5     30      1    365
 229      3     22     60    304
 230      3    262     60    304
 231      3   1111     60    304
 232      3    328     60    304
 233      1    140      1    365
 234      3     21     60    273
 235      3    255     60    304
 236      5    442      1    365
 237      5    114      1    365
 238      3    868     60    304
 239      3    298     60    304
 240      3     69     60    304
 241      5     24      1    365
 242      5     45      1    365
 243      1    174      1    365
 244      1    126      1    365
 245      1    131      1    365
 246      1     74      1    365
 247      5    100     60    213
 248      5     17      1    365
 249      5     80     60    244
 250      5   1427      1    365
 251      3    178     91    288
 252      5    457      1    365
 253      1     64      1    365
 254      3     29    105    273
 999      0      0      1    365
