   1      3     99     60    304
   2      3     78     60    304
   3      3     50     60    304
   4      3     20      1    365
   5      3   1220     60    304
   6      3   1633     60    304
   7      3   1605     60    304
   8      3      9      1    365
   9      3   2852     60    304
  10      3   2843     60    304
  11      3    339     60    304
  12      5    112      1    365
  13      5      8     60    182
  14      5     34     60    213
  15      5    112      1    365
  16      5     56     60    213
  17      5      4     91    365
  18      5    134     32    365
  19      5     33      1    365
  20      5    144     60    304
  21      5    145    121    244
  22      5    146     91    213
  23      5    559     60    274
  24      5     12     91    244
  25      5    209      1    258
  26      5    157     91    213
  27      5     11     91    244
  28      5     26     32    335
  29      5     48     60    244
  30      5    335     60    244
  31      1     34      1    365
  32      1     24      1    365
  33      1     52     60    213
  34      1     27     60    274
  35      1    113      1    365
  36      1     83      1    365
  37      1     14     60    244
  38      1     59      1    365
  39      1     23     32    244
  40      1     24      1    365
  41      1     80     32    244
  42      1    194     91    365
  43      1     93     60    365
  44      1    144     60    244
  45      1    179     91    244
  46      1     50     91    213
  47      1    218      1    274
  48      1     16     91    305
  49      1    256      1    258
  50      1    128     32    166
  51      1     70     60    166
  52      1     43      1    365
  53      1     66     60    293
  54      1     43     91    213
  55      1     97     60    152
  56      1    245     60    244
  57      1    172     60    304
  58      1    175     91    182
  59      1     89     60    182
  60      5     51      1    365
  61      5    304      1    365
  62      1    139      1    365
  63      5    119      1    365
  64      1      8      1    365
  65      1     58      1    365
  66      1    155      1    365
  67      1      6      1    365
  68      5    164      1    365
  69      5     58      1    365
  70      1     37      1    365
  71      1     78      1    365
  72      5     49      1    365
  73      1    514      1    365
  74      3     47     60    304
  75      5     37      1    365
  76      1    105      1    365
  77      1    134      1    365
  78      1    230      1    365
  79      3     17     60    304
  80      1    239      1    365
  81      1    192      1    365
  82      3     31     60    304
  83      3      9     60    304
  84      5     21      1    365
  85      3      8     60    304
  86      3     16     60    304
  87      3     17     60    304
  88      3     19     60    304
  89      3     83     60    304
  90      3     53     60    304
  91      3     90     60    304
  92      1     50      1    365
  93      1     10      1    365
  94      3    265     60    304
  95      3    169     60    304
  96      1     97      1    365
  97      1     12      1    365
  98      3     91     60    304
  99      3     85     60    304
 100      3     22     60    304
 101      1    163      1    365
 102      1    134      1    365
 103      1    182      1    365
 104      1     35      1    365
 105      3      9     60    304
 106      3    152     60    304
 107      3     97     60    304
 108      3    149     60    304
 109      3     65     60    304
 110      3      7     60    304
 111      3     44     60    304
 112      1     30     60    244
 113      5     34      1    365
 114      3     54     60    304
 115      3     43     60    304
 116      3     31     60    304
 117      5    749      1    365
 118      3     11     60    304
 119      3    102     60    304
 120      3      2     60    304
 121      3      1     60    304
 122      3    548     60    304
 123      3     59     60    304
 124      3    777     60    304
 125      3    239     60    304
 126      3     56     60    304
 127      3    363     60    304
 128      3    457     60    304
 129      3    413     60    304
 130      3    339     60    304
 131      5     66      1    365
 132      3    196     60    304
 133      3     84     60    304
 134      3      9     60    304
 135      3     62     60    304
 136      3     40     60    304
 137      5     39      1    196
 138      5     22      1    365
 139      3     14     60    304
 140      3    163     60    304
 141      3     92     60    304
 142      3    692     60    304
 143      3    441     60    304
 144      3    139     60    304
 145      3     11     60    304
 146      5    224      1    365
 147      3    495     60    304
 148      3    167     60    304
 149      3     28     60    304
 150      1     27      1    365
 151      1     70      1    365
 152      1     51      1    365
 153      3     22     60    304
 154      3     18     60    304
 155      5     51      1    365
 156      1    179      1    365
 157      1    163      1    365
 158      3    167     60    304
 159      5   2679      1    365
 160      5  10723      1    365
 161      5   3798      1    365
 162      1    828      1    365
 163      1    709      1    365
 164      5      5      1    365
 165      5     67      1    365
 166      1     60     91    258
 167      5      8     60    274
 168      5     83     32    244
 169      5     22      1    365
 170      5     37      1    365
 171      3     80     60    304
 172      5     78     32    244
 173      5     37      1    365
 174      5   7362      1    365
 175      1     35      1    365
 176      3     61     60    304
 177      3    101     60    304
 178      3     40     60    304
 179      3     32     60    304
 180      3     19     60    304
 181      5     31      1    365
 182      3   1208     60    304
 183      3    770     60    304
 184      3     20     60    304
 185      3     13     60    304
 186      3     37     60    304
 187      3     31     60    304
 188      3     41     60    304
 189      3   2281     60    304
 190      3    355     60    304
 191      3    121     60    304
 192      1    126     91    244
 193      1     19     91    244
 194      1     16      1    365
 195      3    201      1    365
 196      3     42     60    304
 197      3    287     60    304
 198      3     82     60    304
 199      5      3      1    365
 200      3    131     60    304
 201      5     10      1    365
 202      3     37     60    304
 203      5    172      1    365
 204      5     83      1    365
 205      5    269      1    365
 206      5     75      1    365
 207      5     70      1    365
 208      5     57      1    365
 209      3     22     60    304
 210      1     19     32    304
 211      5    127     91    161
 212      3    153     60    304
 213      3   1332     60    304
 214      3     20     60    304
 215      5     23     60    244
 216      1     21      1    365
 217      3    100     60    304
 218      5     21      1    365
 219      5     37      1    365
 220      3     39     60    304
 221      3    698      1    365
 222      5    206     60    244
 223      5     12      1    365
 224      5    185      1    365
 225      3    167     60    304
 226      3    107     60    304
 227      5    195      1    365
 228      5     31      1    365
 229      3     22     60    304
 230      3    548     60    304
 231      3    652     60    304
 232      3    276     60    304
 233      1     91      1    365
 234      3     24     60    273
 235      3    150     60    304
 236      5   1496      1    365
 237      5    164      1    365
 238      3    730     60    304
 239      3    250     60    304
 240      3     58     60    304
 241      5     25      1    365
 242      5     46      1    365
 243      1    113      1    365
 244      1     82      1    365
 245      1     86      1    365
 246      1     74      1    365
 247      5    144     60    213
 248      5     25      1    365
 249      5    115     60    244
 250      5   1184      1    365
 251      3    371     91    288
 252      5    658      1    365
 253      1     42      1    365
 254      3     31    105    273
 999      0      0      1    365
