   1      3     82     60    304
   2      3    115     60    304
   3      3     50     60    304
   4      3     17      1    365
   5      3   1263     60    304
   6      3   1690     60    304
   7      3   1605     60    304
   8      3     14      1    365
   9      3   2952     60    304
  10      3   2943     60    304
  11      3    543     60    304
  12      5    105      1    365
  13      5      2     60    182
  14      5     32     60    213
  15      5    105      1    365
  16      5     52     60    213
  17      5      1     91    365
  18      5    125     32    365
  19      5     31      1    365
  20      5     41     60    304
  21      5    134    121    244
  22      5    223     91    213
  23      5    517     60    274
  24      5      4     91    244
  25      5    196      1    258
  26      5    145     91    213
  27      5     10     91    244
  28      5     24     32    335
  29      5     46     60    244
  30      5    310     60    244
  31      1     41      1    365
  32      1     30      1    365
  33      1     64     60    213
  34      1     33     60    274
  35      1    140      1    365
  36      1    103      1    365
  37      1     17     60    244
  38      1     73      1    365
  39      1     29     32    244
  40      1     30      1    365
  41      1     99     32    244
  42      1    230     91    365
  43      1    110     60    365
  44      1    170     60    244
  45      1    211     91    244
  46      1     60     91    213
  47      1    257      1    274
  48      1     18     91    305
  49      1    303      1    258
  50      1    152     32    166
  51      1     83     60    166
  52      1     51      1    365
  53      1     78     60    293
  54      1     51     91    213
  55      1    115     60    152
  56      1    290     60    244
  57      1    166     60    304
  58      1    207     91    182
  59      1    110     60    182
  60      5     48      1    365
  61      5     88      1    365
  62      1    172      1    365
  63      5     34      1    365
  64      1      9      1    365
  65      1     69      1    365
  66      1    184      1    365
  67      1      7      1    365
  68      5     47      1    365
  69      5     17      1    365
  70      1     46      1    365
  71      1     92      1    365
  72      5     14      1    365
  73      1    592      1    365
  74      3     39     60    304
  75      5     11      1    365
  76      1    101      1    365
  77      1    129      1    365
  78      1    221      1    365
  79      3     25     60    304
  80      1    230      1    365
  81      1    184      1    365
  82      3     26     60    304
  83      3      8     60    304
  84      5      6      1    365
  85      3     12     60    304
  86      3     23     60    304
  87      3     28     60    304
  88      3     16     60    304
  89      3     69     60    304
  90      3     53     60    304
  91      3    134     60    304
  92      1     62      1    365
  93      1     13      1    365
  94      3    219     60    304
  95      3    169     60    304
  96      1    115      1    365
  97      1     14      1    365
  98      3    146     60    304
  99      3    136     60    304
 100      3     23     60    304
 101      1    157      1    365
 102      1    129      1    365
 103      1    175      1    365
 104      1     43      1    365
 105      3     14     60    304
 106      3    126     60    304
 107      3     97     60    304
 108      3    107     60    304
 109      3     47     60    304
 110      3      7     60    304
 111      3     70     60    304
 112      1     37     60    244
 113      5     31      1    365
 114      3     86     60    304
 115      3     43     60    304
 116      3     50     60    304
 117      5    692      1    365
 118      3      9     60    304
 119      3     74     60    304
 120      3      2     60    304
 121      3      1     60    304
 122      3    396     60    304
 123      3     59     60    304
 124      3    805     60    304
 125      3    383     60    304
 126      3     40     60    304
 127      3    537     60    304
 128      3    473     60    304
 129      3    428     60    304
 130      3    543     60    304
 131      5     19      1    365
 132      3    162     60    304
 133      3     60     60    304
 134      3     14     60    304
 135      3     92     60    304
 136      3     40     60    304
 137      5     36      1    196
 138      5     20      1    365
 139      3     12     60    304
 140      3    169     60    304
 141      3     95     60    304
 142      3    572     60    304
 143      3    441     60    304
 144      3    101     60    304
 145      3     12     60    304
 146      5    207      1    365
 147      3    733     60    304
 148      3    121     60    304
 149      3     20     60    304
 150      1     32      1    365
 151      1     83      1    365
 152      1     63      1    365
 153      3     36     60    304
 154      3     18     60    304
 155      5     48      1    365
 156      1    222      1    365
 157      1    193      1    365
 158      3    121     60    304
 159      5   2517      1    365
 160      5  10072      1    365
 161      5   3568      1    365
 162      1   1023      1    365
 163      1    682      1    365
 164      5      5      1    365
 165      5     62      1    365
 166      1     74     91    258
 167      5      7     60    274
 168      5     78     32    244
 169      5     20      1    365
 170      5     34      1    365
 171      3    128     60    304
 172      5     73     32    244
 173      5     11      1    365
 174      5   6915      1    365
 175      1     41      1    365
 176      3     51     60    304
 177      3    150     60    304
 178      3     64     60    304
 179      3     32     60    304
 180      3     30     60    304
 181      5     29      1    365
 182      3    999     60    304
 183      3    770     60    304
 184      3     30     60    304
 185      3     13     60    304
 186      3     27     60    304
 187      3     26     60    304
 188      3     66     60    304
 189      3   1886     60    304
 190      3    293     60    304
 191      3    100     60    304
 192      1    156     91    244
 193      1     23     91    244
 194      1     20      1    365
 195      3    321      1    365
 196      3     68     60    304
 197      3    237     60    304
 198      3    122     60    304
 199      5      3      1    365
 200      3    194     60    304
 201      5      9      1    365
 202      3     55     60    304
 203      5    162      1    365
 204      5     78      1    365
 205      5    253      1    365
 206      5     71      1    365
 207      5     70      1    365
 208      5     54      1    365
 209      3     32     60    304
 210      1     23     32    304
 211      5     37     91    161
 212      3    226     60    304
 213      3   1974     60    304
 214      3     17     60    304
 215      5     21     60    244
 216      1     26      1    365
 217      3    148     60    304
 218      5      6      1    365
 219      5     11      1    365
 220      3     32     60    304
 221      3    723      1    365
 222      5     59     60    244
 223      5      4      1    365
 224      5     53      1    365
 225      3    247     60    304
 226      3    107     60    304
 227      5    183      1    365
 228      5     29      1    365
 229      3     32     60    304
 230      3    396     60    304
 231      3   1044     60    304
 232      3    285     60    304
 233      1    113      1    365
 234      3     19     60    273
 235      3    240     60    304
 236      5   2275      1    365
 237      5     47      1    365
 238      3    755     60    304
 239      3    259     60    304
 240      3     60     60    304
 241      5     23      1    365
 242      5     43      1    365
 243      1    140      1    365
 244      1    102      1    365
 245      1    106      1    365
 246      1     74      1    365
 247      5     41     60    213
 248      5      7      1    365
 249      5     33     60    244
 250      5   1147      1    365
 251      3    269     91    288
 252      5    189      1    365
 253      1     52      1    365
 254      3     26    105    273
 999      0      0      1    365
