   1      3     95     60    304
   2      3     98     60    304
   3      3     50     60    304
   4      3     20      1    365
   5      3   1253     60    304
   6      3   1677     60    304
   7      3   1605     60    304
   8      3     12      1    365
   9      3   2929     60    304
  10      3   2919     60    304
  11      3    625     60    304
  12      5    105      1    365
  13      5      9     60    182
  14      5     32     60    213
  15      5    105      1    365
  16      5     41     60    213
  17      5      5     91    365
  18      5    125     32    365
  19      5     31      1    365
  20      5    158     60    304
  21      5    108    121    244
  22      5     15     91    213
  23      5    414     60    274
  24      5     14     91    244
  25      5    196      1    258
  26      5    116     91    213
  27      5      8     91    244
  28      5     24     32    335
  29      5     46     60    244
  30      5    249     60    244
  31      1     29      1    365
  32      1     21      1    365
  33      1     45     60    213
  34      1     23     60    274
  35      1     98      1    365
  36      1     72      1    365
  37      1     12     60    244
  38      1     51      1    365
  39      1     20     32    244
  40      1     21      1    365
  41      1     69     32    244
  42      1    249     91    365
  43      1    119     60    365
  44      1    184     60    244
  45      1    229     91    244
  46      1     65     91    213
  47      1    279      1    274
  48      1     20     91    305
  49      1    329      1    258
  50      1    164     32    166
  51      1     90     60    166
  52      1     55      1    365
  53      1     85     60    293
  54      1     55     91    213
  55      1    124     60    152
  56      1    314     60    244
  57      1     21     60    304
  58      1    224     91    182
  59      1     77     60    182
  60      5     48      1    365
  61      5    334      1    365
  62      1    120      1    365
  63      5    131      1    365
  64      1     10      1    365
  65      1     75      1    365
  66      1    199      1    365
  67      1      5      1    365
  68      5    181      1    365
  69      5     63      1    365
  70      1     32      1    365
  71      1    100      1    365
  72      5     54      1    365
  73      1    299      1    365
  74      3     45     60    304
  75      5     41      1    365
  76      1     13      1    365
  77      1     16      1    365
  78      1     28      1    365
  79      3     22     60    304
  80      1     29      1    365
  81      1     23      1    365
  82      3     30     60    304
  83      3      9     60    304
  84      5     23      1    365
  85      3     10     60    304
  86      3     20     60    304
  87      3     32     60    304
  88      3     18     60    304
  89      3     80     60    304
  90      3     53     60    304
  91      3    114     60    304
  92      1     43      1    365
  93      1      9      1    365
  94      3    255     60    304
  95      3    169     60    304
  96      1    124      1    365
  97      1     15      1    365
  98      3    168     60    304
  99      3    156     60    304
 100      3     23     60    304
 101      1     20      1    365
 102      1     16      1    365
 103      1     22      1    365
 104      1     30      1    365
 105      3     16     60    304
 106      3    146     60    304
 107      3     97     60    304
 108      3    202     60    304
 109      3     89     60    304
 110      3      7     60    304
 111      3     80     60    304
 112      1     26     60    244
 113      5     25      1    365
 114      3     99     60    304
 115      3     43     60    304
 116      3     57     60    304
 117      5    555      1    365
 118      3     11     60    304
 119      3    139     60    304
 120      3      2     60    304
 121      3      1     60    304
 122      3    746     60    304
 123      3     59     60    304
 124      3    798     60    304
 125      3    441     60    304
 126      3     76     60    304
 127      3    457     60    304
 128      3    469     60    304
 129      3    424     60    304
 130      3    625     60    304
 131      5     72      1    365
 132      3    188     60    304
 133      3    114     60    304
 134      3     12     60    304
 135      3     79     60    304
 136      3     40     60    304
 137      5     36      1    196
 138      5     20      1    365
 139      3     14     60    304
 140      3    167     60    304
 141      3     94     60    304
 142      3    664     60    304
 143      3    441     60    304
 144      3    190     60    304
 145      3     11     60    304
 146      5    166      1    365
 147      3    624     60    304
 148      3    228     60    304
 149      3     38     60    304
 150      1     35      1    365
 151      1     90      1    365
 152      1     44      1    365
 153      3     41     60    304
 154      3     18     60    304
 155      5     48      1    365
 156      1    155      1    365
 157      1    209      1    365
 158      3    228     60    304
 159      5   2517      1    365
 160      5  10071      1    365
 161      5   3568      1    365
 162      1    717      1    365
 163      1     86      1    365
 164      5      5      1    365
 165      5     50      1    365
 166      1     52     91    258
 167      5      7     60    274
 168      5     78     32    244
 169      5     20      1    365
 170      5     34      1    365
 171      3    147     60    304
 172      5     73     32    244
 173      5     41      1    365
 174      5   6915      1    365
 175      1     45      1    365
 176      3     59     60    304
 177      3    128     60    304
 178      3     73     60    304
 179      3     32     60    304
 180      3     34     60    304
 181      5     29      1    365
 182      3   1160     60    304
 183      3    770     60    304
 184      3     26     60    304
 185      3     13     60    304
 186      3     51     60    304
 187      3     30     60    304
 188      3     76     60    304
 189      3   2191     60    304
 190      3    340     60    304
 191      3    116     60    304
 192      1    109     91    244
 193      1     16     91    244
 194      1     14      1    365
 195      3    370      1    365
 196      3     78     60    304
 197      3    276     60    304
 198      3    104     60    304
 199      5      3      1    365
 200      3    165     60    304
 201      5      9      1    365
 202      3     47     60    304
 203      5    162      1    365
 204      5     78      1    365
 205      5    253      1    365
 206      5     71      1    365
 207      5     70      1    365
 208      5     54      1    365
 209      3     27     60    304
 210      1     16     32    304
 211      5    140     91    161
 212      3    192     60    304
 213      3   1680     60    304
 214      3     20     60    304
 215      5     21     60    244
 216      1     18      1    365
 217      3    126     60    304
 218      5     23      1    365
 219      5     41      1    365
 220      3     38     60    304
 221      3    717      1    365
 222      5    226     60    244
 223      5     14      1    365
 224      5    203      1    365
 225      3    210     60    304
 226      3    107     60    304
 227      5    183      1    365
 228      5     29      1    365
 229      3     27     60    304
 230      3    746     60    304
 231      3   1201     60    304
 232      3    283     60    304
 233      1     79      1    365
 234      3     23     60    273
 235      3    276     60    304
 236      5    150      1    365
 237      5    181      1    365
 238      3    749     60    304
 239      3    257     60    304
 240      3     60     60    304
 241      5     23      1    365
 242      5     43      1    365
 243      1     98      1    365
 244      1     71      1    365
 245      1     74      1    365
 246      1     74      1    365
 247      5    158     60    213
 248      5     27      1    365
 249      5    126     60    244
 250      5   2463      1    365
 251      3    506     91    288
 252      5    723      1    365
 253      1     36      1    365
 254      3     30    105    273
 999      0      0      1    365
