   1      3     66     60    304
   2      3     55     60    304
   3      3     50     60    304
   4      3     14      1    365
   5      3   1301     60    304
   6      3   1741     60    304
   7      3   1605     60    304
   8      3      7      1    365
   9      3   3041     60    304
  10      3   3031     60    304
  11      3    419     60    304
  12      5    111      1    365
  13      5     10     60    182
  14      5     34     60    213
  15      5    111      1    365
  16      5     36     60    213
  17      5      5     91    365
  18      5    133     32    365
  19      5     33      1    365
  20      5    180     60    304
  21      5     93    121    244
  22      5     63     91    213
  23      5    357     60    274
  24      5     15     91    244
  25      5    208      1    258
  26      5    100     91    213
  27      5      7     91    244
  28      5     26     32    335
  29      5     48     60    244
  30      5    214     60    244
  31      1     55      1    365
  32      1     40      1    365
  33      1     85     60    213
  34      1     43     60    274
  35      1    185      1    365
  36      1    136      1    365
  37      1     23     60    244
  38      1     96      1    365
  39      1     38     32    244
  40      1     40      1    365
  41      1    130     32    244
  42      1    103     91    365
  43      1     50     60    365
  44      1     77     60    244
  45      1     95     91    244
  46      1     27     91    213
  47      1    116      1    274
  48      1      8     91    305
  49      1    137      1    258
  50      1     68     32    166
  51      1     37     60    166
  52      1     23      1    365
  53      1     35     60    293
  54      1     23     91    213
  55      1     52     60    152
  56      1    130     60    244
  57      1    152     60    304
  58      1     93     91    182
  59      1    145     60    182
  60      5     50      1    365
  61      5    381      1    365
  62      1    226      1    365
  63      5    149      1    365
  64      1      4      1    365
  65      1     31      1    365
  66      1     83      1    365
  67      1      9      1    365
  68      5    206      1    365
  69      5     72      1    365
  70      1     60      1    365
  71      1     41      1    365
  72      5     62      1    365
  73      1   1389      1    365
  74      3     31     60    304
  75      5     46      1    365
  76      1     93      1    365
  77      1    118      1    365
  78      1    203      1    365
  79      3     12     60    304
  80      1    211      1    365
  81      1    169      1    365
  82      3     21     60    304
  83      3      6     60    304
  84      5     26      1    365
  85      3      6     60    304
  86      3     11     60    304
  87      3     22     60    304
  88      3     13     60    304
  89      3     55     60    304
  90      3     53     60    304
  91      3     64     60    304
  92      1     81      1    365
  93      1     17      1    365
  94      3    176     60    304
  95      3    169     60    304
  96      1     52      1    365
  97      1      6      1    365
  98      3    112     60    304
  99      3    105     60    304
 100      3     24     60    304
 101      1    144      1    365
 102      1    118      1    365
 103      1    161      1    365
 104      1     57      1    365
 105      3     11     60    304
 106      3    101     60    304
 107      3     97     60    304
 108      3    164     60    304
 109      3     72     60    304
 110      3      7     60    304
 111      3     54     60    304
 112      1     49     60    244
 113      5     21      1    365
 114      3     66     60    304
 115      3     43     60    304
 116      3     39     60    304
 117      5    478      1    365
 118      3      7     60    304
 119      3    113     60    304
 120      3      1     60    304
 121      3      1     60    304
 122      3    604     60    304
 123      3     59     60    304
 124      3    829     60    304
 125      3    296     60    304
 126      3     61     60    304
 127      3    257     60    304
 128      3    487     60    304
 129      3    440     60    304
 130      3    419     60    304
 131      5     82      1    365
 132      3    130     60    304
 133      3     92     60    304
 134      3      7     60    304
 135      3     44     60    304
 136      3     40     60    304
 137      5     39      1    196
 138      5     21      1    365
 139      3      9     60    304
 140      3    174     60    304
 141      3     98     60    304
 142      3    459     60    304
 143      3    441     60    304
 144      3    154     60    304
 145      3     12     60    304
 146      5    143      1    365
 147      3    351     60    304
 148      3    184     60    304
 149      3     31     60    304
 150      1     14      1    365
 151      1     37      1    365
 152      1     83      1    365
 153      3     28     60    304
 154      3     18     60    304
 155      5     50      1    365
 156      1    292      1    365
 157      1     87      1    365
 158      3    184     60    304
 159      5   2667      1    365
 160      5  10673      1    365
 161      5   3780      1    365
 162      1   1349      1    365
 163      1    625      1    365
 164      5      5      1    365
 165      5     43      1    365
 166      1     98     91    258
 167      5      8     60    274
 168      5     83     32    244
 169      5     21      1    365
 170      5     36      1    365
 171      3     99     60    304
 172      5     77     32    244
 173      5     46      1    365
 174      5   7327      1    365
 175      1     19      1    365
 176      3     41     60    304
 177      3     72     60    304
 178      3     49     60    304
 179      3     32     60    304
 180      3     23     60    304
 181      5     31      1    365
 182      3    802     60    304
 183      3    770     60    304
 184      3     14     60    304
 185      3     13     60    304
 186      3     41     60    304
 187      3     21     60    304
 188      3     51     60    304
 189      3   1515     60    304
 190      3    235     60    304
 191      3     80     60    304
 192      1    206     91    244
 193      1     30     91    244
 194      1     26      1    365
 195      3    248      1    365
 196      3     52     60    304
 197      3    191     60    304
 198      3     59     60    304
 199      5      3      1    365
 200      3     93     60    304
 201      5     10      1    365
 202      3     27     60    304
 203      5    171      1    365
 204      5     83      1    365
 205      5    268      1    365
 206      5     75      1    365
 207      5     70      1    365
 208      5     57      1    365
 209      3     15     60    304
 210      1     30     32    304
 211      5    160     91    161
 212      3    108     60    304
 213      3    946     60    304
 214      3     14     60    304
 215      5     23     60    244
 216      1     34      1    365
 217      3     71     60    304
 218      5     26      1    365
 219      5     46      1    365
 220      3     26     60    304
 221      3    744      1    365
 222      5    258     60    244
 223      5     15      1    365
 224      5    232      1    365
 225      3    118     60    304
 226      3    107     60    304
 227      5    194      1    365
 228      5     31      1    365
 229      3     15     60    304
 230      3    604     60    304
 231      3    805     60    304
 232      3    294     60    304
 233      1    149      1    365
 234      3     16     60    273
 235      3    185     60    304
 236      5    647      1    365
 237      5    206      1    365
 238      3    778     60    304
 239      3    267     60    304
 240      3     62     60    304
 241      5     25      1    365
 242      5     46      1    365
 243      1    185      1    365
 244      1    134      1    365
 245      1    140      1    365
 246      1     74      1    365
 247      5    180     60    213
 248      5     31      1    365
 249      5    144     60    244
 250      5   2730      1    365
 251      3    410     91    288
 252      5    825      1    365
 253      1     68      1    365
 254      3     21    105    273
 999      0      0      1    365
