   1      3     74     60    304
   2      3     75     60    304
   3      3     50     60    304
   4      3     15      1    365
   5      3   1365     60    304
   6      3   1827     60    304
   7      3   1605     60    304
   8      3      9      1    365
   9      3   3192     60    304
  10      3   3181     60    304
  11      3    283     60    304
  12      5    109      1    365
  13      5      9     60    182
  14      5     34     60    213
  15      5    109      1    365
  16      5     25     60    213
  17      5      4     91    365
  18      5    130     32    365
  19      5     33      1    365
  20      5    150     60    304
  21      5     65    121    244
  22      5     43     91    213
  23      5    249     60    274
  24      5     13     91    244
  25      5    204      1    258
  26      5     70     91    213
  27      5      5     91    244
  28      5     25     32    335
  29      5     47     60    244
  30      5    150     60    244
  31      1     33      1    365
  32      1     24      1    365
  33      1     51     60    213
  34      1     26     60    274
  35      1    111      1    365
  36      1     81      1    365
  37      1     14     60    244
  38      1     58      1    365
  39      1     23     32    244
  40      1     24      1    365
  41      1     78     32    244
  42      1    230     91    365
  43      1    110     60    365
  44      1    170     60    244
  45      1    212     91    244
  46      1     60     91    213
  47      1    258      1    274
  48      1     18     91    305
  49      1    304      1    258
  50      1    152     32    166
  51      1     83     60    166
  52      1     51      1    365
  53      1     78     60    293
  54      1     51     91    213
  55      1    115     60    152
  56      1    290     60    244
  57      1    156     60    304
  58      1    207     91    182
  59      1     87     60    182
  60      5     49      1    365
  61      5    316      1    365
  62      1    135      1    365
  63      5    124      1    365
  64      1      9      1    365
  65      1     69      1    365
  66      1    184      1    365
  67      1      6      1    365
  68      5    171      1    365
  69      5     60      1    365
  70      1     36      1    365
  71      1     92      1    365
  72      5     51      1    365
  73      1   3035      1    365
  74      3     35     60    304
  75      5     38      1    365
  76      1     95      1    365
  77      1    121      1    365
  78      1    207      1    365
  79      3     16     60    304
  80      1    216      1    365
  81      1    173      1    365
  82      3     23     60    304
  83      3      7     60    304
  84      5     21      1    365
  85      3      7     60    304
  86      3     15     60    304
  87      3     15     60    304
  88      3     14     60    304
  89      3     62     60    304
  90      3     53     60    304
  91      3     87     60    304
  92      1     49      1    365
  93      1     10      1    365
  94      3    198     60    304
  95      3    169     60    304
  96      1    115      1    365
  97      1     14      1    365
  98      3     76     60    304
  99      3     71     60    304
 100      3     25     60    304
 101      1    147      1    365
 102      1    121      1    365
 103      1    164      1    365
 104      1     34      1    365
 105      3      7     60    304
 106      3    114     60    304
 107      3     97     60    304
 108      3    100     60    304
 109      3     44     60    304
 110      3      7     60    304
 111      3     36     60    304
 112      1     29     60    244
 113      5     15      1    365
 114      3     45     60    304
 115      3     43     60    304
 116      3     26     60    304
 117      5    334      1    365
 118      3      8     60    304
 119      3     69     60    304
 120      3      1     60    304
 121      3      1     60    304
 122      3    369     60    304
 123      3     59     60    304
 124      3    870     60    304
 125      3    200     60    304
 126      3     38     60    304
 127      3    349     60    304
 128      3    511     60    304
 129      3    462     60    304
 130      3    283     60    304
 131      5     68      1    365
 132      3    147     60    304
 133      3     56     60    304
 134      3      9     60    304
 135      3     60     60    304
 136      3     40     60    304
 137      5     38      1    196
 138      5     21      1    365
 139      3     11     60    304
 140      3    182     60    304
 141      3    102     60    304
 142      3    518     60    304
 143      3    441     60    304
 144      3     94     60    304
 145      3     13     60    304
 146      5    100      1    365
 147      3    476     60    304
 148      3    113     60    304
 149      3     19     60    304
 150      1     32      1    365
 151      1     83      1    365
 152      1     50      1    365
 153      3     19     60    304
 154      3     18     60    304
 155      5     49      1    365
 156      1    175      1    365
 157      1    193      1    365
 158      3    113     60    304
 159      5   2617      1    365
 160      5  10475      1    365
 161      5   3710      1    365
 162      1    807      1    365
 163      1    640      1    365
 164      5      5      1    365
 165      5     30      1    365
 166      1     59     91    258
 167      5      7     60    274
 168      5     81     32    244
 169      5     21      1    365
 170      5     36      1    365
 171      3     67     60    304
 172      5     76     32    244
 173      5     38      1    365
 174      5   7191      1    365
 175      1     41      1    365
 176      3     46     60    304
 177      3     97     60    304
 178      3     33     60    304
 179      3     32     60    304
 180      3     16     60    304
 181      5     31      1    365
 182      3    904     60    304
 183      3    770     60    304
 184      3     19     60    304
 185      3     13     60    304
 186      3     25     60    304
 187      3     23     60    304
 188      3     34     60    304
 189      3   1707     60    304
 190      3    265     60    304
 191      3     90     60    304
 192      1    123     91    244
 193      1     18     91    244
 194      1     16      1    365
 195      3    167      1    365
 196      3     35     60    304
 197      3    215     60    304
 198      3     79     60    304
 199      5      3      1    365
 200      3    126     60    304
 201      5      9      1    365
 202      3     36     60    304
 203      5    168      1    365
 204      5     81      1    365
 205      5    263      1    365
 206      5     74      1    365
 207      5     70      1    365
 208      5     56      1    365
 209      3     21     60    304
 210      1     18     32    304
 211      5    133     91    161
 212      3    147     60    304
 213      3   1282     60    304
 214      3     15     60    304
 215      5     22     60    244
 216      1     20      1    365
 217      3     96     60    304
 218      5     21      1    365
 219      5     38      1    365
 220      3     29     60    304
 221      3    781      1    365
 222      5    214     60    244
 223      5     13      1    365
 224      5    192      1    365
 225      3    160     60    304
 226      3    107     60    304
 227      5    190      1    365
 228      5     31      1    365
 229      3     21     60    304
 230      3    369     60    304
 231      3    544     60    304
 232      3    309     60    304
 233      1     89      1    365
 234      3     18     60    273
 235      3    125     60    304
 236      5    436      1    365
 237      5    171      1    365
 238      3    816     60    304
 239      3    280     60    304
 240      3     65     60    304
 241      5     24      1    365
 242      5     45      1    365
 243      1    111      1    365
 244      1     80      1    365
 245      1     84      1    365
 246      1     74      1    365
 247      5    150     60    213
 248      5     26      1    365
 249      5    120     60    244
 250      5   2807      1    365
 251      3    250     91    288
 252      5    684      1    365
 253      1     41      1    365
 254      3     23    105    273
 999      0      0      1    365
