   1      3     93     60    304
   2      3     84     60    304
   3      3     50     60    304
   4      3     19      1    365
   5      3   1298     60    304
   6      3   1738     60    304
   7      3   1605     60    304
   8      3     10      1    365
   9      3   3034     60    304
  10      3   3025     60    304
  11      3    442     60    304
  12      5    110      1    365
  13      5      8     60    182
  14      5     34     60    213
  15      5    110      1    365
  16      5     38     60    213
  17      5      4     91    365
  18      5    132     32    365
  19      5     33      1    365
  20      5    146     60    304
  21      5     99    121    244
  22      5    107     91    213
  23      5    381     60    274
  24      5     12     91    244
  25      5    206      1    258
  26      5    107     91    213
  27      5      8     91    244
  28      5     25     32    335
  29      5     48     60    244
  30      5    229     60    244
  31      1     53      1    365
  32      1     38      1    365
  33      1     82     60    213
  34      1     42     60    274
  35      1    179      1    365
  36      1    131      1    365
  37      1     22     60    244
  38      1     93      1    365
  39      1     36     32    244
  40      1     38      1    365
  41      1    126     32    244
  42      1    178     91    365
  43      1     85     60    365
  44      1    132     60    244
  45      1    164     91    244
  46      1     46     91    213
  47      1    199      1    274
  48      1     14     91    305
  49      1    235      1    258
  50      1    117     32    166
  51      1     64     60    166
  52      1     39      1    365
  53      1     60     60    293
  54      1     39     91    213
  55      1     89     60    152
  56      1    224     60    244
  57      1    126     60    304
  58      1    160     91    182
  59      1    140     60    182
  60      5     50      1    365
  61      5    308      1    365
  62      1    219      1    365
  63      5    121      1    365
  64      1      7      1    365
  65      1     53      1    365
  66      1    142      1    365
  67      1      9      1    365
  68      5    166      1    365
  69      5     58      1    365
  70      1     58      1    365
  71      1     71      1    365
  72      5     50      1    365
  73      1    232      1    365
  74      3     44     60    304
  75      5     37      1    365
  76      1     77      1    365
  77      1     98      1    365
  78      1    168      1    365
  79      3     19     60    304
  80      1    175      1    365
  81      1    140      1    365
  82      3     30     60    304
  83      3      9     60    304
  84      5     21      1    365
  85      3      8     60    304
  86      3     17     60    304
  87      3     23     60    304
  88      3     18     60    304
  89      3     79     60    304
  90      3     53     60    304
  91      3     98     60    304
  92      1     78      1    365
  93      1     16      1    365
  94      3    250     60    304
  95      3    169     60    304
  96      1     89      1    365
  97      1     11      1    365
  98      3    119     60    304
  99      3    111     60    304
 100      3     24     60    304
 101      1    119      1    365
 102      1     98      1    365
 103      1    133      1    365
 104      1     55      1    365
 105      3     11     60    304
 106      3    144     60    304
 107      3     97     60    304
 108      3     83     60    304
 109      3     36     60    304
 110      3      7     60    304
 111      3     57     60    304
 112      1     47     60    244
 113      5     23      1    365
 114      3     70     60    304
 115      3     43     60    304
 116      3     41     60    304
 117      5    511      1    365
 118      3     10     60    304
 119      3     57     60    304
 120      3      2     60    304
 121      3      1     60    304
 122      3    307     60    304
 123      3     59     60    304
 124      3    827     60    304
 125      3    312     60    304
 126      3     31     60    304
 127      3    392     60    304
 128      3    486     60    304
 129      3    440     60    304
 130      3    442     60    304
 131      5     67      1    365
 132      3    185     60    304
 133      3     47     60    304
 134      3     10     60    304
 135      3     67     60    304
 136      3     40     60    304
 137      5     38      1    196
 138      5     21      1    365
 139      3     13     60    304
 140      3    173     60    304
 141      3     97     60    304
 142      3    653     60    304
 143      3    441     60    304
 144      3     78     60    304
 145      3     12     60    304
 146      5    153      1    365
 147      3    535     60    304
 148      3     94     60    304
 149      3     16     60    304
 150      1     25      1    365
 151      1     64      1    365
 152      1     80      1    365
 153      3     29     60    304
 154      3     18     60    304
 155      5     50      1    365
 156      1    283      1    365
 157      1    149      1    365
 158      3     94     60    304
 159      5   2639      1    365
 160      5  10560      1    365
 161      5   3741      1    365
 162      1   1304      1    365
 163      1    517      1    365
 164      5      5      1    365
 165      5     46      1    365
 166      1     95     91    258
 167      5      7     60    274
 168      5     82     32    244
 169      5     21      1    365
 170      5     36      1    365
 171      3    104     60    304
 172      5     76     32    244
 173      5     37      1    365
 174      5   7250      1    365
 175      1     32      1    365
 176      3     58     60    304
 177      3    109     60    304
 178      3     52     60    304
 179      3     32     60    304
 180      3     24     60    304
 181      5     31      1    365
 182      3   1140     60    304
 183      3    770     60    304
 184      3     22     60    304
 185      3     13     60    304
 186      3     21     60    304
 187      3     30     60    304
 188      3     54     60    304
 189      3   2154     60    304
 190      3    335     60    304
 191      3    114     60    304
 192      1    199     91    244
 193      1     29     91    244
 194      1     26      1    365
 195      3    262      1    365
 196      3     55     60    304
 197      3    271     60    304
 198      3     89     60    304
 199      5      3      1    365
 200      3    141     60    304
 201      5     10      1    365
 202      3     40     60    304
 203      5    170      1    365
 204      5     82      1    365
 205      5    265      1    365
 206      5     74      1    365
 207      5     70      1    365
 208      5     56      1    365
 209      3     24     60    304
 210      1     29     32    304
 211      5    129     91    161
 212      3    165     60    304
 213      3   1441     60    304
 214      3     19     60    304
 215      5     22     60    244
 216      1     33      1    365
 217      3    108     60    304
 218      5     21      1    365
 219      5     37      1    365
 220      3     37     60    304
 221      3    743      1    365
 222      5    208     60    244
 223      5     12      1    365
 224      5    187      1    365
 225      3    180     60    304
 226      3    107     60    304
 227      5    192      1    365
 228      5     31      1    365
 229      3     24     60    304
 230      3    307     60    304
 231      3    850     60    304
 232      3    293     60    304
 233      1    144      1    365
 234      3     22     60    273
 235      3    195     60    304
 236      5   1096      1    365
 237      5    166      1    365
 238      3    776     60    304
 239      3    266     60    304
 240      3     62     60    304
 241      5     24      1    365
 242      5     46      1    365
 243      1    179      1    365
 244      1    130      1    365
 245      1    135      1    365
 246      1     74      1    365
 247      5    146     60    213
 248      5     25      1    365
 249      5    116     60    244
 250      5   1927      1    365
 251      3    208     91    288
 252      5    665      1    365
 253      1     66      1    365
 254      3     30    105    273
 999      0      0      1    365
