   1      3     70     60    304
   2      3     53     60    304
   3      3     50     60    304
   4      3     14      1    365
   5      3   1297     60    304
   6      3   1737     60    304
   7      3   1605     60    304
   8      3      6      1    365
   9      3   3033     60    304
  10      3   3023     60    304
  11      3    680     60    304
  12      5    109      1    365
  13      5      4     60    182
  14      5     33     60    213
  15      5    109      1    365
  16      5      7     60    213
  17      5      2     91    365
  18      5    130     32    365
  19      5     32      1    365
  20      5     76     60    304
  21      5     19    121    244
  22      5     11     91    213
  23      5     72     60    274
  24      5      6     91    244
  25      5    203      1    258
  26      5     20     91    213
  27      5      1     91    244
  28      5     25     32    335
  29      5     47     60    244
  30      5     43     60    244
  31      1     69      1    365
  32      1     50      1    365
  33      1    107     60    213
  34      1     54     60    274
  35      1    232      1    365
  36      1    170      1    365
  37      1     28     60    244
  38      1    121      1    365
  39      1     47     32    244
  40      1     50      1    365
  41      1    163     32    244
  42      1    299     91    365
  43      1    143     60    365
  44      1    221     60    244
  45      1    275     91    244
  46      1     78     91    213
  47      1    335      1    274
  48      1     24     91    305
  49      1    394      1    258
  50      1    197     32    166
  51      1    108     60    166
  52      1     66      1    365
  53      1    102     60    293
  54      1     66     91    213
  55      1    149     60    152
  56      1    376     60    244
  57      1     81     60    304
  58      1    269     91    182
  59      1    182     60    182
  60      5     49      1    365
  61      5    160      1    365
  62      1    284      1    365
  63      5     63      1    365
  64      1     12      1    365
  65      1     90      1    365
  66      1    239      1    365
  67      1     12      1    365
  68      5     87      1    365
  69      5     30      1    365
  70      1     76      1    365
  71      1    119      1    365
  72      5     26      1    365
  73      1   3606      1    365
  74      3     33     60    304
  75      5     19      1    365
  76      1     49      1    365
  77      1     63      1    365
  78      1    107      1    365
  79      3     12     60    304
  80      1    112      1    365
  81      1     89      1    365
  82      3     22     60    304
  83      3      7     60    304
  84      5     11      1    365
  85      3      5     60    304
  86      3     11     60    304
  87      3     35     60    304
  88      3     13     60    304
  89      3     59     60    304
  90      3     53     60    304
  91      3     61     60    304
  92      1    102      1    365
  93      1     21      1    365
  94      3    188     60    304
  95      3    169     60    304
  96      1    149      1    365
  97      1     18      1    365
  98      3    182     60    304
  99      3    170     60    304
 100      3     24     60    304
 101      1     76      1    365
 102      1     63      1    365
 103      1     85      1    365
 104      1     71      1    365
 105      3     17     60    304
 106      3    108     60    304
 107      3     97     60    304
 108      3     49     60    304
 109      3     22     60    304
 110      3      7     60    304
 111      3     87     60    304
 112      1     62     60    244
 113      5      4      1    365
 114      3    107     60    304
 115      3     43     60    304
 116      3     62     60    304
 117      5     97      1    365
 118      3      8     60    304
 119      3     34     60    304
 120      3      1     60    304
 121      3      1     60    304
 122      3    182     60    304
 123      3     59     60    304
 124      3    827     60    304
 125      3    480     60    304
 126      3     19     60    304
 127      3    247     60    304
 128      3    486     60    304
 129      3    439     60    304
 130      3    680     60    304
 131      5     35      1    365
 132      3    139     60    304
 133      3     28     60    304
 134      3      6     60    304
 135      3     42     60    304
 136      3     40     60    304
 137      5     38      1    196
 138      5     21      1    365
 139      3     10     60    304
 140      3    173     60    304
 141      3     97     60    304
 142      3    489     60    304
 143      3    441     60    304
 144      3     46     60    304
 145      3     12     60    304
 146      5     29      1    365
 147      3    337     60    304
 148      3     56     60    304
 149      3      9     60    304
 150      1     42      1    365
 151      1    108      1    365
 152      1    104      1    365
 153      3     45     60    304
 154      3     18     60    304
 155      5     49      1    365
 156      1    367      1    365
 157      1    251      1    365
 158      3     56     60    304
 159      5   2602      1    365
 160      5  10414      1    365
 161      5   3689      1    365
 162      1   1693      1    365
 163      1    331      1    365
 164      5      5      1    365
 165      5      9      1    365
 166      1    123     91    258
 167      5      7     60    274
 168      5     81     32    244
 169      5     21      1    365
 170      5     36      1    365
 171      3    160     60    304
 172      5     75     32    244
 173      5     19      1    365
 174      5   7150      1    365
 175      1     54      1    365
 176      3     43     60    304
 177      3     69     60    304
 178      3     80     60    304
 179      3     32     60    304
 180      3     37     60    304
 181      5     30      1    365
 182      3    854     60    304
 183      3    770     60    304
 184      3     14     60    304
 185      3     13     60    304
 186      3     12     60    304
 187      3     22     60    304
 188      3     82     60    304
 189      3   1613     60    304
 190      3    251     60    304
 191      3     85     60    304
 192      1    258     91    244
 193      1     38     91    244
 194      1     33      1    365
 195      3    402      1    365
 196      3     85     60    304
 197      3    203     60    304
 198      3     56     60    304
 199      5      3      1    365
 200      3     89     60    304
 201      5      9      1    365
 202      3     25     60    304
 203      5    167      1    365
 204      5     81      1    365
 205      5    261      1    365
 206      5     73      1    365
 207      5     70      1    365
 208      5     55      1    365
 209      3     15     60    304
 210      1     38     32    304
 211      5     67     91    161
 212      3    104     60    304
 213      3    906     60    304
 214      3     14     60    304
 215      5     22     60    244
 216      1     43      1    365
 217      3     68     60    304
 218      5     11      1    365
 219      5     19      1    365
 220      3     28     60    304
 221      3    742      1    365
 222      5    108     60    244
 223      5      6      1    365
 224      5     97      1    365
 225      3    113     60    304
 226      3    107     60    304
 227      5    189      1    365
 228      5     30      1    365
 229      3     15     60    304
 230      3    182     60    304
 231      3   1307     60    304
 232      3    293     60    304
 233      1    187      1    365
 234      3     17     60    273
 235      3    300     60    304
 236      5    117      1    365
 237      5     87      1    365
 238      3    776     60    304
 239      3    266     60    304
 240      3     62     60    304
 241      5     24      1    365
 242      5     45      1    365
 243      1    232      1    365
 244      1    168      1    365
 245      1    175      1    365
 246      1     74      1    365
 247      5     76     60    213
 248      5     13      1    365
 249      5     61     60    244
 250      5   1848      1    365
 251      3    124     91    288
 252      5    346      1    365
 253      1     85      1    365
 254      3     22    105    273
 999      0      0      1    365
