   1      3     77     60    304
   2      3     63     60    304
   3      3     50     60    304
   4      3     16      1    365
   5      3   1398     60    304
   6      3   1871     60    304
   7      3   1605     60    304
   8      3      8      1    365
   9      3   3268     60    304
  10      3   3258     60    304
  11      3    613     60    304
  12      5    112      1    365
  13      5      3     60    182
  14      5     35     60    213
  15      5    112      1    365
  16      5     58     60    213
  17      5      2     91    365
  18      5    134     32    365
  19      5     34      1    365
  20      5     57     60    304
  21      5    150    121    244
  22      5     98     91    213
  23      5    579     60    274
  24      5      5     91    244
  25      5    210      1    258
  26      5    162     91    213
  27      5     12     91    244
  28      5     26     32    335
  29      5     49     60    244
  30      5    347     60    244
  31      1     55      1    365
  32      1     40      1    365
  33      1     86     60    213
  34      1     44     60    274
  35      1    187      1    365
  36      1    137      1    365
  37      1     23     60    244
  38      1     97      1    365
  39      1     38     32    244
  40      1     40      1    365
  41      1    132     32    244
  42      1     90     91    365
  43      1     43     60    365
  44      1     67     60    244
  45      1     83     91    244
  46      1     23     91    213
  47      1    101      1    274
  48      1      7     91    305
  49      1    119      1    258
  50      1     60     32    166
  51      1     33     60    166
  52      1     20      1    365
  53      1     31     60    293
  54      1     20     91    213
  55      1     45     60    152
  56      1    114     60    244
  57      1    147     60    304
  58      1     81     91    182
  59      1    147     60    182
  60      5     51      1    365
  61      5    121      1    365
  62      1    229      1    365
  63      5     47      1    365
  64      1      4      1    365
  65      1     27      1    365
  66      1     72      1    365
  67      1     10      1    365
  68      5     65      1    365
  69      5     23      1    365
  70      1     61      1    365
  71      1     36      1    365
  72      5     20      1    365
  73      1    210      1    365
  74      3     36     60    304
  75      5     15      1    365
  76      1     90      1    365
  77      1    114      1    365
  78      1    196      1    365
  79      3     14     60    304
  80      1    204      1    365
  81      1    163      1    365
  82      3     24     60    304
  83      3      7     60    304
  84      5      8      1    365
  85      3      6     60    304
  86      3     13     60    304
  87      3     32     60    304
  88      3     15     60    304
  89      3     64     60    304
  90      3     53     60    304
  91      3     73     60    304
  92      1     82      1    365
  93      1     17      1    365
  94      3    205     60    304
  95      3    169     60    304
  96      1     45      1    365
  97      1      5      1    365
  98      3    165     60    304
  99      3    153     60    304
 100      3     26     60    304
 101      1    139      1    365
 102      1    114      1    365
 103      1    155      1    365
 104      1     57      1    365
 105      3     16     60    304
 106      3    118     60    304
 107      3     97     60    304
 108      3    124     60    304
 109      3     54     60    304
 110      3      7     60    304
 111      3     79     60    304
 112      1     50     60    244
 113      5     35      1    365
 114      3     97     60    304
 115      3     43     60    304
 116      3     56     60    304
 117      5    775      1    365
 118      3      9     60    304
 119      3     85     60    304
 120      3      1     60    304
 121      3      1     60    304
 122      3    457     60    304
 123      3     59     60    304
 124      3    891     60    304
 125      3    433     60    304
 126      3     46     60    304
 127      3    293     60    304
 128      3    524     60    304
 129      3    473     60    304
 130      3    613     60    304
 131      5     26      1    365
 132      3    152     60    304
 133      3     70     60    304
 134      3      8     60    304
 135      3     50     60    304
 136      3     40     60    304
 137      5     39      1    196
 138      5     22      1    365
 139      3     11     60    304
 140      3    187     60    304
 141      3    105     60    304
 142      3    536     60    304
 143      3    441     60    304
 144      3    116     60    304
 145      3     13     60    304
 146      5    231      1    365
 147      3    400     60    304
 148      3    139     60    304
 149      3     23     60    304
 150      1     13      1    365
 151      1     33      1    365
 152      1     84      1    365
 153      3     41     60    304
 154      3     18     60    304
 155      5     51      1    365
 156      1    296      1    365
 157      1     76      1    365
 158      3    139     60    304
 159      5   2690      1    365
 160      5  10766      1    365
 161      5   3813      1    365
 162      1   1365      1    365
 163      1    605      1    365
 164      5      5      1    365
 165      5     69      1    365
 166      1     99     91    258
 167      5      8     60    274
 168      5     83     32    244
 169      5     22      1    365
 170      5     37      1    365
 171      3    144     60    304
 172      5     78     32    244
 173      5     15      1    365
 174      5   7391      1    365
 175      1     16      1    365
 176      3     47     60    304
 177      3     82     60    304
 178      3     72     60    304
 179      3     32     60    304
 180      3     34     60    304
 181      5     31      1    365
 182      3    935     60    304
 183      3    770     60    304
 184      3     16     60    304
 185      3     13     60    304
 186      3     31     60    304
 187      3     24     60    304
 188      3     74     60    304
 189      3   1766     60    304
 190      3    275     60    304
 191      3     94     60    304
 192      1    208     91    244
 193      1     31     91    244
 194      1     27      1    365
 195      3    363      1    365
 196      3     77     60    304
 197      3    222     60    304
 198      3     67     60    304
 199      5      3      1    365
 200      3    106     60    304
 201      5     10      1    365
 202      3     30     60    304
 203      5    173      1    365
 204      5     83      1    365
 205      5    270      1    365
 206      5     76      1    365
 207      5     70      1    365
 208      5     57      1    365
 209      3     18     60    304
 210      1     31     32    304
 211      5     51     91    161
 212      3    123     60    304
 213      3   1076     60    304
 214      3     16     60    304
 215      5     23     60    244
 216      1     34      1    365
 217      3     80     60    304
 218      5      8      1    365
 219      5     15      1    365
 220      3     30     60    304
 221      3    800      1    365
 222      5     82     60    244
 223      5      5      1    365
 224      5     73      1    365
 225      3    134     60    304
 226      3    107     60    304
 227      5    196      1    365
 228      5     31      1    365
 229      3     18     60    304
 230      3    457     60    304
 231      3   1179     60    304
 232      3    316     60    304
 233      1    151      1    365
 234      3     18     60    273
 235      3    270     60    304
 236      5    999      1    365
 237      5     65      1    365
 238      3    836     60    304
 239      3    287     60    304
 240      3     66     60    304
 241      5     25      1    365
 242      5     46      1    365
 243      1    187      1    365
 244      1    136      1    365
 245      1    141      1    365
 246      1     74      1    365
 247      5     57     60    213
 248      5     10      1    365
 249      5     46     60    244
 250      5   2135      1    365
 251      3    310     91    288
 252      5    261      1    365
 253      1     69      1    365
 254      3     24    105    273
 999      0      0      1    365
