   1      3     77     60    304
   2      3     95     60    304
   3      3     50     60    304
   4      3     16      1    365
   5      3   1382     60    304
   6      3   1850     60    304
   7      3   1605     60    304
   8      3     11      1    365
   9      3   3231     60    304
  10      3   3221     60    304
  11      3    486     60    304
  12      5    108      1    365
  13      5      8     60    182
  14      5     33     60    213
  15      5    108      1    365
  16      5     61     60    213
  17      5      4     91    365
  18      5    129     32    365
  19      5     32      1    365
  20      5    136     60    304
  21      5    158    121    244
  22      5    153     91    213
  23      5    607     60    274
  24      5     12     91    244
  25      5    201      1    258
  26      5    170     91    213
  27      5     12     91    244
  28      5     25     32    335
  29      5     47     60    244
  30      5    364     60    244
  31      1     36      1    365
  32      1     26      1    365
  33      1     56     60    213
  34      1     28     60    274
  35      1    121      1    365
  36      1     89      1    365
  37      1     15     60    244
  38      1     63      1    365
  39      1     25     32    244
  40      1     26      1    365
  41      1     85     32    244
  42      1     82     91    365
  43      1     40     60    365
  44      1     61     60    244
  45      1     76     91    244
  46      1     21     91    213
  47      1     92      1    274
  48      1      7     91    305
  49      1    109      1    258
  50      1     54     32    166
  51      1     30     60    166
  52      1     18      1    365
  53      1     28     60    293
  54      1     18     91    213
  55      1     41     60    152
  56      1    104     60    244
  57      1    181     60    304
  58      1     74     91    182
  59      1     95     60    182
  60      5     49      1    365
  61      5    288      1    365
  62      1    148      1    365
  63      5    113      1    365
  64      1      3      1    365
  65      1     25      1    365
  66      1     66      1    365
  67      1      6      1    365
  68      5    156      1    365
  69      5     54      1    365
  70      1     40      1    365
  71      1     33      1    365
  72      5     47      1    365
  73      1    329      1    365
  74      3     37     60    304
  75      5     35      1    365
  76      1    110      1    365
  77      1    141      1    365
  78      1    241      1    365
  79      3     21     60    304
  80      1    251      1    365
  81      1    201      1    365
  82      3     25     60    304
  83      3      7     60    304
  84      5     19      1    365
  85      3      9     60    304
  86      3     19     60    304
  87      3     25     60    304
  88      3     15     60    304
  89      3     65     60    304
  90      3     53     60    304
  91      3    110     60    304
  92      1     53      1    365
  93      1     11      1    365
  94      3    207     60    304
  95      3    169     60    304
  96      1     41      1    365
  97      1      5      1    365
  98      3    130     60    304
  99      3    122     60    304
 100      3     25     60    304
 101      1    171      1    365
 102      1    141      1    365
 103      1    191      1    365
 104      1     37      1    365
 105      3     13     60    304
 106      3    119     60    304
 107      3     97     60    304
 108      3    132     60    304
 109      3     58     60    304
 110      3      7     60    304
 111      3     63     60    304
 112      1     32     60    244
 113      5     36      1    365
 114      3     77     60    304
 115      3     43     60    304
 116      3     45     60    304
 117      5    813      1    365
 118      3      9     60    304
 119      3     91     60    304
 120      3      2     60    304
 121      3      1     60    304
 122      3    486     60    304
 123      3     59     60    304
 124      3    881     60    304
 125      3    343     60    304
 126      3     49     60    304
 127      3    441     60    304
 128      3    518     60    304
 129      3    468     60    304
 130      3    486     60    304
 131      5     62      1    365
 132      3    153     60    304
 133      3     74     60    304
 134      3     11     60    304
 135      3     76     60    304
 136      3     40     60    304
 137      5     37      1    196
 138      5     21      1    365
 139      3     11     60    304
 140      3    184     60    304
 141      3    104     60    304
 142      3    541     60    304
 143      3    441     60    304
 144      3    123     60    304
 145      3     13     60    304
 146      5    243      1    365
 147      3    602     60    304
 148      3    148     60    304
 149      3     25     60    304
 150      1     12      1    365
 151      1     30      1    365
 152      1     54      1    365
 153      3     32     60    304
 154      3     18     60    304
 155      5     49      1    365
 156      1    192      1    365
 157      1     69      1    365
 158      3    148     60    304
 159      5   2580      1    365
 160      5  10324      1    365
 161      5   3657      1    365
 162      1    884      1    365
 163      1    743      1    365
 164      5      5      1    365
 165      5     73      1    365
 166      1     64     91    258
 167      5      7     60    274
 168      5     80     32    244
 169      5     21      1    365
 170      5     35      1    365
 171      3    114     60    304
 172      5     75     32    244
 173      5     35      1    365
 174      5   7088      1    365
 175      1     15      1    365
 176      3     48     60    304
 177      3    123     60    304
 178      3     57     60    304
 179      3     32     60    304
 180      3     27     60    304
 181      5     30      1    365
 182      3    944     60    304
 183      3    770     60    304
 184      3     25     60    304
 185      3     13     60    304
 186      3     33     60    304
 187      3     25     60    304
 188      3     59     60    304
 189      3   1783     60    304
 190      3    277     60    304
 191      3     94     60    304
 192      1    135     91    244
 193      1     20     91    244
 194      1     17      1    365
 195      3    288      1    365
 196      3     61     60    304
 197      3    224     60    304
 198      3    100     60    304
 199      5      3      1    365
 200      3    159     60    304
 201      5      9      1    365
 202      3     45     60    304
 203      5    166      1    365
 204      5     80      1    365
 205      5    259      1    365
 206      5     73      1    365
 207      5     70      1    365
 208      5     55      1    365
 209      3     27     60    304
 210      1     20     32    304
 211      5    121     91    161
 212      3    186     60    304
 213      3   1621     60    304
 214      3     16     60    304
 215      5     22     60    244
 216      1     22      1    365
 217      3    121     60    304
 218      5     19      1    365
 219      5     35      1    365
 220      3     31     60    304
 221      3    791      1    365
 222      5    195     60    244
 223      5     12      1    365
 224      5    175      1    365
 225      3    203     60    304
 226      3    107     60    304
 227      5    188      1    365
 228      5     30      1    365
 229      3     27     60    304
 230      3    486     60    304
 231      3    935     60    304
 232      3    312     60    304
 233      1     98      1    365
 234      3     18     60    273
 235      3    214     60    304
 236      5   1566      1    365
 237      5    156      1    365
 238      3    826     60    304
 239      3    284     60    304
 240      3     66     60    304
 241      5     24      1    365
 242      5     45      1    365
 243      1    121      1    365
 244      1     88      1    365
 245      1     92      1    365
 246      1     74      1    365
 247      5    136     60    213
 248      5     23      1    365
 249      5    109     60    244
 250      5   1656      1    365
 251      3    329     91    288
 252      5    623      1    365
 253      1     45      1    365
 254      3     25    105    273
 999      0      0      1    365
