   1      3     74     60    304
   2      3     83     60    304
   3      3     50     60    304
   4      3     15      1    365
   5      3   1429     60    304
   6      3   1912     60    304
   7      3   1605     60    304
   8      3     10      1    365
   9      3   3340     60    304
  10      3   3329     60    304
  11      3    368     60    304
  12      5    113      1    365
  13      5      7     60    182
  14      5     35     60    213
  15      5    113      1    365
  16      5     56     60    213
  17      5      3     91    365
  18      5    135     32    365
  19      5     34      1    365
  20      5    117     60    304
  21      5    147    121    244
  22      5     73     91    213
  23      5    564     60    274
  24      5     10     91    244
  25      5    211      1    258
  26      5    158     91    213
  27      5     11     91    244
  28      5     26     32    335
  29      5     49     60    244
  30      5    339     60    244
  31      1     47      1    365
  32      1     34      1    365
  33      1     73     60    213
  34      1     37     60    274
  35      1    158      1    365
  36      1    116      1    365
  37      1     19     60    244
  38      1     82      1    365
  39      1     32     32    244
  40      1     34      1    365
  41      1    111     32    244
  42      1    157     91    365
  43      1     76     60    365
  44      1    117     60    244
  45      1    145     91    244
  46      1     41     91    213
  47      1    176      1    274
  48      1     13     91    305
  49      1    208      1    258
  50      1    104     32    166
  51      1     57     60    166
  52      1     35      1    365
  53      1     54     60    293
  54      1     35     91    213
  55      1     79     60    152
  56      1    198     60    244
  57      1     61     60    304
  58      1    142     91    182
  59      1    124     60    182
  60      5     51      1    365
  61      5    248      1    365
  62      1    194      1    365
  63      5     97      1    365
  64      1      6      1    365
  65      1     47      1    365
  66      1    126      1    365
  67      1      8      1    365
  68      5    134      1    365
  69      5     47      1    365
  70      1     52      1    365
  71      1     63      1    365
  72      5     40      1    365
  73      1   1081      1    365
  74      3     35     60    304
  75      5     30      1    365
  76      1     37      1    365
  77      1     47      1    365
  78      1     81      1    365
  79      3     18     60    304
  80      1     84      1    365
  81      1     67      1    365
  82      3     24     60    304
  83      3      7     60    304
  84      5     17      1    365
  85      3      8     60    304
  86      3     17     60    304
  87      3     19     60    304
  88      3     14     60    304
  89      3     63     60    304
  90      3     53     60    304
  91      3     96     60    304
  92      1     69      1    365
  93      1     15      1    365
  94      3    200     60    304
  95      3    169     60    304
  96      1     79      1    365
  97      1      9      1    365
  98      3     99     60    304
  99      3     92     60    304
 100      3     26     60    304
 101      1     57      1    365
 102      1     47      1    365
 103      1     64      1    365
 104      1     48      1    365
 105      3      9     60    304
 106      3    115     60    304
 107      3     97     60    304
 108      3    147     60    304
 109      3     64     60    304
 110      3      7     60    304
 111      3     47     60    304
 112      1     42     60    244
 113      5     34      1    365
 114      3     58     60    304
 115      3     43     60    304
 116      3     34     60    304
 117      5    756      1    365
 118      3      8     60    304
 119      3    101     60    304
 120      3      2     60    304
 121      3      1     60    304
 122      3    541     60    304
 123      3     59     60    304
 124      3    910     60    304
 125      3    260     60    304
 126      3     55     60    304
 127      3    386     60    304
 128      3    535     60    304
 129      3    484     60    304
 130      3    368     60    304
 131      5     54      1    365
 132      3    148     60    304
 133      3     83     60    304
 134      3     10     60    304
 135      3     66     60    304
 136      3     40     60    304
 137      5     39      1    196
 138      5     22      1    365
 139      3     11     60    304
 140      3    191     60    304
 141      3    107     60    304
 142      3    521     60    304
 143      3    441     60    304
 144      3    138     60    304
 145      3     13     60    304
 146      5    226      1    365
 147      3    527     60    304
 148      3    165     60    304
 149      3     28     60    304
 150      1     22      1    365
 151      1     57      1    365
 152      1     71      1    365
 153      3     24     60    304
 154      3     18     60    304
 155      5     51      1    365
 156      1    250      1    365
 157      1    132      1    365
 158      3    165     60    304
 159      5   2700      1    365
 160      5  10807      1    365
 161      5   3828      1    365
 162      1   1155      1    365
 163      1    250      1    365
 164      5      5      1    365
 165      5     68      1    365
 166      1     84     91    258
 167      5      8     60    274
 168      5     84     32    244
 169      5     22      1    365
 170      5     37      1    365
 171      3     87     60    304
 172      5     78     32    244
 173      5     30      1    365
 174      5   7420      1    365
 175      1     28      1    365
 176      3     46     60    304
 177      3    108     60    304
 178      3     43     60    304
 179      3     32     60    304
 180      3     20     60    304
 181      5     31      1    365
 182      3    910     60    304
 183      3    770     60    304
 184      3     22     60    304
 185      3     13     60    304
 186      3     37     60    304
 187      3     24     60    304
 188      3     45     60    304
 189      3   1718     60    304
 190      3    267     60    304
 191      3     91     60    304
 192      1    176     91    244
 193      1     26     91    244
 194      1     23      1    365
 195      3    218      1    365
 196      3     46     60    304
 197      3    216     60    304
 198      3     88     60    304
 199      5      3      1    365
 200      3    139     60    304
 201      5     10      1    365
 202      3     40     60    304
 203      5    174      1    365
 204      5     84      1    365
 205      5    271      1    365
 206      5     76      1    365
 207      5     70      1    365
 208      5     58      1    365
 209      3     23     60    304
 210      1     26     32    304
 211      5    104     91    161
 212      3    162     60    304
 213      3   1419     60    304
 214      3     15     60    304
 215      5     23     60    244
 216      1     29      1    365
 217      3    106     60    304
 218      5     17      1    365
 219      5     30      1    365
 220      3     30     60    304
 221      3    817      1    365
 222      5    167     60    244
 223      5     10      1    365
 224      5    151      1    365
 225      3    177     60    304
 226      3    107     60    304
 227      5    196      1    365
 228      5     31      1    365
 229      3     23     60    304
 230      3    541     60    304
 231      3    707     60    304
 232      3    323     60    304
 233      1    128      1    365
 234      3     18     60    273
 235      3    162     60    304
 236      5    746      1    365
 237      5    134      1    365
 238      3    854     60    304
 239      3    293     60    304
 240      3     68     60    304
 241      5     25      1    365
 242      5     47      1    365
 243      1    158      1    365
 244      1    115      1    365
 245      1    120      1    365
 246      1     74      1    365
 247      5    117     60    213
 248      5     20      1    365
 249      5     94     60    244
 250      5   1615      1    365
 251      3    367     91    288
 252      5    535      1    365
 253      1     58      1    365
 254      3     24    105    273
 999      0      0      1    365
