   1      3     82     60    304
   2      3     54     60    304
   3      3     50     60    304
   4      3     17      1    365
   5      3   1304     60    304
   6      3   1745     60    304
   7      3   1605     60    304
   8      3      6      1    365
   9      3   3048     60    304
  10      3   3038     60    304
  11      3    528     60    304
  12      5    112      1    365
  13      5      6     60    182
  14      5     34     60    213
  15      5    112      1    365
  16      5     69     60    213
  17      5      3     91    365
  18      5    133     32    365
  19      5     33      1    365
  20      5    111     60    304
  21      5    181    121    244
  22      5     72     91    213
  23      5    694     60    274
  24      5     10     91    244
  25      5    209      1    258
  26      5    194     91    213
  27      5     14     91    244
  28      5     26     32    335
  29      5     48     60    244
  30      5    417     60    244
  31      1     41      1    365
  32      1     29      1    365
  33      1     63     60    213
  34      1     32     60    274
  35      1    137      1    365
  36      1    101      1    365
  37      1     17     60    244
  38      1     72      1    365
  39      1     28     32    244
  40      1     29      1    365
  41      1     97     32    244
  42      1    122     91    365
  43      1     58     60    365
  44      1     90     60    244
  45      1    112     91    244
  46      1     32     91    213
  47      1    136      1    274
  48      1     10     91    305
  49      1    161      1    258
  50      1     80     32    166
  51      1     44     60    166
  52      1     27      1    365
  53      1     41     60    293
  54      1     27     91    213
  55      1     61     60    152
  56      1    153     60    244
  57      1    146     60    304
  58      1    110     91    182
  59      1    108     60    182
  60      5     51      1    365
  61      5    236      1    365
  62      1    168      1    365
  63      5     92      1    365
  64      1      5      1    365
  65      1     37      1    365
  66      1     97      1    365
  67      1      7      1    365
  68      5    127      1    365
  69      5     45      1    365
  70      1     45      1    365
  71      1     49      1    365
  72      5     38      1    365
  73      1    405      1    365
  74      3     39     60    304
  75      5     29      1    365
  76      1     89      1    365
  77      1    114      1    365
  78      1    195      1    365
  79      3     12     60    304
  80      1    203      1    365
  81      1    162      1    365
  82      3     26     60    304
  83      3      8     60    304
  84      5     16      1    365
  85      3      5     60    304
  86      3     11     60    304
  87      3     27     60    304
  88      3     16     60    304
  89      3     69     60    304
  90      3     53     60    304
  91      3     62     60    304
  92      1     60      1    365
  93      1     13      1    365
  94      3    219     60    304
  95      3    169     60    304
  96      1     61      1    365
  97      1      7      1    365
  98      3    142     60    304
  99      3    132     60    304
 100      3     24     60    304
 101      1    138      1    365
 102      1    114      1    365
 103      1    154      1    365
 104      1     42      1    365
 105      3     14     60    304
 106      3    126     60    304
 107      3     97     60    304
 108      3    165     60    304
 109      3     72     60    304
 110      3      7     60    304
 111      3     68     60    304
 112      1     36     60    244
 113      5     42      1    365
 114      3     84     60    304
 115      3     43     60    304
 116      3     49     60    304
 117      5    930      1    365
 118      3      9     60    304
 119      3    113     60    304
 120      3      1     60    304
 121      3      1     60    304
 122      3    609     60    304
 123      3     59     60    304
 124      3    831     60    304
 125      3    373     60    304
 126      3     62     60    304
 127      3    251     60    304
 128      3    488     60    304
 129      3    441     60    304
 130      3    528     60    304
 131      5     51      1    365
 132      3    162     60    304
 133      3     93     60    304
 134      3      6     60    304
 135      3     43     60    304
 136      3     40     60    304
 137      5     39      1    196
 138      5     22      1    365
 139      3     12     60    304
 140      3    174     60    304
 141      3     98     60    304
 142      3    573     60    304
 143      3    441     60    304
 144      3    155     60    304
 145      3     12     60    304
 146      5    278      1    365
 147      3    342     60    304
 148      3    186     60    304
 149      3     31     60    304
 150      1     17      1    365
 151      1     44      1    365
 152      1     62      1    365
 153      3     35     60    304
 154      3     18     60    304
 155      5     51      1    365
 156      1    217      1    365
 157      1    102      1    365
 158      3    186     60    304
 159      5   2676      1    365
 160      5  10708      1    365
 161      5   3793      1    365
 162      1   1003      1    365
 163      1    601      1    365
 164      5      5      1    365
 165      5     83      1    365
 166      1     73     91    258
 167      5      8     60    274
 168      5     83     32    244
 169      5     22      1    365
 170      5     37      1    365
 171      3    124     60    304
 172      5     77     32    244
 173      5     29      1    365
 174      5   7352      1    365
 175      1     22      1    365
 176      3     51     60    304
 177      3     70     60    304
 178      3     62     60    304
 179      3     32     60    304
 180      3     29     60    304
 181      5     31      1    365
 182      3   1000     60    304
 183      3    770     60    304
 184      3     14     60    304
 185      3     13     60    304
 186      3     41     60    304
 187      3     26     60    304
 188      3     64     60    304
 189      3   1888     60    304
 190      3    293     60    304
 191      3    100     60    304
 192      1    153     91    244
 193      1     22     91    244
 194      1     20      1    365
 195      3    313      1    365
 196      3     66     60    304
 197      3    238     60    304
 198      3     57     60    304
 199      5      3      1    365
 200      3     90     60    304
 201      5     10      1    365
 202      3     26     60    304
 203      5    172      1    365
 204      5     83      1    365
 205      5    269      1    365
 206      5     75      1    365
 207      5     70      1    365
 208      5     57      1    365
 209      3     15     60    304
 210      1     22     32    304
 211      5     99     91    161
 212      3    105     60    304
 213      3    921     60    304
 214      3     17     60    304
 215      5     23     60    244
 216      1     25      1    365
 217      3     69     60    304
 218      5     16      1    365
 219      5     29      1    365
 220      3     32     60    304
 221      3    746      1    365
 222      5    159     60    244
 223      5     10      1    365
 224      5    143      1    365
 225      3    115     60    304
 226      3    107     60    304
 227      5    195      1    365
 228      5     31      1    365
 229      3     15     60    304
 230      3    609     60    304
 231      3   1016     60    304
 232      3    295     60    304
 233      1    111      1    365
 234      3     19     60    273
 235      3    233     60    304
 236      5    735      1    365
 237      5    127      1    365
 238      3    780     60    304
 239      3    267     60    304
 240      3     62     60    304
 241      5     25      1    365
 242      5     46      1    365
 243      1    137      1    365
 244      1    100      1    365
 245      1    104      1    365
 246      1     74      1    365
 247      5    111     60    213
 248      5     19      1    365
 249      5     89     60    244
 250      5   2564      1    365
 251      3    413     91    288
 252      5    509      1    365
 253      1     50      1    365
 254      3     26    105    273
 999      0      0      1    365
