   1      3     70     60    304
   2      3     99     60    304
   3      3     50     60    304
   4      3     14      1    365
   5      3   1381     60    304
   6      3   1849     60    304
   7      3   1605     60    304
   8      3     12      1    365
   9      3   3229     60    304
  10      3   3218     60    304
  11      3    535     60    304
  12      5    113      1    365
  13      5      3     60    182
  14      5     35     60    213
  15      5    113      1    365
  16      5     50     60    213
  17      5      2     91    365
  18      5    134     32    365
  19      5     34      1    365
  20      5     56     60    304
  21      5    129    121    244
  22      5    179     91    213
  23      5    497     60    274
  24      5      5     91    244
  25      5    210      1    258
  26      5    139     91    213
  27      5     10     91    244
  28      5     26     32    335
  29      5     49     60    244
  30      5    298     60    244
  31      1     50      1    365
  32      1     36      1    365
  33      1     78     60    213
  34      1     40     60    274
  35      1    169      1    365
  36      1    124      1    365
  37      1     21     60    244
  38      1     88      1    365
  39      1     34     32    244
  40      1     36      1    365
  41      1    119     32    244
  42      1     73     91    365
  43      1     35     60    365
  44      1     54     60    244
  45      1     68     91    244
  46      1     19     91    213
  47      1     82      1    274
  48      1      6     91    305
  49      1     97      1    258
  50      1     49     32    166
  51      1     26     60    166
  52      1     16      1    365
  53      1     25     60    293
  54      1     16     91    213
  55      1     37     60    152
  56      1     93     60    244
  57      1    140     60    304
  58      1     66     91    182
  59      1    133     60    182
  60      5     51      1    365
  61      5    117      1    365
  62      1    207      1    365
  63      5     46      1    365
  64      1      3      1    365
  65      1     22      1    365
  66      1     59      1    365
  67      1      9      1    365
  68      5     63      1    365
  69      5     22      1    365
  70      1     55      1    365
  71      1     29      1    365
  72      5     19      1    365
  73      1   1485      1    365
  74      3     33     60    304
  75      5     14      1    365
  76      1     85      1    365
  77      1    109      1    365
  78      1    187      1    365
  79      3     22     60    304
  80      1    194      1    365
  81      1    155      1    365
  82      3     22     60    304
  83      3      7     60    304
  84      5      8      1    365
  85      3     10     60    304
  86      3     20     60    304
  87      3     28     60    304
  88      3     13     60    304
  89      3     59     60    304
  90      3     53     60    304
  91      3    114     60    304
  92      1     74      1    365
  93      1     16      1    365
  94      3    188     60    304
  95      3    169     60    304
  96      1     37      1    365
  97      1      4      1    365
  98      3    144     60    304
  99      3    134     60    304
 100      3     25     60    304
 101      1    132      1    365
 102      1    109      1    365
 103      1    148      1    365
 104      1     52      1    365
 105      3     14     60    304
 106      3    108     60    304
 107      3     97     60    304
 108      3     85     60    304
 109      3     37     60    304
 110      3      7     60    304
 111      3     69     60    304
 112      1     45     60    244
 113      5     30      1    365
 114      3     85     60    304
 115      3     43     60    304
 116      3     49     60    304
 117      5    666      1    365
 118      3      8     60    304
 119      3     59     60    304
 120      3      2     60    304
 121      3      1     60    304
 122      3    315     60    304
 123      3     59     60    304
 124      3    880     60    304
 125      3    378     60    304
 126      3     32     60    304
 127      3    459     60    304
 128      3    517     60    304
 129      3    468     60    304
 130      3    535     60    304
 131      5     25      1    365
 132      3    139     60    304
 133      3     48     60    304
 134      3     12     60    304
 135      3     79     60    304
 136      3     40     60    304
 137      5     39      1    196
 138      5     22      1    365
 139      3     10     60    304
 140      3    184     60    304
 141      3    104     60    304
 142      3    489     60    304
 143      3    441     60    304
 144      3     80     60    304
 145      3     13     60    304
 146      5    199      1    365
 147      3    626     60    304
 148      3     96     60    304
 149      3     16     60    304
 150      1     10      1    365
 151      1     26      1    365
 152      1     76      1    365
 153      3     35     60    304
 154      3     18     60    304
 155      5     51      1    365
 156      1    267      1    365
 157      1     62      1    365
 158      3     96     60    304
 159      5   2695      1    365
 160      5  10787      1    365
 161      5   3821      1    365
 162      1   1232      1    365
 163      1    575      1    365
 164      5      5      1    365
 165      5     60      1    365
 166      1     90     91    258
 167      5      8     60    274
 168      5     83     32    244
 169      5     22      1    365
 170      5     37      1    365
 171      3    126     60    304
 172      5     78     32    244
 173      5     14      1    365
 174      5   7406      1    365
 175      1     13      1    365
 176      3     43     60    304
 177      3    128     60    304
 178      3     63     60    304
 179      3     32     60    304
 180      3     30     60    304
 181      5     31      1    365
 182      3    854     60    304
 183      3    770     60    304
 184      3     26     60    304
 185      3     13     60    304
 186      3     21     60    304
 187      3     22     60    304
 188      3     65     60    304
 189      3   1614     60    304
 190      3    251     60    304
 191      3     85     60    304
 192      1    188     91    244
 193      1     28     91    244
 194      1     24      1    365
 195      3    317      1    365
 196      3     67     60    304
 197      3    203     60    304
 198      3    104     60    304
 199      5      3      1    365
 200      3    165     60    304
 201      5     10      1    365
 202      3     47     60    304
 203      5    173      1    365
 204      5     83      1    365
 205      5    271      1    365
 206      5     76      1    365
 207      5     70      1    365
 208      5     57      1    365
 209      3     28     60    304
 210      1     28     32    304
 211      5     49     91    161
 212      3    193     60    304
 213      3   1686     60    304
 214      3     14     60    304
 215      5     23     60    244
 216      1     31      1    365
 217      3    126     60    304
 218      5      8      1    365
 219      5     14      1    365
 220      3     28     60    304
 221      3    790      1    365
 222      5     79     60    244
 223      5      5      1    365
 224      5     71      1    365
 225      3    211     60    304
 226      3    107     60    304
 227      5    196      1    365
 228      5     31      1    365
 229      3     28     60    304
 230      3    315     60    304
 231      3   1029     60    304
 232      3    312     60    304
 233      1    136      1    365
 234      3     17     60    273
 235      3    236     60    304
 236      5   1830      1    365
 237      5     63      1    365
 238      3    826     60    304
 239      3    283     60    304
 240      3     66     60    304
 241      5     25      1    365
 242      5     47      1    365
 243      1    169      1    365
 244      1    122      1    365
 245      1    128      1    365
 246      1     74      1    365
 247      5     56     60    213
 248      5     10      1    365
 249      5     44     60    244
 250      5   1289      1    365
 251      3    214     91    288
 252      5    254      1    365
 253      1     62      1    365
 254      3     22    105    273
 999      0      0      1    365
