   1      3     96     60    304
   2      3    105     60    304
   3      3     50     60    304
   4      3     20      1    365
   5      3   1345     60    304
   6      3   1801     60    304
   7      3   1605     60    304
   8      3     13      1    365
   9      3   3145     60    304
  10      3   3135     60    304
  11      3    585     60    304
  12      5    105      1    365
  13      5      9     60    182
  14      5     32     60    213
  15      5    105      1    365
  16      5     58     60    213
  17      5      4     91    365
  18      5    125     32    365
  19      5     31      1    365
  20      5    154     60    304
  21      5    150    121    244
  22      5    179     91    213
  23      5    578     60    274
  24      5     13     91    244
  25      5    196      1    258
  26      5    162     91    213
  27      5     12     91    244
  28      5     24     32    335
  29      5     45     60    244
  30      5    347     60    244
  31      1     31      1    365
  32      1     22      1    365
  33      1     48     60    213
  34      1     24     60    274
  35      1    104      1    365
  36      1     76      1    365
  37      1     13     60    244
  38      1     54      1    365
  39      1     21     32    244
  40      1     22      1    365
  41      1     73     32    244
  42      1    155     91    365
  43      1     75     60    365
  44      1    115     60    244
  45      1    143     91    244
  46      1     40     91    213
  47      1    174      1    274
  48      1     12     91    305
  49      1    205      1    258
  50      1    103     32    166
  51      1     56     60    166
  52      1     34      1    365
  53      1     53     60    293
  54      1     34     91    213
  55      1     78     60    152
  56      1    196     60    244
  57      1    128     60    304
  58      1    140     91    182
  59      1     82     60    182
  60      5     47      1    365
  61      5    327      1    365
  62      1    127      1    365
  63      5    128      1    365
  64      1      6      1    365
  65      1     47      1    365
  66      1    124      1    365
  67      1      5      1    365
  68      5    177      1    365
  69      5     62      1    365
  70      1     34      1    365
  71      1     62      1    365
  72      5     53      1    365
  73      1    298      1    365
  74      3     46     60    304
  75      5     40      1    365
  76      1     78      1    365
  77      1     99      1    365
  78      1    170      1    365
  79      3     23     60    304
  80      1    177      1    365
  81      1    142      1    365
  82      3     30     60    304
  83      3      9     60    304
  84      5     22      1    365
  85      3     11     60    304
  86      3     21     60    304
  87      3     30     60    304
  88      3     18     60    304
  89      3     81     60    304
  90      3     53     60    304
  91      3    122     60    304
  92      1     46      1    365
  93      1     10      1    365
  94      3    257     60    304
  95      3    169     60    304
  96      1     78      1    365
  97      1      9      1    365
  98      3    157     60    304
  99      3    146     60    304
 100      3     25     60    304
 101      1    121      1    365
 102      1     99      1    365
 103      1    135      1    365
 104      1     32      1    365
 105      3     15     60    304
 106      3    147     60    304
 107      3     97     60    304
 108      3     74     60    304
 109      3     32     60    304
 110      3      7     60    304
 111      3     75     60    304
 112      1     28     60    244
 113      5     35      1    365
 114      3     92     60    304
 115      3     43     60    304
 116      3     54     60    304
 117      5    774      1    365
 118      3     11     60    304
 119      3     51     60    304
 120      3      2     60    304
 121      3      1     60    304
 122      3    272     60    304
 123      3     59     60    304
 124      3    857     60    304
 125      3    413     60    304
 126      3     28     60    304
 127      3    490     60    304
 128      3    504     60    304
 129      3    456     60    304
 130      3    585     60    304
 131      5     71      1    365
 132      3    190     60    304
 133      3     42     60    304
 134      3     13     60    304
 135      3     84     60    304
 136      3     40     60    304
 137      5     36      1    196
 138      5     20      1    365
 139      3     14     60    304
 140      3    180     60    304
 141      3    101     60    304
 142      3    670     60    304
 143      3    441     60    304
 144      3     69     60    304
 145      3     12     60    304
 146      5    231      1    365
 147      3    669     60    304
 148      3     83     60    304
 149      3     14     60    304
 150      1     22      1    365
 151      1     56      1    365
 152      1     47      1    365
 153      3     39     60    304
 154      3     18     60    304
 155      5     47      1    365
 156      1    164      1    365
 157      1    131      1    365
 158      3     83     60    304
 159      5   2512      1    365
 160      5  10053      1    365
 161      5   3561      1    365
 162      1    758      1    365
 163      1    525      1    365
 164      5      5      1    365
 165      5     69      1    365
 166      1     55     91    258
 167      5      7     60    274
 168      5     78     32    244
 169      5     20      1    365
 170      5     34      1    365
 171      3    138     60    304
 172      5     73     32    244
 173      5     40      1    365
 174      5   6902      1    365
 175      1     28      1    365
 176      3     59     60    304
 177      3    137     60    304
 178      3     69     60    304
 179      3     32     60    304
 180      3     32     60    304
 181      5     29      1    365
 182      3   1170     60    304
 183      3    770     60    304
 184      3     27     60    304
 185      3     13     60    304
 186      3     18     60    304
 187      3     30     60    304
 188      3     71     60    304
 189      3   2210     60    304
 190      3    343     60    304
 191      3    117     60    304
 192      1    116     91    244
 193      1     17     91    244
 194      1     15      1    365
 195      3    346      1    365
 196      3     73     60    304
 197      3    278     60    304
 198      3    112     60    304
 199      5      3      1    365
 200      3    177     60    304
 201      5      9      1    365
 202      3     50     60    304
 203      5    162      1    365
 204      5     78      1    365
 205      5    252      1    365
 206      5     71      1    365
 207      5     70      1    365
 208      5     54      1    365
 209      3     29     60    304
 210      1     17     32    304
 211      5    137     91    161
 212      3    206     60    304
 213      3   1801     60    304
 214      3     20     60    304
 215      5     21     60    244
 216      1     19      1    365
 217      3    135     60    304
 218      5     22      1    365
 219      5     40      1    365
 220      3     38     60    304
 221      3    770      1    365
 222      5    221     60    244
 223      5     13      1    365
 224      5    199      1    365
 225      3    225     60    304
 226      3    107     60    304
 227      5    183      1    365
 228      5     29      1    365
 229      3     29     60    304
 230      3    272     60    304
 231      3   1125     60    304
 232      3    304     60    304
 233      1     84      1    365
 234      3     23     60    273
 235      3    258     60    304
 236      5   1834      1    365
 237      5    177      1    365
 238      3    804     60    304
 239      3    276     60    304
 240      3     64     60    304
 241      5     23      1    365
 242      5     43      1    365
 243      1    104      1    365
 244      1     75      1    365
 245      1     78      1    365
 246      1     74      1    365
 247      5    154     60    213
 248      5     26      1    365
 249      5    124     60    244
 250      5    942      1    365
 251      3    185     91    288
 252      5    706      1    365
 253      1     38      1    365
 254      3     30    105    273
 999      0      0      1    365
