   1      3    120     60    304
   2      3     83     60    304
   3      3     50     60    304
   4      3     25      1    365
   5      3   1289     60    304
   6      3   1726     60    304
   7      3   1605     60    304
   8      3     10      1    365
   9      3   3014     60    304
  10      3   3004     60    304
  11      3    558     60    304
  12      5    108      1    365
  13      5      9     60    182
  14      5     33     60    213
  15      5    108      1    365
  16      5     11     60    213
  17      5      5     91    365
  18      5    129     32    365
  19      5     32      1    365
  20      5    164     60    304
  21      5     28    121    244
  22      5     68     91    213
  23      5    108     60    274
  24      5     14     91    244
  25      5    201      1    258
  26      5     30     91    213
  27      5      2     91    244
  28      5     25     32    335
  29      5     47     60    244
  30      5     65     60    244
  31      1     52      1    365
  32      1     37      1    365
  33      1     80     60    213
  34      1     41     60    274
  35      1    175      1    365
  36      1    128      1    365
  37      1     21     60    244
  38      1     91      1    365
  39      1     36     32    244
  40      1     37      1    365
  41      1    123     32    244
  42      1     59     91    365
  43      1     28     60    365
  44      1     44     60    244
  45      1     54     91    244
  46      1     15     91    213
  47      1     66      1    274
  48      1      5     91    305
  49      1     78      1    258
  50      1     39     32    166
  51      1     21     60    166
  52      1     13      1    365
  53      1     20     60    293
  54      1     13     91    213
  55      1     30     60    152
  56      1     74     60    244
  57      1     48     60    304
  58      1     53     91    182
  59      1    137     60    182
  60      5     49      1    365
  61      5    346      1    365
  62      1    214      1    365
  63      5    136      1    365
  64      1      2      1    365
  65      1     18      1    365
  66      1     47      1    365
  67      1      9      1    365
  68      5    187      1    365
  69      5     66      1    365
  70      1     57      1    365
  71      1     24      1    365
  72      5     56      1    365
  73      1   2394      1    365
  74      3     57     60    304
  75      5     42      1    365
  76      1     29      1    365
  77      1     37      1    365
  78      1     64      1    365
  79      3     18     60    304
  80      1     66      1    365
  81      1     53      1    365
  82      3     38     60    304
  83      3     11     60    304
  84      5     23      1    365
  85      3      8     60    304
  86      3     17     60    304
  87      3     29     60    304
  88      3     23     60    304
  89      3    101     60    304
  90      3     53     60    304
  91      3     96     60    304
  92      1     77      1    365
  93      1     16      1    365
  94      3    323     60    304
  95      3    169     60    304
  96      1     30      1    365
  97      1      4      1    365
  98      3    150     60    304
  99      3    140     60    304
 100      3     24     60    304
 101      1     45      1    365
 102      1     37      1    365
 103      1     50      1    365
 104      1     53      1    365
 105      3     14     60    304
 106      3    185     60    304
 107      3     97     60    304
 108      3    169     60    304
 109      3     74     60    304
 110      3      7     60    304
 111      3     72     60    304
 112      1     46     60    244
 113      5      6      1    365
 114      3     88     60    304
 115      3     43     60    304
 116      3     51     60    304
 117      5    144      1    365
 118      3     13     60    304
 119      3    116     60    304
 120      3      2     60    304
 121      3      1     60    304
 122      3    623     60    304
 123      3     59     60    304
 124      3    821     60    304
 125      3    394     60    304
 126      3     63     60    304
 127      3    387     60    304
 128      3    483     60    304
 129      3    436     60    304
 130      3    558     60    304
 131      5     75      1    365
 132      3    239     60    304
 133      3     95     60    304
 134      3     10     60    304
 135      3     66     60    304
 136      3     40     60    304
 137      5     37      1    196
 138      5     21      1    365
 139      3     17     60    304
 140      3    172     60    304
 141      3     97     60    304
 142      3    843     60    304
 143      3    441     60    304
 144      3    158     60    304
 145      3     12     60    304
 146      5     43      1    365
 147      3    528     60    304
 148      3    190     60    304
 149      3     32     60    304
 150      1      8      1    365
 151      1     21      1    365
 152      1     78      1    365
 153      3     37     60    304
 154      3     18     60    304
 155      5     49      1    365
 156      1    276      1    365
 157      1     50      1    365
 158      3    190     60    304
 159      5   2583      1    365
 160      5  10336      1    365
 161      5   3661      1    365
 162      1   1274      1    365
 163      1    197      1    365
 164      5      5      1    365
 165      5     13      1    365
 166      1     93     91    258
 167      5      7     60    274
 168      5     80     32    244
 169      5     21      1    365
 170      5     35      1    365
 171      3    131     60    304
 172      5     75     32    244
 173      5     42      1    365
 174      5   7096      1    365
 175      1     11      1    365
 176      3     75     60    304
 177      3    108     60    304
 178      3     66     60    304
 179      3     32     60    304
 180      3     31     60    304
 181      5     30      1    365
 182      3   1472     60    304
 183      3    770     60    304
 184      3     22     60    304
 185      3     13     60    304
 186      3     42     60    304
 187      3     38     60    304
 188      3     68     60    304
 189      3   2781     60    304
 190      3    432     60    304
 191      3    147     60    304
 192      1    194     91    244
 193      1     29     91    244
 194      1     25      1    365
 195      3    331      1    365
 196      3     70     60    304
 197      3    350     60    304
 198      3     88     60    304
 199      5      3      1    365
 200      3    139     60    304
 201      5      9      1    365
 202      3     40     60    304
 203      5    166      1    365
 204      5     80      1    365
 205      5    260      1    365
 206      5     73      1    365
 207      5     70      1    365
 208      5     55      1    365
 209      3     23     60    304
 210      1     29     32    304
 211      5    145     91    161
 212      3    163     60    304
 213      3   1421     60    304
 214      3     25     60    304
 215      5     22     60    244
 216      1     32      1    365
 217      3    106     60    304
 218      5     23      1    365
 219      5     42      1    365
 220      3     48     60    304
 221      3    738      1    365
 222      5    234     60    244
 223      5     14      1    365
 224      5    211      1    365
 225      3    178     60    304
 226      3    107     60    304
 227      5    188      1    365
 228      5     30      1    365
 229      3     23     60    304
 230      3    623     60    304
 231      3   1074     60    304
 232      3    291     60    304
 233      1    141      1    365
 234      3     29     60    273
 235      3    246     60    304
 236      5    691      1    365
 237      5    187      1    365
 238      3    771     60    304
 239      3    264     60    304
 240      3     61     60    304
 241      5     24      1    365
 242      5     45      1    365
 243      1    175      1    365
 244      1    127      1    365
 245      1    132      1    365
 246      1     74      1    365
 247      5    164     60    213
 248      5     28      1    365
 249      5    131     60    244
 250      5    538      1    365
 251      3    422     91    288
 252      5    749      1    365
 253      1     64      1    365
 254      3     38    105    273
 999      0      0      1    365
