   1      3     72     60    304
   2      3     52     60    304
   3      3     50     60    304
   4      3     15      1    365
   5      3   1484     60    304
   6      3   1986     60    304
   7      3   1605     60    304
   8      3      6      1    365
   9      3   3469     60    304
  10      3   3458     60    304
  11      3    587     60    304
  12      5    117      1    365
  13      5      2     60    182
  14      5     36     60    213
  15      5    117      1    365
  16      5     19     60    213
  17      5      1     91    365
  18      5    140     32    365
  19      5     35      1    365
  20      5     40     60    304
  21      5     50    121    244
  22      5    226     91    213
  23      5    192     60    274
  24      5      3     91    244
  25      5    219      1    258
  26      5     54     91    213
  27      5      4     91    244
  28      5     27     32    335
  29      5     51     60    244
  30      5    115     60    244
  31      1     36      1    365
  32      1     26      1    365
  33      1     55     60    213
  34      1     28     60    274
  35      1    120      1    365
  36      1     88      1    365
  37      1     15     60    244
  38      1     63      1    365
  39      1     25     32    244
  40      1     26      1    365
  41      1     85     32    244
  42      1    247     91    365
  43      1    119     60    365
  44      1    183     60    244
  45      1    227     91    244
  46      1     64     91    213
  47      1    277      1    274
  48      1     20     91    305
  49      1    326      1    258
  50      1    163     32    166
  51      1     89     60    166
  52      1     54      1    365
  53      1     84     60    293
  54      1     54     91    213
  55      1    124     60    152
  56      1    312     60    244
  57      1    275     60    304
  58      1    223     91    182
  59      1     95     60    182
  60      5     53      1    365
  61      5     85      1    365
  62      1    147      1    365
  63      5     33      1    365
  64      1     10      1    365
  65      1     74      1    365
  66      1    198      1    365
  67      1      6      1    365
  68      5     46      1    365
  69      5     16      1    365
  70      1     39      1    365
  71      1     99      1    365
  72      5     14      1    365
  73      1    242      1    365
  74      3     34     60    304
  75      5     10      1    365
  76      1    168      1    365
  77      1    214      1    365
  78      1    367      1    365
  79      3     12     60    304
  80      1    382      1    365
  81      1    306      1    365
  82      3     23     60    304
  83      3      7     60    304
  84      5      6      1    365
  85      3      5     60    304
  86      3     10     60    304
  87      3     30     60    304
  88      3     14     60    304
  89      3     61     60    304
  90      3     53     60    304
  91      3     61     60    304
  92      1     53      1    365
  93      1     11      1    365
  94      3    194     60    304
  95      3    169     60    304
  96      1    124      1    365
  97      1     15      1    365
  98      3    158     60    304
  99      3    147     60    304
 100      3     27     60    304
 101      1    260      1    365
 102      1    214      1    365
 103      1    290      1    365
 104      1     37      1    365
 105      3     15     60    304
 106      3    111     60    304
 107      3     97     60    304
 108      3     52     60    304
 109      3     23     60    304
 110      3      7     60    304
 111      3     76     60    304
 112      1     32     60    244
 113      5     11      1    365
 114      3     93     60    304
 115      3     43     60    304
 116      3     54     60    304
 117      5    257      1    365
 118      3      8     60    304
 119      3     36     60    304
 120      3      1     60    304
 121      3      1     60    304
 122      3    191     60    304
 123      3     59     60    304
 124      3    946     60    304
 125      3    415     60    304
 126      3     19     60    304
 127      3    244     60    304
 128      3    556     60    304
 129      3    502     60    304
 130      3    587     60    304
 131      5     18      1    365
 132      3    144     60    304
 133      3     29     60    304
 134      3      6     60    304
 135      3     42     60    304
 136      3     40     60    304
 137      5     41      1    196
 138      5     23      1    365
 139      3     10     60    304
 140      3    198     60    304
 141      3    111     60    304
 142      3    507     60    304
 143      3    441     60    304
 144      3     48     60    304
 145      3     14     60    304
 146      5     77      1    365
 147      3    333     60    304
 148      3     58     60    304
 149      3     10     60    304
 150      1     35      1    365
 151      1     89      1    365
 152      1     54      1    365
 153      3     39     60    304
 154      3     18     60    304
 155      5     53      1    365
 156      1    190      1    365
 157      1    208      1    365
 158      3     58     60    304
 159      5   2804      1    365
 160      5  11223      1    365
 161      5   3975      1    365
 162      1    878      1    365
 163      1   1131      1    365
 164      5      6      1    365
 165      5     23      1    365
 166      1     64     91    258
 167      5      8     60    274
 168      5     87     32    244
 169      5     23      1    365
 170      5     38      1    365
 171      3    138     60    304
 172      5     81     32    244
 173      5     10      1    365
 174      5   7705      1    365
 175      1     45      1    365
 176      3     45     60    304
 177      3     68     60    304
 178      3     69     60    304
 179      3     32     60    304
 180      3     32     60    304
 181      5     33      1    365
 182      3    885     60    304
 183      3    770     60    304
 184      3     14     60    304
 185      3     13     60    304
 186      3     13     60    304
 187      3     23     60    304
 188      3     71     60    304
 189      3   1671     60    304
 190      3    260     60    304
 191      3     88     60    304
 192      1    134     91    244
 193      1     20     91    244
 194      1     17      1    365
 195      3    348      1    365
 196      3     73     60    304
 197      3    210     60    304
 198      3     56     60    304
 199      5      3      1    365
 200      3     88     60    304
 201      5     10      1    365
 202      3     25     60    304
 203      5    180      1    365
 204      5     87      1    365
 205      5    282      1    365
 206      5     79      1    365
 207      5     70      1    365
 208      5     60      1    365
 209      3     15     60    304
 210      1     20     32    304
 211      5     36     91    161
 212      3    103     60    304
 213      3    897     60    304
 214      3     15     60    304
 215      5     24     60    244
 216      1     22      1    365
 217      3     67     60    304
 218      5      6      1    365
 219      5     10      1    365
 220      3     29     60    304
 221      3    849      1    365
 222      5     58     60    244
 223      5      3      1    365
 224      5     52      1    365
 225      3    112     60    304
 226      3    107     60    304
 227      5    204      1    365
 228      5     33      1    365
 229      3     15     60    304
 230      3    191     60    304
 231      3   1129     60    304
 232      3    335     60    304
 233      1     97      1    365
 234      3     17     60    273
 235      3    259     60    304
 236      5   2313      1    365
 237      5     46      1    365
 238      3    887     60    304
 239      3    304     60    304
 240      3     71     60    304
 241      5     26      1    365
 242      5     48      1    365
 243      1    120      1    365
 244      1     87      1    365
 245      1     91      1    365
 246      1     74      1    365
 247      5     40     60    213
 248      5      7      1    365
 249      5     32     60    244
 250      5    352      1    365
 251      3    129     91    288
 252      5    184      1    365
 253      1     44      1    365
 254      3     23    105    273
 999      0      0      1    365
