   1      3     89     60    304
   2      3     84     60    304
   3      3     50     60    304
   4      3     18      1    365
   5      3   1205     60    304
   6      3   1613     60    304
   7      3   1605     60    304
   8      3     10      1    365
   9      3   2817     60    304
  10      3   2808     60    304
  11      3    506     60    304
  12      5    109      1    365
  13      5      6     60    182
  14      5     34     60    213
  15      5    109      1    365
  16      5     40     60    213
  17      5      3     91    365
  18      5    130     32    365
  19      5     33      1    365
  20      5     96     60    304
  21      5    104    121    244
  22      5    155     91    213
  23      5    399     60    274
  24      5      8     91    244
  25      5    204      1    258
  26      5    112     91    213
  27      5      8     91    244
  28      5     25     32    335
  29      5     47     60    244
  30      5    239     60    244
  31      1     58      1    365
  32      1     42      1    365
  33      1     90     60    213
  34      1     46     60    274
  35      1    196      1    365
  36      1    144      1    365
  37      1     24     60    244
  38      1    102      1    365
  39      1     40     32    244
  40      1     42      1    365
  41      1    138     32    244
  42      1     91     91    365
  43      1     44     60    365
  44      1     67     60    244
  45      1     84     91    244
  46      1     24     91    213
  47      1    102      1    274
  48      1      7     91    305
  49      1    120      1    258
  50      1     60     32    166
  51      1     33     60    166
  52      1     20      1    365
  53      1     31     60    293
  54      1     20     91    213
  55      1     45     60    152
  56      1    115     60    244
  57      1    190     60    304
  58      1     82     91    182
  59      1    154     60    182
  60      5     49      1    365
  61      5    204      1    365
  62      1    240      1    365
  63      5     80      1    365
  64      1      4      1    365
  65      1     27      1    365
  66      1     73      1    365
  67      1     10      1    365
  68      5    110      1    365
  69      5     39      1    365
  70      1     64      1    365
  71      1     36      1    365
  72      5     33      1    365
  73      1   2170      1    365
  74      3     42     60    304
  75      5     25      1    365
  76      1    116      1    365
  77      1    148      1    365
  78      1    253      1    365
  79      3     18     60    304
  80      1    263      1    365
  81      1    211      1    365
  82      3     28     60    304
  83      3      8     60    304
  84      5     14      1    365
  85      3      8     60    304
  86      3     17     60    304
  87      3     26     60    304
  88      3     17     60    304
  89      3     75     60    304
  90      3     53     60    304
  91      3     97     60    304
  92      1     86      1    365
  93      1     18      1    365
  94      3    238     60    304
  95      3    169     60    304
  96      1     45      1    365
  97      1      5      1    365
  98      3    136     60    304
  99      3    126     60    304
 100      3     22     60    304
 101      1    179      1    365
 102      1    148      1    365
 103      1    200      1    365
 104      1     60      1    365
 105      3     13     60    304
 106      3    137     60    304
 107      3     97     60    304
 108      3     55     60    304
 109      3     24     60    304
 110      3      7     60    304
 111      3     65     60    304
 112      1     52     60    244
 113      5     24      1    365
 114      3     80     60    304
 115      3     43     60    304
 116      3     46     60    304
 117      5    535      1    365
 118      3     10     60    304
 119      3     38     60    304
 120      3      2     60    304
 121      3      1     60    304
 122      3    203     60    304
 123      3     59     60    304
 124      3    768     60    304
 125      3    357     60    304
 126      3     21     60    304
 127      3    391     60    304
 128      3    451     60    304
 129      3    408     60    304
 130      3    506     60    304
 131      5     44      1    365
 132      3    176     60    304
 133      3     31     60    304
 134      3     10     60    304
 135      3     67     60    304
 136      3     40     60    304
 137      5     38      1    196
 138      5     21      1    365
 139      3     13     60    304
 140      3    161     60    304
 141      3     90     60    304
 142      3    622     60    304
 143      3    441     60    304
 144      3     51     60    304
 145      3     11     60    304
 146      5    160      1    365
 147      3    533     60    304
 148      3     62     60    304
 149      3     10     60    304
 150      1     13      1    365
 151      1     33      1    365
 152      1     88      1    365
 153      3     33     60    304
 154      3     18     60    304
 155      5     49      1    365
 156      1    310      1    365
 157      1     76      1    365
 158      3     62     60    304
 159      5   2616      1    365
 160      5  10468      1    365
 161      5   3708      1    365
 162      1   1430      1    365
 163      1    780      1    365
 164      5      5      1    365
 165      5     48      1    365
 166      1    104     91    258
 167      5      7     60    274
 168      5     81     32    244
 169      5     21      1    365
 170      5     36      1    365
 171      3    119     60    304
 172      5     76     32    244
 173      5     25      1    365
 174      5   7187      1    365
 175      1     16      1    365
 176      3     55     60    304
 177      3    109     60    304
 178      3     60     60    304
 179      3     32     60    304
 180      3     28     60    304
 181      5     30      1    365
 182      3   1086     60    304
 183      3    770     60    304
 184      3     22     60    304
 185      3     13     60    304
 186      3     14     60    304
 187      3     28     60    304
 188      3     61     60    304
 189      3   2050     60    304
 190      3    319     60    304
 191      3    109     60    304
 192      1    218     91    244
 193      1     32     91    244
 194      1     28      1    365
 195      3    299      1    365
 196      3     63     60    304
 197      3    258     60    304
 198      3     89     60    304
 199      5      3      1    365
 200      3    141     60    304
 201      5      9      1    365
 202      3     40     60    304
 203      5    168      1    365
 204      5     81      1    365
 205      5    263      1    365
 206      5     74      1    365
 207      5     70      1    365
 208      5     56      1    365
 209      3     23     60    304
 210      1     32     32    304
 211      5     85     91    161
 212      3    164     60    304
 213      3   1436     60    304
 214      3     18     60    304
 215      5     22     60    244
 216      1     36      1    365
 217      3    107     60    304
 218      5     14      1    365
 219      5     25      1    365
 220      3     35     60    304
 221      3    690      1    365
 222      5    138     60    244
 223      5      8      1    365
 224      5    124      1    365
 225      3    179     60    304
 226      3    107     60    304
 227      5    190      1    365
 228      5     30      1    365
 229      3     23     60    304
 230      3    203     60    304
 231      3    972     60    304
 232      3    272     60    304
 233      1    158      1    365
 234      3     21     60    273
 235      3    223     60    304
 236      5   1581      1    365
 237      5    110      1    365
 238      3    721     60    304
 239      3    247     60    304
 240      3     57     60    304
 241      5     24      1    365
 242      5     45      1    365
 243      1    196      1    365
 244      1    142      1    365
 245      1    148      1    365
 246      1     74      1    365
 247      5     96     60    213
 248      5     17      1    365
 249      5     77     60    244
 250      5   1761      1    365
 251      3    137     91    288
 252      5    440      1    365
 253      1     72      1    365
 254      3     28    105    273
 999      0      0      1    365
