   1      3     78     60    304
   2      3    111     60    304
   3      3     50     60    304
   4      3     16      1    365
   5      3   1258     60    304
   6      3   1684     60    304
   7      3   1605     60    304
   8      3     13      1    365
   9      3   2941     60    304
  10      3   2931     60    304
  11      3    458     60    304
  12      5    106      1    365
  13      5      4     60    182
  14      5     32     60    213
  15      5    106      1    365
  16      5     36     60    213
  17      5      2     91    365
  18      5    126     32    365
  19      5     31      1    365
  20      5     62     60    304
  21      5     94    121    244
  22      5     50     91    213
  23      5    363     60    274
  24      5      5     91    244
  25      5    197      1    258
  26      5    102     91    213
  27      5      7     91    244
  28      5     24     32    335
  29      5     46     60    244
  30      5    218     60    244
  31      1     67      1    365
  32      1     48      1    365
  33      1    103     60    213
  34      1     53     60    274
  35      1    225      1    365
  36      1    165      1    365
  37      1     28     60    244
  38      1    117      1    365
  39      1     46     32    244
  40      1     48      1    365
  41      1    158     32    244
  42      1    266     91    365
  43      1    128     60    365
  44      1    197     60    244
  45      1    245     91    244
  46      1     69     91    213
  47      1    298      1    274
  48      1     21     91    305
  49      1    352      1    258
  50      1    176     32    166
  51      1     96     60    166
  52      1     59      1    365
  53      1     91     60    293
  54      1     59     91    213
  55      1    133     60    152
  56      1    336     60    244
  57      1     93     60    304
  58      1    240     91    182
  59      1    177     60    182
  60      5     48      1    365
  61      5    131      1    365
  62      1    275      1    365
  63      5     51      1    365
  64      1     11      1    365
  65      1     80      1    365
  66      1    213      1    365
  67      1     11      1    365
  68      5     71      1    365
  69      5     25      1    365
  70      1     73      1    365
  71      1    107      1    365
  72      5     21      1    365
  73      1   1977      1    365
  74      3     37     60    304
  75      5     16      1    365
  76      1     57      1    365
  77      1     72      1    365
  78      1    123      1    365
  79      3     25     60    304
  80      1    129      1    365
  81      1    103      1    365
  82      3     25     60    304
  83      3      7     60    304
  84      5      9      1    365
  85      3     11     60    304
  86      3     22     60    304
  87      3     24     60    304
  88      3     15     60    304
  89      3     65     60    304
  90      3     53     60    304
  91      3    129     60    304
  92      1     99      1    365
  93      1     21      1    365
  94      3    208     60    304
  95      3    169     60    304
  96      1    133      1    365
  97      1     16      1    365
  98      3    123     60    304
  99      3    114     60    304
 100      3     23     60    304
 101      1     87      1    365
 102      1     72      1    365
 103      1     98      1    365
 104      1     69      1    365
 105      3     12     60    304
 106      3    120     60    304
 107      3     97     60    304
 108      3    148     60    304
 109      3     65     60    304
 110      3      7     60    304
 111      3     59     60    304
 112      1     60     60    244
 113      5     22      1    365
 114      3     72     60    304
 115      3     43     60    304
 116      3     42     60    304
 117      5    486      1    365
 118      3      9     60    304
 119      3    102     60    304
 120      3      2     60    304
 121      3      1     60    304
 122      3    545     60    304
 123      3     59     60    304
 124      3    802     60    304
 125      3    323     60    304
 126      3     55     60    304
 127      3    519     60    304
 128      3    471     60    304
 129      3    426     60    304
 130      3    458     60    304
 131      5     28      1    365
 132      3    154     60    304
 133      3     83     60    304
 134      3     13     60    304
 135      3     89     60    304
 136      3     40     60    304
 137      5     37      1    196
 138      5     20      1    365
 139      3     11     60    304
 140      3    168     60    304
 141      3     94     60    304
 142      3    544     60    304
 143      3    441     60    304
 144      3    139     60    304
 145      3     12     60    304
 146      5    145      1    365
 147      3    709     60    304
 148      3    166     60    304
 149      3     28     60    304
 150      1     37      1    365
 151      1     96      1    365
 152      1    101      1    365
 153      3     30     60    304
 154      3     18     60    304
 155      5     48      1    365
 156      1    356      1    365
 157      1    224      1    365
 158      3    166     60    304
 159      5   2526      1    365
 160      5  10107      1    365
 161      5   3580      1    365
 162      1   1641      1    365
 163      1    381      1    365
 164      5      5      1    365
 165      5     44      1    365
 166      1    119     91    258
 167      5      7     60    274
 168      5     78     32    244
 169      5     20      1    365
 170      5     35      1    365
 171      3    108     60    304
 172      5     73     32    244
 173      5     16      1    365
 174      5   6939      1    365
 175      1     48      1    365
 176      3     48     60    304
 177      3    145     60    304
 178      3     54     60    304
 179      3     32     60    304
 180      3     25     60    304
 181      5     29      1    365
 182      3    950     60    304
 183      3    770     60    304
 184      3     29     60    304
 185      3     13     60    304
 186      3     37     60    304
 187      3     25     60    304
 188      3     56     60    304
 189      3   1794     60    304
 190      3    279     60    304
 191      3     95     60    304
 192      1    250     91    244
 193      1     37     91    244
 194      1     32      1    365
 195      3    271      1    365
 196      3     57     60    304
 197      3    226     60    304
 198      3    118     60    304
 199      5      3      1    365
 200      3    187     60    304
 201      5      9      1    365
 202      3     53     60    304
 203      5    162      1    365
 204      5     78      1    365
 205      5    254      1    365
 206      5     71      1    365
 207      5     70      1    365
 208      5     54      1    365
 209      3     31     60    304
 210      1     37     32    304
 211      5     55     91    161
 212      3    218     60    304
 213      3   1908     60    304
 214      3     16     60    304
 215      5     21     60    244
 216      1     41      1    365
 217      3    143     60    304
 218      5      9      1    365
 219      5     16      1    365
 220      3     31     60    304
 221      3    720      1    365
 222      5     89     60    244
 223      5      5      1    365
 224      5     80      1    365
 225      3    239     60    304
 226      3    107     60    304
 227      5    184      1    365
 228      5     29      1    365
 229      3     31     60    304
 230      3    545     60    304
 231      3    880     60    304
 232      3    284     60    304
 233      1    181      1    365
 234      3     19     60    273
 235      3    202     60    304
 236      5    511      1    365
 237      5     71      1    365
 238      3    752     60    304
 239      3    258     60    304
 240      3     60     60    304
 241      5     23      1    365
 242      5     44      1    365
 243      1    225      1    365
 244      1    163      1    365
 245      1    170      1    365
 246      1     74      1    365
 247      5     62     60    213
 248      5     11      1    365
 249      5     50     60    244
 250      5    748      1    365
 251      3    369     91    288
 252      5    284      1    365
 253      1     83      1    365
 254      3     25    105    273
 999      0      0      1    365
