   1      3     96     60    304
   2      3     88     60    304
   3      3     50     60    304
   4      3     20      1    365
   5      3   1476     60    304
   6      3   1976     60    304
   7      3   1605     60    304
   8      3     11      1    365
   9      3   3450     60    304
  10      3   3439     60    304
  11      3    588     60    304
  12      5    106      1    365
  13      5      3     60    182
  14      5     33     60    213
  15      5    106      1    365
  16      5     51     60    213
  17      5      1     91    365
  18      5    126     32    365
  19      5     32      1    365
  20      5     50     60    304
  21      5    133    121    244
  22      5    143     91    213
  23      5    512     60    274
  24      5      4     91    244
  25      5    198      1    258
  26      5    143     91    213
  27      5     10     91    244
  28      5     24     32    335
  29      5     46     60    244
  30      5    307     60    244
  31      1     37      1    365
  32      1     27      1    365
  33      1     57     60    213
  34      1     29     60    274
  35      1    124      1    365
  36      1     91      1    365
  37      1     15     60    244
  38      1     65      1    365
  39      1     25     32    244
  40      1     27      1    365
  41      1     88     32    244
  42      1    110     91    365
  43      1     53     60    365
  44      1     82     60    244
  45      1    102     91    244
  46      1     29     91    213
  47      1    124      1    274
  48      1      9     91    305
  49      1    146      1    258
  50      1     73     32    166
  51      1     40     60    166
  52      1     24      1    365
  53      1     38     60    293
  54      1     24     91    213
  55      1     55     60    152
  56      1    139     60    244
  57      1     27     60    304
  58      1     99     91    182
  59      1     98     60    182
  60      5     48      1    365
  61      5    106      1    365
  62      1    152      1    365
  63      5     41      1    365
  64      1      4      1    365
  65      1     33      1    365
  66      1     88      1    365
  67      1      6      1    365
  68      5     57      1    365
  69      5     20      1    365
  70      1     41      1    365
  71      1     44      1    365
  72      5     17      1    365
  73      1    630      1    365
  74      3     46     60    304
  75      5     13      1    365
  76      1     17      1    365
  77      1     21      1    365
  78      1     37      1    365
  79      3     19     60    304
  80      1     38      1    365
  81      1     31      1    365
  82      3     30     60    304
  83      3      9     60    304
  84      5      7      1    365
  85      3      9     60    304
  86      3     18     60    304
  87      3     30     60    304
  88      3     18     60    304
  89      3     80     60    304
  90      3     53     60    304
  91      3    102     60    304
  92      1     55      1    365
  93      1     11      1    365
  94      3    256     60    304
  95      3    169     60    304
  96      1     55      1    365
  97      1      7      1    365
  98      3    158     60    304
  99      3    147     60    304
 100      3     27     60    304
 101      1     26      1    365
 102      1     21      1    365
 103      1     29      1    365
 104      1     38      1    365
 105      3     15     60    304
 106      3    147     60    304
 107      3     97     60    304
 108      3    183     60    304
 109      3     80     60    304
 110      3      7     60    304
 111      3     76     60    304
 112      1     33     60    244
 113      5     31      1    365
 114      3     93     60    304
 115      3     43     60    304
 116      3     54     60    304
 117      5    686      1    365
 118      3     11     60    304
 119      3    126     60    304
 120      3      2     60    304
 121      3      1     60    304
 122      3    674     60    304
 123      3     59     60    304
 124      3    940     60    304
 125      3    415     60    304
 126      3     68     60    304
 127      3    408     60    304
 128      3    553     60    304
 129      3    500     60    304
 130      3    588     60    304
 131      5     23      1    365
 132      3    190     60    304
 133      3    103     60    304
 134      3     11     60    304
 135      3     70     60    304
 136      3     40     60    304
 137      5     37      1    196
 138      5     20      1    365
 139      3     14     60    304
 140      3    197     60    304
 141      3    111     60    304
 142      3    669     60    304
 143      3    441     60    304
 144      3    171     60    304
 145      3     14     60    304
 146      5    205      1    365
 147      3    558     60    304
 148      3    205     60    304
 149      3     34     60    304
 150      1     15      1    365
 151      1     40      1    365
 152      1     56      1    365
 153      3     39     60    304
 154      3     18     60    304
 155      5     48      1    365
 156      1    197      1    365
 157      1     93      1    365
 158      3    205     60    304
 159      5   2537      1    365
 160      5  10155      1    365
 161      5   3597      1    365
 162      1    908      1    365
 163      1    113      1    365
 164      5      5      1    365
 165      5     61      1    365
 166      1     66     91    258
 167      5      7     60    274
 168      5     79     32    244
 169      5     20      1    365
 170      5     35      1    365
 171      3    138     60    304
 172      5     73     32    244
 173      5     13      1    365
 174      5   6972      1    365
 175      1     20      1    365
 176      3     59     60    304
 177      3    114     60    304
 178      3     69     60    304
 179      3     32     60    304
 180      3     32     60    304
 181      5     30      1    365
 182      3   1168     60    304
 183      3    770     60    304
 184      3     23     60    304
 185      3     13     60    304
 186      3     46     60    304
 187      3     30     60    304
 188      3     71     60    304
 189      3   2205     60    304
 190      3    343     60    304
 191      3    117     60    304
 192      1    138     91    244
 193      1     20     91    244
 194      1     18      1    365
 195      3    348      1    365
 196      3     73     60    304
 197      3    278     60    304
 198      3     93     60    304
 199      5      3      1    365
 200      3    147     60    304
 201      5      9      1    365
 202      3     42     60    304
 203      5    163      1    365
 204      5     79      1    365
 205      5    255      1    365
 206      5     71      1    365
 207      5     70      1    365
 208      5     54      1    365
 209      3     25     60    304
 210      1     20     32    304
 211      5     44     91    161
 212      3    172     60    304
 213      3   1501     60    304
 214      3     20     60    304
 215      5     21     60    244
 216      1     23      1    365
 217      3    112     60    304
 218      5      7      1    365
 219      5     13      1    365
 220      3     38     60    304
 221      3    844      1    365
 222      5     72     60    244
 223      5      4      1    365
 224      5     64      1    365
 225      3    188     60    304
 226      3    107     60    304
 227      5    185      1    365
 228      5     30      1    365
 229      3     25     60    304
 230      3    674     60    304
 231      3   1130     60    304
 232      3    334     60    304
 233      1    100      1    365
 234      3     23     60    273
 235      3    259     60    304
 236      5   1462      1    365
 237      5     57      1    365
 238      3    883     60    304
 239      3    303     60    304
 240      3     70     60    304
 241      5     23      1    365
 242      5     44      1    365
 243      1    124      1    365
 244      1     90      1    365
 245      1     94      1    365
 246      1     74      1    365
 247      5     50     60    213
 248      5      9      1    365
 249      5     40     60    244
 250      5   2073      1    365
 251      3    457     91    288
 252      5    229      1    365
 253      1     46      1    365
 254      3     30    105    273
 999      0      0      1    365
