   1      3    107     60    304
   2      3     60     60    304
   3      3     50     60    304
   4      3     22      1    365
   5      3   1438     60    304
   6      3   1924     60    304
   7      3   1605     60    304
   8      3      7      1    365
   9      3   3361     60    304
  10      3   3350     60    304
  11      3    494     60    304
  12      5    114      1    365
  13      5      4     60    182
  14      5     35     60    213
  15      5    114      1    365
  16      5     23     60    213
  17      5      2     91    365
  18      5    136     32    365
  19      5     34      1    365
  20      5     74     60    304
  21      5     60    121    244
  22      5     34     91    213
  23      5    232     60    274
  24      5      6     91    244
  25      5    212      1    258
  26      5     65     91    213
  27      5      5     91    244
  28      5     26     32    335
  29      5     49     60    244
  30      5    139     60    244
  31      1     47      1    365
  32      1     34      1    365
  33      1     73     60    213
  34      1     37     60    274
  35      1    158      1    365
  36      1    116      1    365
  37      1     19     60    244
  38      1     82      1    365
  39      1     32     32    244
  40      1     34      1    365
  41      1    111     32    244
  42      1    104     91    365
  43      1     50     60    365
  44      1     77     60    244
  45      1     96     91    244
  46      1     27     91    213
  47      1    117      1    274
  48      1      8     91    305
  49      1    137      1    258
  50      1     69     32    166
  51      1     37     60    166
  52      1     23      1    365
  53      1     35     60    293
  54      1     23     91    213
  55      1     52     60    152
  56      1    131     60    244
  57      1    107     60    304
  58      1     94     91    182
  59      1    124     60    182
  60      5     51      1    365
  61      5    156      1    365
  62      1    193      1    365
  63      5     61      1    365
  64      1      4      1    365
  65      1     31      1    365
  66      1     83      1    365
  67      1      8      1    365
  68      5     84      1    365
  69      5     29      1    365
  70      1     52      1    365
  71      1     42      1    365
  72      5     25      1    365
  73      1   1964      1    365
  74      3     51     60    304
  75      5     19      1    365
  76      1     66      1    365
  77      1     83      1    365
  78      1    143      1    365
  79      3     13     60    304
  80      1    149      1    365
  81      1    119      1    365
  82      3     34     60    304
  83      3     10     60    304
  84      5     11      1    365
  85      3      6     60    304
  86      3     12     60    304
  87      3     25     60    304
  88      3     20     60    304
  89      3     90     60    304
  90      3     53     60    304
  91      3     69     60    304
  92      1     69      1    365
  93      1     15      1    365
  94      3    288     60    304
  95      3    169     60    304
  96      1     52      1    365
  97      1      6      1    365
  98      3    133     60    304
  99      3    124     60    304
 100      3     26     60    304
 101      1    101      1    365
 102      1     83      1    365
 103      1    113      1    365
 104      1     48      1    365
 105      3     13     60    304
 106      3    165     60    304
 107      3     97     60    304
 108      3    111     60    304
 109      3     48     60    304
 110      3      7     60    304
 111      3     64     60    304
 112      1     42     60    244
 113      5     14      1    365
 114      3     78     60    304
 115      3     43     60    304
 116      3     45     60    304
 117      5    311      1    365
 118      3     12     60    304
 119      3     76     60    304
 120      3      1     60    304
 121      3      1     60    304
 122      3    408     60    304
 123      3     59     60    304
 124      3    916     60    304
 125      3    349     60    304
 126      3     42     60    304
 127      3    278     60    304
 128      3    538     60    304
 129      3    487     60    304
 130      3    494     60    304
 131      5     34      1    365
 132      3    213     60    304
 133      3     62     60    304
 134      3      7     60    304
 135      3     48     60    304
 136      3     40     60    304
 137      5     39      1    196
 138      5     22      1    365
 139      3     15     60    304
 140      3    192     60    304
 141      3    108     60    304
 142      3    751     60    304
 143      3    441     60    304
 144      3    104     60    304
 145      3     13     60    304
 146      5     93      1    365
 147      3    380     60    304
 148      3    125     60    304
 149      3     21     60    304
 150      1     15      1    365
 151      1     37      1    365
 152      1     71      1    365
 153      3     33     60    304
 154      3     18     60    304
 155      5     51      1    365
 156      1    250      1    365
 157      1     87      1    365
 158      3    125     60    304
 159      5   2721      1    365
 160      5  10890      1    365
 161      5   3857      1    365
 162      1   1152      1    365
 163      1    441      1    365
 164      5      5      1    365
 165      5     28      1    365
 166      1     84     91    258
 167      5      8     60    274
 168      5     84     32    244
 169      5     22      1    365
 170      5     37      1    365
 171      3    116     60    304
 172      5     79     32    244
 173      5     19      1    365
 174      5   7476      1    365
 175      1     19      1    365
 176      3     66     60    304
 177      3     78     60    304
 178      3     58     60    304
 179      3     32     60    304
 180      3     27     60    304
 181      5     32      1    365
 182      3   1310     60    304
 183      3    770     60    304
 184      3     16     60    304
 185      3     13     60    304
 186      3     28     60    304
 187      3     34     60    304
 188      3     60     60    304
 189      3   2475     60    304
 190      3    385     60    304
 191      3    131     60    304
 192      1    176     91    244
 193      1     26     91    244
 194      1     23      1    365
 195      3    292      1    365
 196      3     62     60    304
 197      3    311     60    304
 198      3     63     60    304
 199      5      3      1    365
 200      3    100     60    304
 201      5     10      1    365
 202      3     29     60    304
 203      5    175      1    365
 204      5     84      1    365
 205      5    273      1    365
 206      5     77      1    365
 207      5     70      1    365
 208      5     58      1    365
 209      3     17     60    304
 210      1     26     32    304
 211      5     65     91    161
 212      3    117     60    304
 213      3   1022     60    304
 214      3     22     60    304
 215      5     23     60    244
 216      1     29      1    365
 217      3     76     60    304
 218      5     11      1    365
 219      5     19      1    365
 220      3     43     60    304
 221      3    823      1    365
 222      5    105     60    244
 223      5      6      1    365
 224      5     95      1    365
 225      3    128     60    304
 226      3    107     60    304
 227      5    198      1    365
 228      5     32      1    365
 229      3     17     60    304
 230      3    408     60    304
 231      3    950     60    304
 232      3    325     60    304
 233      1    127      1    365
 234      3     26     60    273
 235      3    218     60    304
 236      5    349      1    365
 237      5     84      1    365
 238      3    860     60    304
 239      3    295     60    304
 240      3     68     60    304
 241      5     25      1    365
 242      5     47      1    365
 243      1    158      1    365
 244      1    114      1    365
 245      1    119      1    365
 246      1     74      1    365
 247      5     74     60    213
 248      5     13      1    365
 249      5     59     60    244
 250      5   1859      1    365
 251      3    277     91    288
 252      5    336      1    365
 253      1     58      1    365
 254      3     34    105    273
 999      0      0      1    365
