20, -145987.01269372966, 4097.158398947334, [ 5.  1. 77.  2.  0.  2.]
20, -201859.5860933374, 4419.365444154324, [ 1.  1. 83.  1.  1.  2.]
20, -55011.63502207505, 3960.9609915223464, [ 0.  9. 66.  2.  2.  2.]
20, -342157.7332077464, 5675.751220115578, [ 2.  1. 97.  1.  2.  1.]
20, -205589.68515274843, 4618.165390738068, [ 3.  3. 84.  0.  0.  2.]
20, -256988.58286522783, 5162.582323997809, [ 3.  2. 85.  1.  2.  0.]
20, -257188.58286522783, 5286.542864731934, [ 3.  3. 85.  2.  1.  0.]
20, -218188.58286522783, 4628.474810290915, [ 3.  3. 85.  2.  1.  2.]
20, -312798.80234456056, 5295.233102975141, [ 2.  1. 94.  2.  0.  1.]
20, -80931.89820861431, 3984.0551949410665, [ 2.  0. 64.  2.  0.  0.]
20, -218510.23949205282, 5015.682645010789, [ 3.  4. 81.  0.  2.  0.]
20, -180810.23949205282, 4254.8274571618185, [ 3.  3. 81.  2.  0.  2.]
68, -1348907.4742074679, 9153.384367909533, [48.  1. 50.  0.  1.  0.]
68, -1320335.980077662, 9153.294251734926, [46.  1. 50.  0.  1.  0.]
68, -1198137.922596185, 5962.651184486707, [52.  0. 39.  2.  2.  2.]
68, -572590.8263055364, 3962.7105064311327, [ 0.  0. 39.  0.  0.  2.]
68, -1181319.9954009294, 5779.038761651638, [94.  2.  1.  2.  0.  0.]
68, -1213299.9954009294, 6004.050675790697, [94.  2.  0.  0.  2.  2.]
68, -860453.838846655, 4630.775875577807, [ 0.  0. 78.  1.  0.  2.]
68, -1163879.9874585336, 5456.338224188769, [89.  3.  2.  2.  2.  2.]
68, -1032599.9620033086, 5456.33814911123, [83.  3.  2.  2.  2.  2.]
68, -1081559.9735788452, 5456.338184740692, [85.  3.  2.  2.  2.  2.]
68, -826894.247798516, 4620.768923125674, [ 0.  1. 70.  0.  2.  2.]
68, -789428.6144860284, 4351.336665141107, [ 1.  0. 62.  2.  2.  2.]
68, -1204459.9931300103, 5990.520389590112, [92.  1.  0.  0.  0.  2.]
68, -1222574.389092332, 6262.139536379054, [46.  0. 44.  2.  0.  2.]
68, -1300451.1420126483, 7806.061725317522, [52.  0. 41.  0.  2.  0.]
68, -911856.7048636297, 4698.3816614560965, [ 0.  0. 93.  0.  1.  2.]
68, -402066.24155630235, 3763.5020946693658, [ 0.  0. 31.  0.  0.  2.]
30, -691346.2846931305, 5707.479359406281, [  0.   0. 100.   1.   2.   1.]
30, -685346.2846931305, 3864.487615643768, [  0.   0. 100.   2.   0.   2.]
30, -407575.120642997, 3768.004641171618, [ 0.  2. 71.  2.  2.  2.]
24, -137332.56103176984, 4794.329713691551, [ 2. 91.  2.  2.  2.  0.]
24, -151033.0763122818, 4832.260483902817, [ 2. 94.  3.  2.  2.  0.]
24, -170325.6433968417, 4842.0511236170405, [ 9.  0. 63.  2.  2.  0.]
24, -149803.67674915152, 4805.554175639509, [ 9.  0. 61.  2.  2.  0.]
24, -110803.67674915152, 4190.311083868131, [ 9.  0. 61.  2.  2.  2.]
24, -293732.7169790763, 4904.917798429919, [ 0.  3. 74.  0.  0.  0.]
24, -459280.8729057442, 5476.394336492348, [ 7.  0. 91.  2.  1.  0.]
67, -795259.997275326, 4479.068203043138, [ 0. 96.  1.  0.  2.  2.]
67, -1035059.9722741095, 5247.341247821839, [86.  0. 13.  2.  0.  2.]
67, -1373734.5616796096, 8137.1520871284465, [52.  0. 47.  0.  0.  0.]
67, -720064.7220653426, 4150.460369243303, [ 0.  0. 50.  0.  0.  2.]
67, -1209709.9966462213, 6299.87048349555, [97.  2.  1.  0.  2.  0.]
67, -431624.11235283484, 3842.501400601967, [ 1.  0. 33.  2.  2.  2.]
67, -1090475.4641604782, 5805.453297343045, [55.  0. 33.  2.  2.  2.]
67, -1176522.162294329, 5805.483637615156, [63.  0. 33.  2.  2.  2.]
67, -831694.3850664244, 5223.417696198128, [ 1.  2. 73.  2.  2.  2.]
67, -1341212.6614321596, 6789.677993699417, [58.  0. 41.  2.  2.  0.]
67, -1367346.5978393601, 7328.282358888433, [54.  1. 45.  2.  2.  0.]
67, -1385758.305594872, 9291.255348117495, [55.  0. 45.  1.  1.  0.]
67, -1364213.8803639018, 7067.137676372549, [55.  0. 44.  2.  0.  0.]
25, -502511.4781035597, 6325.102150330586, [ 1.  4. 93.  1.  1.  0.]
25, -149817.16653575355, 4196.735116709885, [ 0. 88.  0.  2.  2.  2.]
25, -484909.8218346962, 6182.866251785738, [ 1.  4. 95.  2.  0.  1.]
25, -476204.9265053747, 4321.460136214468, [ 1.  0. 89.  2.  2.  0.]
62, -1175219.9833578411, 5799.999943715643, [96.  0.  0.  0.  0.  1.]
62, -1125619.9767695263, 5680.601915012955, [94.  1.  1.  0.  2.  2.]
62, -1179588.5152956434, 7672.148012752346, [57.  2. 41.  0.  2.  2.]
62, -1218588.5152956434, 8447.707268331851, [57.  2. 41.  0.  2.  0.]
62, -597029.8773516107, 3986.4731574472526, [ 0.  0. 44.  0.  0.  2.]
62, -884358.038063426, 5562.429370440625, [ 2.  1. 95.  2.  0.  2.]
62, -329916.29276016884, 3681.9755572677263, [ 0.  0. 31.  0.  0.  2.]
62, -849029.3975534379, 5295.770541224007, [ 0.  1. 83.  0.  1.  2.]
62, -1207800.3992483928, 8413.631522188927, [51.  2. 47.  2.  2.  1.]
62, -847912.9457023373, 4011.0988209149027, [ 0.  0. 82.  2.  2.  2.]
62, -1206380.2768567773, 7857.276441598803, [50.  3. 46.  2.  2.  0.]
34, -722762.5081715399, 6101.656967615676, [ 2.  4. 90.  0.  2.  0.]
34, -660551.494370887, 4043.746560775947, [ 0.  0. 86.  1.  2.  2.]
34, -680563.8314860599, 5143.4718090633905, [ 4.  0. 89.  0.  0.  2.]
34, -679332.5098657946, 4621.151887139982, [ 0.  5. 88.  2.  2.  2.]
91, -949161.6715725493, 5346.765019168472, [ 0.  2. 80.  0.  2.  2.]
91, -1178819.9916036262, 5541.906443725128, [68.  3.  0.  2.  2.  2.]
91, -1777131.402823885, 9694.134866988075, [68.  3. 28.  0.  0.  0.]
91, -895039.9999792657, 4408.757493774439, [ 0. 89.  2.  2.  2.  2.]
91, -1754264.1527911641, 9400.226060292944, [62.  2. 32.  0.  0.  0.]
91, -1849924.1825944693, 9867.331644546737, [68.  0. 32.  1.  0.  1.]
91, -1445523.7448501792, 6040.397367059226, [52.  0. 32.  2.  2.  2.]
91, -1588673.459151884, 6876.912510413556, [78.  0. 21.  0.  0.  2.]
91, -1489557.463495396, 6874.510623093007, [61.  2. 26.  2.  2.  2.]
91, -1703542.5492004217, 7553.247227106578, [65.  4. 29.  2.  2.  2.]
49, -810386.1210146965, 4276.146126838566, [ 1.  0. 92.  2.  2.  2.]
49, -868826.2990281585, 8533.57263675692, [52.  1. 47.  0.  1.  0.]
49, -37167.13950597265, 3768.1552486541395, [ 1.  0. 26.  0.  0.  2.]
49, -865832.5080806359, 5430.894223590123, [ 0.  1. 97.  0.  2.  0.]
49, -816977.3225105471, 5418.653991253828, [ 0.  1. 83.  2.  0.  0.]
49, -779447.3225105471, 4213.99049344037, [ 0.  1. 83.  2.  2.  2.]
82, -1525972.0098045927, 8323.41146927049, [53.  1. 43.  2.  1.  0.]
82, -1306479.9999231747, 5438.298825223343, [95.  1.  2.  2.  2.  1.]
82, -52206.10946739714, 4426.896187916634, [ 0.  1. 16.  0.  1.  2.]
82, -754139.1528815288, 4477.764016795337, [55.  0.  3.  2.  2.  2.]
82, -1186919.9964317947, 4477.767201141741, [79.  0.  3.  2.  2.  2.]
82, -1437926.8779645164, 8183.182177242803, [45.  2. 47.  0.  2.  2.]
63, -713047.2625527871, 4333.515862573613, [ 0.  0. 52.  1.  0.  2.]
63, -1004399.9414315331, 6013.312152701769, [87.  1.  0.  0.  2.  1.]
63, -1066001.7393726513, 10990.934386262761, [63.  4. 31.  1.  0.  1.]
63, -1062466.667186694, 8104.365102773963, [ 1. 45. 54.  1.  2.  0.]
63, -873759.9782641773, 5569.96913480253, [ 2.  2. 90.  2.  2.  2.]
13, -27118.73015926605, 3576.2978924108465, [ 4.  0. 96.  0.  2.  2.]
13, -54550.41557734934, 4351.830191029969, [ 0.  2. 93.  0.  1.  0.]
25, -368920.0389090466, 4666.828136913152, [ 1.  0. 77.  1.  2.  0.]
25, -167662.056487626, 4454.135854883911, [82.  0.  2.  2.  0.  2.]
25, -343525.6367957445, 4551.498471194347, [ 1.  1. 75.  2.  0.  0.]
25, -386166.8199891339, 6521.473456942817, [ 6.  8. 79.  2.  0.  0.]
82, -116220.772439522, 4150.4830445191665, [ 1.  0. 18.  0.  0.  2.]
82, -346961.5960074184, 4400.698033169353, [ 1.  0. 24.  0.  0.  2.]
82, -1216439.9991648933, 4677.767207862836, [85.  0.  3.  2.  0.  2.]
82, -1574899.3993518308, 8175.65234165557, [72.  1. 27.  2.  0.  1.]
82, -1253999.9996785072, 4677.767209109696, [89.  0.  3.  2.  0.  2.]
82, -1612201.4427738586, 8600.085728667584, [68.  1. 31.  0.  0.  0.]
82, -1285159.9998761714, 5495.653469211481, [93.  2.  4.  2.  2.  2.]
82, -1558871.1369517318, 7238.550269810923, [70.  0. 28.  0.  1.  2.]
82, -1532392.1154127547, 6451.851248352769, [71.  0. 25.  2.  2.  0.]
82, -1462031.5723999012, 5702.849090582695, [71.  0. 24.  2.  2.  2.]
34, -639286.521300853, 5168.781559850539, [10.  0. 85.  2.  2.  2.]
34, -548789.1538203856, 3983.5604090745906, [ 2.  0. 76.  2.  2.  2.]
34, -689423.0508328589, 6500.588410809316, [ 2.  6. 92.  1.  0.  2.]
34, -694942.0447695068, 7119.279933276436, [ 2.  3. 91.  1.  2.  1.]
34, -685882.0447695068, 5578.1581870792525, [ 2.  6. 91.  0.  2.  2.]
34, -128873.8239935853, 3506.940954247123, [ 2.  0. 44.  2.  2.  2.]
24, -292274.3663019129, 3569.2418474757897, [ 0.  2. 77.  2.  2.  2.]
24, -486546.7173504473, 4564.224097815882, [ 0.  0. 94.  0.  0.  0.]
24, -493995.03126211837, 4576.579130187827, [ 0.  0. 95.  0.  0.  0.]
24, -454995.03126211837, 3832.43434764087, [ 0.  0. 95.  0.  0.  2.]
13, -32717.720692348244, 4399.076915126643, [ 3.  2. 89.  0.  0.  0.]
72, -1409861.4075777289, 6489.568426879439, [55.  0. 43.  2.  1.  2.]
72, -695265.5175724409, 4089.5850530716402, [ 0.  0. 43.  0.  0.  2.]
72, -758278.8091681817, 4599.995450673066, [61.  0.  0.  2.  2.  1.]
72, -1188839.9932902784, 4599.9999834442315, [87.  0.  0.  2.  2.  1.]
72, -718914.2510404824, 4599.935446984091, [ 2.  0. 47.  2.  2.  2.]
72, -1407588.1784191737, 6158.012341120766, [53.  0. 47.  2.  2.  2.]
72, -1471998.666479683, 8765.135766811069, [55.  1. 44.  0.  0.  0.]
72, -1415658.666479683, 6573.851825108302, [55.  1. 44.  2.  2.  2.]
72, -1454956.77334615, 6989.095975868678, [54.  0. 46.  2.  2.  0.]
30, -534588.2474484987, 4730.769870571046, [ 6.  0. 85.  2.  0.  2.]
30, -569446.0447729388, 4892.307115200734, [ 0.  0. 84.  0.  1.  0.]
30, -434610.98553913925, 4176.947707011098, [ 0.  3. 74.  0.  2.  2.]
24, -308877.25065960997, 4298.977088830083, [ 0.  0. 75.  0.  0.  0.]
24, -361008.4441668311, 4833.324538551707, [ 1.  6. 83.  1.  2.  2.]
24, -441786.7173504473, 5024.121704405747, [ 4.  0. 94.  1.  0.  2.]
24, -420640.8729057442, 4994.052567420041, [ 1.  3. 91.  0.  1.  2.]
24, -475757.91325611004, 5301.857393070119, [ 0.  7. 93.  0.  2.  0.]
24, -402888.4441668311, 4884.302776624825, [ 0.  3. 83.  1.  2.  0.]
13, -37380.16167612665, 4617.72090802569, [ 5.  1. 90.  1.  2.  0.]
13, -48784.43354555176, 4693.426312531252, [ 2.  1. 92.  1.  1.  0.]
30, -490138.72580004454, 4594.99689654839, [98.  2.  0.  2.  2.  2.]
30, -446919.4927296126, 4594.843239643331, [94.  2.  0.  2.  2.  2.]
30, -253660.8415560632, 3977.3751977218326, [ 0.  3. 59.  0.  2.  2.]
30, -240588.4097072386, 3601.0814371547185, [ 0.  1. 58.  0.  2.  2.]
30, -583552.3311108254, 5678.723408923117, [ 0.  5. 86.  2.  0.  0.]
30, -24313.2451578514, 3102.4618512576394, [ 0.  0. 41.  0.  2.  2.]
30, -544552.3311108254, 4706.7858771572955, [ 0.  4. 86.  2.  0.  2.]
82, -788819.9976211966, 4528.5467754547535, [ 0. 79.  1.  2.  2.  0.]
82, -840099.999831139, 4528.546783585031, [ 0. 90.  1.  2.  2.  0.]
82, -127203.62167212158, 3606.1526509665227, [ 0.  0. 17.  2.  2.  0.]
82, -1134479.393887322, 5806.682004125415, [ 0. 69. 27.  2.  2.  2.]
82, -1476441.0715820412, 6069.138303229074, [67.  0. 29.  2.  0.  2.]
82, -1530481.0915652995, 7312.650797379503, [69.  2. 29.  2.  0.  2.]
82, -1375312.082431815, 5938.888316235876, [67.  0. 25.  2.  0.  2.]
82, -1502270.405548764, 6098.497646776098, [67.  0. 30.  2.  0.  2.]
82, -1391771.0791722622, 6038.550103328202, [65.  0. 28.  2.  0.  2.]
82, -233699.3957357572, 4190.618705580802, [ 0.  0. 20.  0.  0.  0.]
82, -1453336.3240646925, 6051.477897349752, [57.  0. 36.  2.  2.  2.]
82, -923639.0899145309, 5036.706587396411, [ 1.  0. 81.  2.  1.  2.]
82, -1302811.3693868166, 5865.301334199288, [67.  0. 23.  2.  0.  2.]
82, -431279.4182907874, 4339.316428103337, [ 0.  2. 27.  2.  2.  2.]
82, -1084439.9810610435, 5271.221930021409, [72.  0. 11.  2.  0.  2.]
20, -375417.8682377077, 5328.48223531423, [  0.   0. 100.   0.   1.   1.]
20, -247087.19381855923, 4263.4401663191165, [ 3.  0. 88.  1.  2.  2.]
20, -67028.8007890935, 3678.577799697041, [ 0.  0. 62.  0.  2.  0.]
63, -1149959.984775078, 5572.978302706507, [95.  1.  4.  2.  1.  2.]
63, -1251255.929448516, 7862.949049214671, [56.  1. 43.  2.  1.  0.]
63, -97527.47794260421, 3961.867140229941, [ 0.  1. 21.  2.  2.  0.]
63, -944579.9308307305, 4749.735437837379, [86.  0.  5.  2.  0.  2.]
63, -1188310.6557274542, 6180.528204050384, [54.  0. 43.  2.  0.  2.]
63, -1253948.8905195687, 9377.466240663798, [47.  0. 52.  1.  1.  0.]
63, -793209.3591024432, 4669.275734204148, [ 0.  1. 68.  2.  0.  2.]
38, -744560.8407817765, 5979.052815247562, [ 0.  2. 85.  0.  1.  0.]
38, -726237.4779829312, 5395.286270450886, [ 0.  3. 80.  0.  2.  0.]
38, -716461.8550748444, 5164.612686056433, [ 0.  2. 88.  0.  1.  2.]
38, -582938.4637816946, 4445.064002303343, [88.  0.  1.  2.  0.  2.]
38, -527056.5303392078, 4444.935142281278, [81.  0.  1.  2.  0.  2.]
38, -757048.7462109035, 6181.923411851002, [ 0.  4. 89.  0.  0.  0.]
62, -719877.2183349287, 4350.010604767789, [ 0.  0. 54.  0.  1.  2.]
62, -1229785.1764303385, 7898.91058453888, [47.  0. 49.  0.  2.  0.]
62, -1128399.9803340824, 5794.066373079889, [95.  2.  0.  2.  0.  1.]
62, -1111079.9767695263, 4599.999938764041, [94.  0.  0.  2.  0.  0.]
62, -1141119.9803340824, 6243.22791630845, [95.  2.  1.  0.  2.  0.]
62, -1066439.9676229132, 4399.999911169099, [92.  0.  0.  2.  0.  2.]
62, -954839.9263152858, 4399.999774857266, [87.  0.  0.  2.  0.  2.]
62, -1118399.9803340824, 5173.1844583325965, [95.  0.  4.  2.  1.  0.]
67, -998500.8630537812, 6774.869510356537, [ 1. 51. 41.  0.  2.  2.]
67, -793919.9977641476, 4555.531508611389, [ 0. 97.  2.  0.  2.  2.]
67, -1165379.824160662, 7752.892595245566, [41.  2. 48.  2.  2.  0.]
67, -373563.1200618808, 4555.404796871918, [ 0. 49.  2.  0.  2.  2.]
67, -878667.103131891, 5055.272340124147, [ 0.  2. 85.  0.  2.  2.]
67, -1335116.9652907548, 8239.204362844546, [47.  0. 52.  0.  0.  0.]
67, -910129.1760157302, 5242.0598420847555, [79.  0. 17.  2.  2.  2.]
67, -958765.9104301089, 6671.620454294005, [77.  2. 21.  2.  0.  2.]
67, -304339.9766825305, 4255.062515608753, [ 0.  2. 28.  0.  2.  2.]
25, -209525.66741361213, 3508.1325057237764, [ 1.  1. 67.  2.  2.  2.]
25, -484187.6676264911, 4334.527737264753, [ 0.  1. 90.  2.  2.  0.]
25, -499382.51851874706, 4375.139533113611, [ 0.  1. 97.  0.  1.  2.]
25, -441937.6676264911, 4066.568553779775, [ 2.  0. 90.  0.  2.  2.]
25, -482659.8218346962, 4330.483042590719, [ 1.  1. 95.  1.  2.  2.]
25, -505761.4781035597, 4682.910053349164, [ 3.  0. 93.  2.  2.  0.]
25, -427994.067807414, 3884.670474102104, [ 3.  0. 88.  2.  2.  2.]
63, -724898.5600848045, 3761.9977635839896, [ 0.  0. 54.  2.  2.  2.]
63, -12226.469836701217, 3280.8748689518065, [ 0.  0. 19.  0.  0.  2.]
63, -1231037.1901049155, 6333.240254648297, [48.  0. 52.  2.  0.  2.]
63, -742888.0499414941, 4399.9924012839265, [67.  0.  0.  2.  0.  2.]
63, -1261195.5459779082, 8645.216182850245, [48.  1. 48.  0.  0.  0.]
63, -1141377.779078614, 6070.389472571274, [45.  0. 48.  2.  2.  2.]
63, -1099559.974687685, 4399.999932593963, [92.  0.  0.  2.  0.  2.]
68, -1176119.9943789751, 4505.177668198534, [93.  0.  4.  2.  2.  2.]
68, -1199452.264284767, 7392.01110252326, [41.  1. 57.  2.  1.  2.]
68, -82065.44794619601, 4490.545490269836, [25.  0.  4.  2.  2.  2.]
68, -1182919.9916036262, 4642.89028835504, [91.  1.  0.  2.  2.  2.]
68, -1308764.620868235, 9414.996888662794, [56.  3. 39.  0.  0.  0.]
68, -1230779.6252407527, 7834.047624569052, [47.  1. 43.  0.  0.  2.]
30, -629163.8259617537, 6482.346021741163, [ 2.  0. 94.  1.  0.  1.]
30, -582012.3111014622, 5002.056191072423, [ 0. 10. 90.  2.  2.  2.]
30, -252160.8415560632, 4141.627956908858, [ 1.  4. 59.  2.  2.  2.]
30, -294406.4849584687, 4440.504694361597, [80.  1.  1.  2.  2.  2.]
30, -623562.3111014622, 5590.1266319803035, [ 1.  1. 90.  0.  1.  0.]
30, -605043.0726744372, 5313.05624730083, [ 3.  0. 88.  2.  1.  0.]
30, -566043.0726744372, 4526.764488873511, [ 3.  0. 88.  2.  1.  2.]
52, -729597.299163143, 4461.585119811624, [79.  0.  1.  2.  0.  2.]
52, -840926.6223001545, 7882.659077933531, [11.  0. 86.  0.  0.  0.]
52, -888302.9355854838, 8595.38781810023, [36.  1. 61.  0.  0.  0.]
52, -817553.881128877, 5325.5428869910465, [ 0.  1. 78.  0.  2.  0.]
52, -762549.5485114416, 4867.410762114663, [ 1.  1. 75.  0.  2.  2.]
52, -835296.9349674232, 6549.861366671813, [ 2.  2. 85.  0.  2.  0.]
52, -639738.3557718869, 3825.658586614989, [ 0.  0. 55.  2.  0.  2.]
52, -834723.0645411419, 6380.871512521532, [ 0.  1. 92.  0.  2.  1.]
52, -792599.7554745056, 4962.146747146987, [95.  0.  2.  2.  1.  0.]
52, -783239.6696868117, 4962.146425313208, [93.  0.  2.  2.  1.  0.]
34, -736146.126485946, 5684.516024573251, [ 3.  1. 93.  2.  0.  0.]
34, -719012.5098657946, 5487.172392545462, [ 0.  4. 88.  0.  2.  0.]
34, -636399.7002392815, 4267.399063489718, [ 2.  0. 84.  2.  0.  2.]
34, -616404.0457219997, 3804.6056159325676, [ 0.  0. 82.  2.  0.  2.]
34, -705271.8625692347, 4314.478283776774, [ 0.  0. 94.  1.  0.  2.]
25, -207525.66741361213, 3980.451348352118, [ 1.  2. 67.  2.  0.  2.]
25, -450890.3582646872, 4925.709114594176, [ 2.  3. 86.  2.  2.  0.]
25, -217388.58286522783, 4203.585857141558, [ 0.  4. 68.  2.  0.  2.]
25, -433454.9265053747, 4589.057968094128, [ 0.  9. 89.  2.  2.  2.]
25, -107135.89310564165, 3961.54239822027, [ 5.  1. 58.  2.  2.  2.]
25, -480937.6676264911, 5006.846579893096, [ 2.  0. 90.  0.  0.  0.]
25, -284929.672915737, 4266.041537028773, [ 0.  0. 70.  0.  0.  0.]
25, -460886.4781035597, 4939.99430918856, [ 3.  2. 93.  0.  0.  2.]
25, -429288.96678296686, 4573.830332173451, [ 1.  2. 83.  2.  2.  0.]
25, -485816.71497728577, 5353.066333706108, [ 3.  2. 91.  0.  2.  0.]
63, -1240300.3191504711, 7237.761989394734, [52.  1. 45.  2.  2.  0.]
63, -279192.2575349692, 4192.763953994228, [ 2.  0. 29.  2.  0.  2.]
63, -1251377.656149136, 9381.688713388692, [54.  1. 45.  0.  0.  1.]
63, -774619.9898500519, 5155.446760167552, [ 2. 95.  0.  2.  2.  0.]
63, -922291.6059496441, 5217.9272943701835, [ 0.  0. 91.  0.  2.  0.]
63, -1161299.984775078, 5867.168991601434, [95.  5.  0.  2.  2.  0.]
63, -733039.985749984, 4844.22604944566, [ 0. 93.  2.  2.  2.  1.]
63, -527389.7470156671, 4813.310997159874, [ 1. 76.  0.  2.  2.  0.]
63, -534949.8242527663, 4813.3114336736435, [ 1. 78.  0.  2.  2.  0.]
63, -740599.985749984, 4924.036118387234, [ 0. 93.  1.  0.  2.  1.]
68, -1338340.8170793382, 8372.993388643345, [49.  1. 46.  0.  2.  0.]
68, -1041439.9620033086, 4990.520305850766, [83.  1.  0.  2.  0.  2.]
68, -705271.8625692347, 4314.478283776774, [ 0.  0. 47.  0.  1.  2.]
68, -1180879.9916036262, 4990.520391405206, [91.  1.  0.  2.  0.  2.]
68, -778639.993158816, 4357.774837913256, [ 0. 90.  2.  2.  2.  2.]
68, -1213519.9983139476, 5390.520408134359, [99.  1.  0.  2.  0.  1.]
68, -157828.27593624376, 4306.074413665276, [ 0.  2. 23.  1.  2.  2.]
68, -892461.930378454, 4475.385619086323, [ 0.  0. 87.  2.  1.  2.]
68, -1257008.5085879823, 7557.98392195688, [64.  0. 33.  0.  2.  0.]
62, -901007.108714222, 5577.50467530299, [ 0.  0. 86.  1.  0.  0.]
62, -1018979.9468957076, 5999.999793062535, [89.  0.  0.  0.  1.  1.]
62, -1180645.54047339, 7081.254195692373, [57.  1. 40.  2.  2.  0.]
62, -438257.91325611004, 3821.1333059865065, [ 1.  0. 36.  2.  2.  2.]
62, -1070398.2346833793, 6480.265486128241, [62.  1. 33.  2.  0.  2.]
62, -1189826.0322088567, 8838.814354707198, [58.  2. 39.  0.  0.  0.]
62, -892287.0857769493, 5231.812406106112, [ 1.  1. 97.  2.  0.  2.]
62, -795931.4393080121, 4117.345863891592, [ 0.  0. 69.  2.  0.  2.]
62, -777613.6292053103, 4080.031031921721, [ 0.  0. 65.  2.  0.  2.]
62, -816613.6292053103, 4973.374709228961, [ 0.  0. 65.  2.  0.  0.]
62, -1240863.791763789, 9157.999113921893, [49.  1. 50.  0.  2.  1.]
30, -646235.5331989174, 4231.373379162907, [ 0.  0. 96.  0.  1.  2.]
30, -378152.71729126095, 4205.343843329629, [ 2.  1. 68.  2.  0.  2.]
30, -325614.50155339047, 4151.828773404748, [ 2.  1. 64.  2.  0.  2.]
30, -660363.8259617537, 5820.145688211425, [ 6.  0. 94.  2.  1.  0.]
24, -376172.7172912609, 5057.395179286355, [ 2.  4. 85.  2.  1.  2.]
24, -46879.243066396724, 3670.1586259835235, [ 0.  5. 54.  2.  2.  2.]
24, -163126.98020023748, 4937.648743025426, [ 2.  2. 62.  2.  1.  0.]
24, -394663.86751945334, 6214.044464223227, [ 3.  4. 87.  0.  2.  1.]
24, -376206.3724901844, 5834.860966733448, [ 6.  5. 86.  0.  0.  2.]
82, -798419.6715911407, 4199.99880639362, [59.  0.  0.  2.  2.  2.]
82, -841599.8344727153, 4723.386089552529, [62.  1.  0.  2.  2.  2.]
82, -623446.7461041906, 4199.938871433404, [43.  0.  0.  2.  2.  2.]
82, -1327799.9999394924, 4760.683480075785, [96.  0.  1.  2.  2.  1.]
82, -1518660.9890291896, 6435.970381376441, [54.  0. 46.  2.  0.  2.]
82, -845452.9457023373, 4734.485481093757, [ 1.  0. 62.  2.  0.  2.]
82, -1475476.5925138467, 6051.478916286034, [60.  0. 36.  2.  2.  2.]
82, -1512916.6860726841, 6051.4792789670655, [62.  0. 36.  2.  2.  2.]
82, -537441.4883049305, 3726.6777667385145, [ 0.  0. 31.  0.  2.  2.]
82, -606223.4983359906, 4199.921822702248, [42.  0.  0.  2.  2.  2.]
82, -1528035.143745266, 6971.362690888536, [62.  1. 37.  2.  0.  2.]
82, -1620155.175452624, 7898.01858012131, [63.  0. 37.  0.  2.  0.]
30, -376388.08725469117, 4977.704919755225, [89.  1.  9.  2.  0.  2.]
30, -302349.83311019454, 4470.46621124464, [ 0. 95.  2.  0.  2.  2.]
30, -650950.9988485036, 5607.931308186463, [ 4.  1. 93.  2.  0.  0.]
30, -660663.8259617537, 5619.738518470596, [ 4.  1. 94.  2.  0.  0.]
30, -590174.5810926115, 5154.522134201314, [ 4.  0. 91.  0.  1.  2.]
13, -12669.77986222466, 3771.5576802470528, [ 5.  0. 84.  2.  2.  0.]
13, -21204.34916019247, 4392.842236997722, [ 2.  1. 86.  1.  0.  0.]
13, -45664.43354555176, 5395.813332322727, [ 4.  4. 92.  1.  1.  0.]
13, -25018.401919943033, 5270.428068185058, [ 3.  0. 94.  1.  1.  1.]
30, -534588.2474484987, 4530.769870571046, [ 6.  0. 85.  2.  2.  2.]
30, -627974.5810926115, 6467.496739686097, [ 4.  1. 91.  1.  0.  0.]
30, -666792.2111654939, 6515.0878205812505, [ 4.  1. 95.  1.  0.  0.]
30, -610168.2411677768, 6085.585972218596, [ 2.  9. 89.  2.  2.  0.]
30, -604354.3664532173, 4665.903908764329, [ 0.  5. 92.  0.  2.  2.]
13, -20164.34916019247, 4250.529882561601, [ 2.  2. 86.  0.  0.  0.]
30, -562843.0726744372, 4932.876187203712, [ 1.  4. 88.  2.  0.  2.]
30, -558426.5133010518, 4691.719404679639, [ 1.  1. 83.  2.  2.  0.]
30, -495208.7196637128, 4445.081583816361, [ 3.  0. 81.  0.  2.  2.]
30, -609868.2411677768, 5525.329595113409, [ 4.  0. 89.  0.  2.  0.]
30, -496858.7196637128, 4688.892990255887, [ 4.  1. 81.  2.  0.  2.]
30, -342200.28677520045, 4090.0898440613705, [ 2.  0. 65.  2.  1.  2.]
30, -19788.984608828163, 3569.5339195204565, [ 1.  0. 37.  2.  2.  0.]
30, -612368.2411677768, 6093.099430943941, [ 0.  6. 89.  0.  0.  0.]
30, -567946.0447729388, 4967.727322332804, [ 0.  1. 84.  0.  0.  0.]
30, -637392.2111654939, 6438.963171728226, [ 4.  1. 95.  2.  0.  1.]
67, -1032864.7068740972, 7247.44853382924, [76.  1. 23.  2.  1.  0.]
67, -1027079.9603492187, 6807.375169756996, [84.  0.  2.  1.  0.  0.]
67, -1317463.972200274, 10057.46061252783, [57.  1. 42.  1.  2.  1.]
67, -920347.103131891, 5414.434839707972, [ 0.  0. 85.  0.  0.  0.]
67, -760986.6756057824, 4244.429331275454, [ 0.  0. 57.  2.  1.  2.]
67, -1297137.208332006, 8214.211693434656, [50.  1. 46.  0.  1.  2.]
67, -913733.0171519176, 4700.443630007246, [ 0.  0. 95.  0.  1.  2.]
67, -952733.0171519176, 5467.258173342994, [ 0.  0. 95.  2.  1.  0.]
67, -949660.3746186707, 5462.735998633233, [ 0.  0. 94.  0.  0.  0.]
67, -943412.4612410828, 5453.224224022364, [ 0.  0. 92.  0.  0.  0.]
67, -1107237.647762875, 7391.901319076074, [38.  0. 53.  0.  0.  2.]
67, -1227912.644228005, 7392.878707986569, [43.  0. 53.  0.  0.  2.]
67, -305009.9766825305, 4097.6264695363225, [ 1.  0. 28.  2.  1.  2.]
67, -1030208.6376043182, 6887.87136012697, [66.  2. 27.  2.  0.  2.]
67, -907553.8803781263, 4293.54482374327, [ 0.  0. 93.  0.  2.  2.]
34, -659191.494370887, 4086.636869926445, [ 0.  2. 86.  2.  2.  2.]
34, -254504.8281127336, 3408.4949746922757, [ 0.  0. 52.  2.  0.  2.]
34, -486228.8139650986, 3869.8689662399097, [ 0.  0. 70.  2.  1.  2.]
34, -402066.24155630235, 3563.5020946693658, [ 0.  0. 62.  2.  0.  2.]
34, -708600.8407817765, 4122.662390942032, [ 0.  0. 95.  2.  1.  2.]
34, -709173.6338215097, 5068.859059466761, [ 0.  2. 96.  0.  1.  2.]
34, -745900.8407817765, 5273.855289248971, [ 0.  1. 95.  0.  0.  0.]
34, -747493.6338215097, 5364.79847115524, [ 0.  2. 96.  2.  0.  0.]
24, -429589.1262247165, 4548.410271175115, [ 3.  1. 92.  2.  1.  2.]
13, -23459.378748333627, 4597.364433531783, [ 4.  1. 87.  0.  1.  0.]
13, -1718.851749232097, 4281.546724479022, [ 1.  6. 82.  2.  0.  0.]
34, -409892.42704649834, 3887.9078018234513, [ 1.  0. 63.  0.  2.  2.]
34, -724714.1008511247, 3961.5595422734364, [  0.   0. 100.   0.   2.   2.]
20, -236688.4097072386, 3921.651605289596, [ 3.  0. 87.  0.  2.  2.]
20, -314427.8778676554, 3998.956867193126, [ 3.  0. 95.  0.  2.  2.]
20, -356127.8778676554, 4497.545336956346, [ 1.  3. 95.  2.  2.  0.]
20, -193699.39573575693, 3729.317521716005, [ 0.  1. 82.  0.  0.  2.]
24, -499062.3569985476, 5017.945994396583, [ 0.  2. 96.  0.  0.  0.]
24, -342243.49873001454, 4367.2820105449255, [ 1.  0. 78.  0.  2.  0.]
24, -468589.1262247165, 4934.9498281520355, [ 1.  2. 92.  2.  0.  0.]
24, -319311.7134718029, 4247.947763793937, [ 1.  1. 76.  2.  2.  0.]
24, -391663.86751945334, 4732.153943461318, [ 3.  0. 87.  1.  0.  2.]
82, -1405774.6694952948, 6984.105629731231, [51.  2. 36.  2.  2.  2.]
82, -1469252.1024150737, 7349.700088963726, [69.  1. 25.  2.  0.  0.]
82, -1587332.1238363816, 7349.7001528196, [73.  1. 25.  2.  0.  0.]
82, -1229559.9991648933, 4923.386658187661, [85.  1.  0.  2.  2.  0.]
82, -1353039.9999394924, 6497.848880061114, [96.  1.  0.  0.  0.  1.]
82, -1335819.9999394924, 6438.298825216102, [96.  1.  2.  0.  2.  1.]
82, -1295163.6064882313, 6006.152612846695, [73.  0. 17.  2.  2.  0.]
82, -1240859.9989361586, 5296.4100847299, [84.  0.  1.  0.  2.  2.]
82, -822774.0335577598, 3968.119067871945, [ 0.  0. 57.  2.  2.  2.]
82, -929662.2866359272, 4516.801941157416, [ 0.  0. 82.  0.  0.  2.]
25, -425744.067807414, 4506.706744465981, [ 4.  3. 88.  2.  2.  2.]
25, -514576.09545595676, 4643.000108746966, [ 0.  1. 94.  2.  0.  0.]
25, -424619.067807414, 4245.857499094602, [ 3.  0. 88.  0.  2.  2.]
25, -535882.5185187471, 5378.735031681672, [ 2.  1. 97.  1.  2.  0.]
25, -429038.96678296686, 4573.830332173451, [ 2.  1. 83.  2.  2.  0.]
25, -368167.8682377077, 3948.310184937169, [ 0.  1. 80.  0.  0.  2.]
25, -500511.4781035597, 5228.7306721901705, [ 4.  0. 93.  0.  2.  0.]
25, -461511.4781035597, 4650.186041647639, [ 5.  0. 93.  0.  2.  2.]
25, -519284.8218346962, 5301.010459313056, [ 1.  2. 95.  0.  0.  0.]
25, -434204.9265053747, 4456.76785299206, [ 2.  0. 89.  0.  1.  2.]
25, -244054.67291573703, 3830.751996520211, [ 1.  0. 70.  0.  0.  2.]
25, -465744.067807414, 5049.594450892271, [ 3.  1. 88.  2.  0.  0.]
25, -413140.3582646872, 3888.601876668949, [ 1.  2. 86.  2.  2.  2.]
25, -505761.4781035597, 4882.910053349163, [ 3.  0. 93.  2.  0.  0.]
25, -447441.71497728577, 4758.822207814679, [ 3.  3. 91.  2.  0.  2.]
25, -425244.067807414, 4444.217468043826, [ 6.  1. 88.  2.  2.  2.]
25, -514270.47220976267, 5024.969198705869, [ 0.  0. 98.  2.  2.  1.]
13, -32128.981787589924, 3685.7326400667725, [ 0.  1. 88.  0.  2.  0.]
34, -137382.65152248886, 4589.100207465461, [58.  0.  5.  2.  0.  2.]
34, -328405.74777176726, 4594.3053252758, [74.  0.  5.  2.  0.  2.]
34, -75879.58514452778, 4577.627087703584, [48.  0.  5.  2.  0.  2.]
34, -38990.25483796852, 4562.480752559887, [42.  0.  5.  2.  0.  2.]
34, -553197.0440396144, 5301.114995700631, [ 2.  5. 77.  0.  2.  2.]
34, -576268.2474484987, 5443.971416942326, [ 0.  2. 75.  2.  1.  0.]
34, -444153.605482106, 5279.27990664444, [ 3.  4. 67.  0.  2.  2.]
34, -661773.7668856115, 5502.1557965582615, [ 8.  1. 87.  2.  0.  2.]
34, -686582.5081715399, 5913.333442967227, [ 0.  7. 90.  1.  0.  2.]
34, -690062.0447695068, 5922.093427357793, [ 0.  7. 91.  1.  0.  2.]
24, -409888.081943392, 3541.8573198255403, [ 1.  0. 89.  2.  2.  2.]
24, -409973.6795056636, 5018.546563366485, [ 7.  1. 90.  0.  2.  2.]
24, -457120.8729057442, 5527.019760181491, [ 4.  0. 91.  0.  1.  0.]
24, -443128.081943392, 5444.757101583909, [ 9.  0. 89.  2.  0.  0.]
25, -438062.6676264911, 4887.618448673831, [ 3.  4. 90.  0.  2.  2.]
25, -8439.082934973456, 4183.765353230711, [ 1.  6. 48.  0.  2.  2.]
25, -485659.8218346962, 7030.911809991874, [ 0.  5. 95.  1.  1.  1.]
25, -356677.8778676554, 4793.649568694227, [ 0.  1. 76.  1.  0.  0.]
25, -452890.3582646872, 5196.873237722608, [ 0.  1. 86.  1.  1.  0.]
25, -355666.8199891339, 4195.009746937757, [ 0.  1. 79.  0.  1.  2.]
25, -425244.067807414, 4867.429672546174, [ 0. 10. 88.  0.  2.  2.]
25, -464244.067807414, 5801.132805587709, [ 0. 10. 88.  1.  2.  0.]
24, -266517.25065960997, 3991.5308453019697, [ 4.  1. 75.  2.  2.  2.]
24, -433783.86751945334, 4895.761334677791, [ 0.  1. 87.  1.  0.  0.]
24, -342843.49873001454, 4367.2820105449255, [ 0.  1. 78.  2.  0.  0.]
24, -390943.86751945334, 4450.48963266943, [ 2.  3. 87.  0.  2.  2.]
24, -446848.081943392, 5200.352843189231, [ 1.  1. 89.  0.  1.  0.]
24, -268197.25065960997, 4068.8350834308458, [ 1.  1. 75.  2.  1.  2.]
24, -362688.4441668311, 4416.725483657169, [ 1.  2. 83.  2.  1.  2.]
67, -807319.9984944802, 4199.999994527505, [ 0. 99.  0.  2.  2.  2.]
67, -1204732.7873659946, 7588.16467749922, [65.  1. 33.  0.  0.  2.]
67, -88501.04670721974, 3795.0395151851403, [ 1.  0. 21.  0.  2.  2.]
67, -944973.5123118542, 6005.487835638022, [ 0. 67. 33.  0.  2.  2.]
67, -454373.605482106, 4031.6663980777253, [ 0.  0. 34.  1.  0.  2.]
67, -867065.0234110892, 5303.393575846119, [ 0.  0. 71.  0.  0.  0.]
67, -1043579.9603492187, 6068.907902775334, [84.  0.  7.  0.  2.  0.]
67, -1148571.8159245893, 6215.425227627141, [62.  1. 32.  2.  2.  2.]
67, -1197065.834609921, 7231.020577151819, [57.  4. 37.  2.  2.  2.]
67, -1189982.6702223006, 7207.352772018193, [58.  4. 36.  2.  2.  2.]
67, -1338846.9777252618, 9762.701746924433, [50.  1. 49.  1.  0.  0.]
67, -1310533.3042058712, 7913.61732151776, [50.  2. 48.  0.  2.  2.]
67, -895699.9039316667, 5364.582024025937, [79.  2.  5.  2.  2.  2.]
67, -1335713.3042058712, 9358.906331099206, [50.  0. 48.  1.  1.  0.]
67, -1136510.701267578, 6215.420630642571, [60.  1. 32.  2.  2.  2.]
67, -1164520.4753141543, 6675.873282029579, [56.  2. 36.  2.  2.  2.]
