#MINT: 1 
          0.100 11   21             0.95000 224.00   300.00000 1.20   0.20
          0.112  6   61             0.00000
          0.124  1  122           424.00000   0.00     0.00000 0.00   0.00  0.00
          0.010 10    1   I         A_WSTRS   IEFF   IRRI_AMTX IASQ                        B
          1.000  5                  0.00000
                17

#STRW: 2 
          0.021 11   30             0.95000 488.00   550.00000 1.20   0.20
          0.022  6   61             0.00000
          0.025  1   91           372.00000   0.00     0.00000 0.00   0.00  0.00
          0.010 10    1   I         A_WSTRS   IEFF   IRRI_AMTX IASQ                        B
          1.000  5                  0.00000                                  
                17

#AGRL: 3
          0.077  6   61             0.00000
          0.078  6   57             0.00000
          0.079  6   61             0.00000
          0.085 11    1             0.95000 224.00   300.00000 1.20   0.20
          0.086  1    1           900.00000   0.00     0.00000 0.00   0.00  0.00
          0.010 10    1   I         A_WSTRS   IEFF   IRRI_AMTX IASQ                        B
          0.100 11    2             0.95000  45.00   300.00000 1.20   0.20
          0.300 11    3             0.95000 224.00   300.00000 1.20   0.20
          1.000  5                  0.00000
                17

#POTA: 4
          0.058  6   48             0.00000
          0.059  6   61             0.00000
          0.160 11   21             0.95000 168.00   300.00000 1.20   0.20
          0.066  1   70          2230.00000   0.00     0.00000 0.00   0.00  0.00
          0.010 10    1   I         A_WSTRS   IEFF   IRRI_AMTX IASQ                        B
          0.011 11   18             0.95000 168.00   300.00000 1.20   0.20
          0.330 11    6             0.95000 560.00   600.00000 1.20   0.20
          1.000  5                  0.00000
                17

#ONIO: 5
          0.058  6   48             0.00000
          0.059  6   61             0.00000
          0.160 11   21             0.95000 168.00   300.00000 1.20   0.20
          0.066  1   73          2230.00000   0.00     0.00000 0.00   0.00  0.00
          0.010 10    1   I         A_WSTRS   IEFF   IRRI_AMTX IASQ                        B
          0.011 11   18             0.95000 168.00   300.00000 1.20   0.20
          0.330 11    6             0.95000 560.00   600.00000 1.20   0.20
          1.000  5                  0.00000
                17

#CORN: 6
          0.077  6   61             0.00000
          0.078  6   57             0.00000
          0.079  6   61             0.00000
          0.085 11    1             0.95000 224.00   300.00000 1.20   0.20
          0.086  1   19           900.00000   0.00     0.00000 0.00   0.00  0.00
          0.010 10    1   I         A_WSTRS   IEFF   IRRI_AMTX IASQ                        B
          0.100 11    2             0.95000  45.00   300.00000 1.20   0.20
          0.300 11    3             0.95000 224.00   300.00000 1.20   0.20
          1.000  5                  0.00000
                17

#SWHT: 8
          0.054  6   48             0.00000
          0.060  1   27          1560.00000   0.00     0.00000 0.00   0.00  0.00
          0.010 10    1   I         A_WSTRS   IEFF   IRRI_AMTX IASQ                        B
          0.011 11    5             0.95000 168.00   300.00000 1.20   0.20
          1.000  5                  0.00000
                17

#WWHT: 10
          0.700  6   48             0.00000
          0.778  1   28          2530.00000   0.00     0.00000 0.00   0.00  0.00
          0.010 10    1   I         A_WSTRS   IEFF   IRRI_AMTX IASQ                        B
          0.011 11    5             0.95000 168.00   300.00000 1.20   0.20
          1.000  5                  0.00000
                17

#DWHT: 12
          0.683  6   48             0.00000
          0.759  1   29          2530.00000   0.00     0.00000 0.00   0.00  0.00
          0.010 10    1   I         A_WSTRS   IEFF   IRRI_AMTX IASQ                        B
          0.011 11    5             0.95000 168.00   300.00000 1.20   0.20
          1.000  5                  0.00000
                17

#ALFA: 14
          0.022  6   61             0.00000
          0.023  6   57             0.00000
          0.024 11   25             0.95000 224.00   400.00000 1.20   0.20
          0.025  1   52           560.00000   0.00     0.00000 0.00   0.00  0.00
          0.010 10    1   I         A_WSTRS   IEFF   IRRI_AMTX IASQ                        B
          1.000  7                  0.00000
          1.928  7                  0.00000
          3.101  7                  0.00000
          3.717  5                  0.00000
                17

#BARL: 16
          0.054  6   61             0.00000
          0.055 11   10             0.95000 336.00   400.00000 1.20   0.20
          0.056 11    5             0.95000 147.00   300.00000 1.20   0.20
          0.060  1   31          1462.00000   0.00     0.00000 0.00   0.00  0.00
          0.010 10    1   I         A_WSTRS   IEFF   IRRI_AMTX IASQ                        B
          1.000  5                  0.00000
                17

#CANP: 17
          0.031  6   96             0.00000
          0.034  1   75           624.00000   0.00     0.00000 0.00   0.00  0.00
          0.010 10    1   I         A_WSTRS   IEFF   IRRI_AMTX IASQ                        B
          0.011 11    4             0.95000 168.00   300.00000 1.20   0.20
          1.000  5                  0.00000
                17

#HAY: 18
          0.150  6   42             0.00000
          0.167  1    5           489.00000   0.00     0.00000 0.00   0.00  0.00
          0.010 10    1   I         A_WSTRS   IEFF   IRRI_AMTX IASQ                        B
          0.011 11    1             0.95000  67.00   300.00000 1.20   0.20
          1.000  5                  0.00000
                17

#SGBT: 20
          0.079  6   33             0.00000
          0.088  1   69          2004.00000   0.00     0.00000 0.00   0.00  0.00
          0.010 10    1   I         A_WSTRS   IEFF   IRRI_AMTX IASQ                        B
          0.011 11    1             0.95000 104.00   300.00000 1.20   0.20
          1.000  5                  0.00000
                17

#PTBN: 21
          0.100 11    1             0.95000  22.00   300.00000 1.20   0.20
          0.112  6   35             0.00000
          0.124  1  105           424.00000   0.00     0.00000 0.00   0.00  0.00
          0.010 10    1   I         A_WSTRS   IEFF   IRRI_AMTX IASQ                        B
          1.000  5                  0.00000
                17


#LENT: 22
          0.012 11    1             0.95000  45.00   300.00000 1.20   0.20
          0.013  6   33             0.00000
          0.014  1   60           223.00000   0.00     0.00000 0.00   0.00  0.00
          0.010 10    1   I         A_WSTRS   IEFF   IRRI_AMTX IASQ                        B
          1.000  5                  0.00000
                17

#PEAS: 23
          0.040  6   57             0.00000
          0.041  6   33             0.00000
          0.044  1   63           563.00000   0.00     0.00000 0.00   0.00  0.00
          0.010 10    1   I         A_WSTRS   IEFF   IRRI_AMTX IASQ                        B
          0.011 11    1             0.95000  56.00   300.00000 1.20   0.20
          1.000  5                  0.00000
                17

#CELR: 24
          0.321  6   61             0.00000
          0.322  6   77             0.00000
          0.323  6   61             0.00000
          0.324  6   20             0.00000
          0.325  6   57             0.00000
          0.355 11   21             0.95000 448.00   500.00000 1.20   0.20
          0.357  1   81          1360.00000   0.00     0.00000 0.00   0.00  0.00
          0.010 10    1   I         A_WSTRS   IEFF   IRRI_AMTX IASQ                        B
          0.175 11   21             0.95000 897.00  1000.00000 1.20   0.20
          1.000  5                  0.00000
                17

#SWGR: 25
          0.077  6   48             0.00000
          0.086  1   43           774.00000   0.00     0.00000 0.00   0.00  0.00
          0.010 10    1   I         A_WSTRS   IEFF   IRRI_AMTX IASQ                        B
          0.011 11   25             0.95000  62.00   300.00000 1.20   0.20
          1.000  5                  0.00000
                17

#ORCD: 26                          
          0.065  1    4          1275.00000   0.00     0.00000 0.00   0.00  0.00
          0.010 10    1   I         A_WSTRS   IEFF   IRRI_AMTX IASQ                        B
          0.011 11   21             0.95000 489.00   600.00000 1.20   0.20
          1.000  7                  0.00000
                17

#CLVR: 27                          
          0.005  1   54           339.00000   0.00     0.00000 0.00   0.00  0.00
          0.010 10    1   I         A_WSTRS   IEFF   IRRI_AMTX IASQ                        B
          1.000  5                  0.00000
                17

#WMEL: 29
          0.145  6   48             0.00000
          0.146  6   61             0.00000
          0.147  6   83             0.00000
          0.148  6   48             0.00000
          0.149  6   48             0.00000
          0.165  1   89            82.00000   0.00     0.00000 0.00   0.00  0.00
          0.010 10    1   I         A_WSTRS   IEFF   IRRI_AMTX IASQ                        B
          0.011 11   21             0.95000 336.00   400.00000 1.20   0.20
          1.000  5                  0.00000
                17

#RYE: 30
          0.014  6   61             0.00000
          0.015  6   77             0.00000
          0.016  6   61             0.00000
          0.017  6   57             0.00000
          0.018  6   33             0.00000
          0.019  1   30           429.00000   0.00     0.00000 0.00   0.00  0.00
          0.010 10    1   I         A_WSTRS   IEFF   IRRI_AMTX IASQ                        B
          0.011 11    6             0.95000 224.00   300.00000 1.20   0.20
          0.012 11    5             0.95000 179.00   300.00000 1.20   0.20
          1.000  5                  0.00000
                17

#OATS: 31
          0.683  6   61             0.00000
          0.750 11   21             0.95000 224.00   300.00000 1.20   0.20
          0.759  1   32           950.00000   0.00     0.00000 0.00   0.00  0.00
          0.010 10    1   I         A_WSTRS   IEFF   IRRI_AMTX IASQ                        B
          0.020 11    5             0.95000 110.00   300.00000 1.20   0.20
          1.000  5                  0.00000
                17

#RADI: 32
          0.058  6   61             0.00000
          0.059  6   48             0.00000
          0.060  6   57             0.00000
          0.064  1  121           700.00000   0.00     0.00000 0.00   0.00  0.00
          0.010 10    1   I         A_WSTRS   IEFF   IRRI_AMTX IASQ
          0.011 11   30             0.95000 168.00   300.00000 1.20   0.20
          1.000  5                  0.00000
                17

#SCRN: 33
          0.077  6   61             0.00000
          0.078  6   57             0.00000
          0.079  6   61             0.00000
          0.085 11    1             0.95000 224.00   300.00000 1.20   0.20
          0.086  1   21           900.00000   0.00     0.00000 0.00   0.00  0.00
          0.010 10    1   I         A_WSTRS   IEFF   IRRI_AMTX IASQ                        B
          0.100 11    2             0.95000  45.00   300.00000 1.20   0.20
          0.300 11    3             0.95000 224.00   300.00000 1.20   0.20
          1.000  5                  0.00000
                17

#TOBC: 34
          0.100 11   21             0.95000 224.00   300.00000 1.20   0.20
          0.112  6   61             0.00000
          0.124  1   68           424.00000   0.00     0.00000 0.00   0.00  0.00
          0.010 10    1   I         A_WSTRS   IEFF   IRRI_AMTX IASQ                        B
          1.000  5                  0.00000
                17

#FRST: 35
          0.124  1    6          5000.00000   0.00     0.00000 0.00   0.00  0.00
                17

#FRSE: 36
          0.124  1    8          5000.00000   0.00     0.00000 0.00   0.00  0.00
                17

#FRSD: 37
          0.124  1    7          5000.00000   0.00     0.00000 0.00   0.00  0.00
                17

#RNGE: 38
          0.167  1   15          1000.00000   0.00     0.00000 0.00   0.00  0.00
                17

#RNGB: 39
          0.167  1   16          1000.00000   0.00     0.00000 0.00   0.00  0.00
                17

#BARR: 40
          0.167  1  118          1000.00000   0.00     0.00000 0.00   0.00  0.00
                17

#WETF: 41
          0.124  1   10          1000.00000   0.00     0.00000 0.00   0.00  0.00
                17

#WETN: 42
          0.167  1   11          1000.00000   0.00     0.00000 0.00   0.00  0.00
                17

#SOYB: 43
          0.100 11    1             0.95000 224.00   300.00000 1.20   0.20
          0.112  6   35             0.00000
          0.124  1   56           424.00000   0.00     0.00000 0.00   0.00  0.00
          0.010 10    1   I         A_WSTRS   IEFF   IRRI_AMTX IASQ                        B
          1.000  5                  0.00000
                17

#PAST: 44
          0.167  1   12          1000.00000   0.00     0.00000 0.00   0.00  0.00
                17
#WATR: 

        0.167  1   18          1000.00000   0.00     0.00000 0.00   0.00  0.00
                17

#URLD:
#URMD:
