   1      3     68     60    304
   2      3    108     60    304
   3      3     50     60    304
   4      3     14      1    365
   5      3   1463     60    304
   6      3   1958     60    304
   7      3   1605     60    304
   8      3     13      1    365
   9      3   3419     60    304
  10      3   3408     60    304
  11      3    302     60    304
  12      5    105      1    365
  13      5      7     60    182
  14      5     32     60    213
  15      5    105      1    365
  16      5     22     60    213
  17      5      3     91    365
  18      5    125     32    365
  19      5     31      1    365
  20      5    120     60    304
  21      5     57    121    244
  22      5    206     91    213
  23      5    219     60    274
  24      5     10     91    244
  25      5    195      1    258
  26      5     61     91    213
  27      5      4     91    244
  28      5     24     32    335
  29      5     45     60    244
  30      5    132     60    244
  31      1     56      1    365
  32      1     40      1    365
  33      1     87     60    213
  34      1     44     60    274
  35      1    189      1    365
  36      1    139      1    365
  37      1     23     60    244
  38      1     98      1    365
  39      1     39     32    244
  40      1     40      1    365
  41      1    133     32    244
  42      1    224     91    365
  43      1    108     60    365
  44      1    166     60    244
  45      1    206     91    244
  46      1     58     91    213
  47      1    251      1    274
  48      1     18     91    305
  49      1    296      1    258
  50      1    148     32    166
  51      1     81     60    166
  52      1     49      1    365
  53      1     76     60    293
  54      1     49     91    213
  55      1    112     60    152
  56      1    282     60    244
  57      1    112     60    304
  58      1    202     91    182
  59      1    148     60    182
  60      5     47      1    365
  61      5    254      1    365
  62      1    231      1    365
  63      5    100      1    365
  64      1      9      1    365
  65      1     67      1    365
  66      1    179      1    365
  67      1     10      1    365
  68      5    137      1    365
  69      5     48      1    365
  70      1     62      1    365
  71      1     90      1    365
  72      5     41      1    365
  73      1   1318      1    365
  74      3     32     60    304
  75      5     31      1    365
  76      1     68      1    365
  77      1     87      1    365
  78      1    149      1    365
  79      3     24     60    304
  80      1    156      1    365
  81      1    125      1    365
  82      3     22     60    304
  83      3      6     60    304
  84      5     17      1    365
  85      3     11     60    304
  86      3     22     60    304
  87      3     16     60    304
  88      3     13     60    304
  89      3     57     60    304
  90      3     53     60    304
  91      3    126     60    304
  92      1     83      1    365
  93      1     17      1    365
  94      3    182     60    304
  95      3    169     60    304
  96      1    112      1    365
  97      1     13      1    365
  98      3     81     60    304
  99      3     75     60    304
 100      3     27     60    304
 101      1    106      1    365
 102      1     87      1    365
 103      1    118      1    365
 104      1     58      1    365
 105      3      8     60    304
 106      3    105     60    304
 107      3     97     60    304
 108      3     34     60    304
 109      3     15     60    304
 110      3      7     60    304
 111      3     39     60    304
 112      1     50     60    244
 113      5     13      1    365
 114      3     48     60    304
 115      3     43     60    304
 116      3     28     60    304
 117      5    294      1    365
 118      3      8     60    304
 119      3     23     60    304
 120      3      2     60    304
 121      3      1     60    304
 122      3    125     60    304
 123      3     59     60    304
 124      3    932     60    304
 125      3    213     60    304
 126      3     13     60    304
 127      3    505     60    304
 128      3    548     60    304
 129      3    495     60    304
 130      3    302     60    304
 131      5     55      1    365
 132      3    135     60    304
 133      3     19     60    304
 134      3     13     60    304
 135      3     87     60    304
 136      3     40     60    304
 137      5     36      1    196
 138      5     20      1    365
 139      3     10     60    304
 140      3    195     60    304
 141      3    110     60    304
 142      3    476     60    304
 143      3    441     60    304
 144      3     32     60    304
 145      3     13     60    304
 146      5     88      1    365
 147      3    689     60    304
 148      3     38     60    304
 149      3      6     60    304
 150      1     31      1    365
 151      1     81      1    365
 152      1     85      1    365
 153      3     20     60    304
 154      3     18     60    304
 155      5     47      1    365
 156      1    299      1    365
 157      1    188      1    365
 158      3     38     60    304
 159      5   2502      1    365
 160      5  10014      1    365
 161      5   3547      1    365
 162      1   1377      1    365
 163      1    461      1    365
 164      5      5      1    365
 165      5     26      1    365
 166      1    100     91    258
 167      5      7     60    274
 168      5     77     32    244
 169      5     20      1    365
 170      5     34      1    365
 171      3     71     60    304
 172      5     72     32    244
 173      5     31      1    365
 174      5   6875      1    365
 175      1     40      1    365
 176      3     42     60    304
 177      3    141     60    304
 178      3     35     60    304
 179      3     32     60    304
 180      3     17     60    304
 181      5     29      1    365
 182      3    831     60    304
 183      3    770     60    304
 184      3     28     60    304
 185      3     13     60    304
 186      3      8     60    304
 187      3     22     60    304
 188      3     37     60    304
 189      3   1570     60    304
 190      3    244     60    304
 191      3     83     60    304
 192      1    210     91    244
 193      1     31     91    244
 194      1     27      1    365
 195      3    179      1    365
 196      3     38     60    304
 197      3    198     60    304
 198      3    115     60    304
 199      5      3      1    365
 200      3    182     60    304
 201      5      9      1    365
 202      3     52     60    304
 203      5    161      1    365
 204      5     77      1    365
 205      5    251      1    365
 206      5     70      1    365
 207      5     70      1    365
 208      5     53      1    365
 209      3     30     60    304
 210      1     31     32    304
 211      5    107     91    161
 212      3    212     60    304
 213      3   1856     60    304
 214      3     14     60    304
 215      5     21     60    244
 216      1     35      1    365
 217      3    139     60    304
 218      5     17      1    365
 219      5     31      1    365
 220      3     27     60    304
 221      3    837      1    365
 222      5    172     60    244
 223      5     10      1    365
 224      5    155      1    365
 225      3    232     60    304
 226      3    107     60    304
 227      5    182      1    365
 228      5     29      1    365
 229      3     30     60    304
 230      3    125     60    304
 231      3    580     60    304
 232      3    331     60    304
 233      1    152      1    365
 234      3     16     60    273
 235      3    133     60    304
 236      5   2108      1    365
 237      5    137      1    365
 238      3    875     60    304
 239      3    300     60    304
 240      3     70     60    304
 241      5     23      1    365
 242      5     43      1    365
 243      1    189      1    365
 244      1    137      1    365
 245      1    143      1    365
 246      1     74      1    365
 247      5    120     60    213
 248      5     21      1    365
 249      5     96     60    244
 250      5   2241      1    365
 251      3     84     91    288
 252      5    550      1    365
 253      1     69      1    365
 254      3     22    105    273
 999      0      0      1    365
