   1      3    104     60    304
   2      3     73     60    304
   3      3     50     60    304
   4      3     21      1    365
   5      3   1349     60    304
   6      3   1806     60    304
   7      3   1605     60    304
   8      3      9      1    365
   9      3   3153     60    304
  10      3   3143     60    304
  11      3    517     60    304
  12      5    112      1    365
  13      5      8     60    182
  14      5     34     60    213
  15      5    112      1    365
  16      5     28     60    213
  17      5      4     91    365
  18      5    133     32    365
  19      5     33      1    365
  20      5    142     60    304
  21      5     73    121    244
  22      5    130     91    213
  23      5    279     60    274
  24      5     12     91    244
  25      5    208      1    258
  26      5     78     91    213
  27      5      6     91    244
  28      5     26     32    335
  29      5     48     60    244
  30      5    168     60    244
  31      1     58      1    365
  32      1     42      1    365
  33      1     90     60    213
  34      1     46     60    274
  35      1    195      1    365
  36      1    143      1    365
  37      1     24     60    244
  38      1    102      1    365
  39      1     40     32    244
  40      1     42      1    365
  41      1    137     32    244
  42      1    163     91    365
  43      1     78     60    365
  44      1    121     60    244
  45      1    150     91    244
  46      1     42     91    213
  47      1    182      1    274
  48      1     13     91    305
  49      1    215      1    258
  50      1    107     32    166
  51      1     59     60    166
  52      1     36      1    365
  53      1     55     60    293
  54      1     36     91    213
  55      1     81     60    152
  56      1    205     60    244
  57      1     46     60    304
  58      1    147     91    182
  59      1    153     60    182
  60      5     51      1    365
  61      5    299      1    365
  62      1    239      1    365
  63      5    117      1    365
  64      1      7      1    365
  65      1     49      1    365
  66      1    130      1    365
  67      1     10      1    365
  68      5    162      1    365
  69      5     57      1    365
  70      1     64      1    365
  71      1     65      1    365
  72      5     49      1    365
  73      1   1277      1    365
  74      3     49     60    304
  75      5     36      1    365
  76      1     28      1    365
  77      1     36      1    365
  78      1     62      1    365
  79      3     16     60    304
  80      1     64      1    365
  81      1     51      1    365
  82      3     33     60    304
  83      3     10     60    304
  84      5     20      1    365
  85      3      7     60    304
  86      3     15     60    304
  87      3     27     60    304
  88      3     20     60    304
  89      3     87     60    304
  90      3     53     60    304
  91      3     84     60    304
  92      1     86      1    365
  93      1     18      1    365
  94      3    278     60    304
  95      3    169     60    304
  96      1     81      1    365
  97      1     10      1    365
  98      3    139     60    304
  99      3    129     60    304
 100      3     25     60    304
 101      1     44      1    365
 102      1     36      1    365
 103      1     49      1    365
 104      1     60      1    365
 105      3     13     60    304
 106      3    159     60    304
 107      3     97     60    304
 108      3     38     60    304
 109      3     16     60    304
 110      3      7     60    304
 111      3     67     60    304
 112      1     52     60    244
 113      5     17      1    365
 114      3     82     60    304
 115      3     43     60    304
 116      3     48     60    304
 117      5    374      1    365
 118      3     12     60    304
 119      3     26     60    304
 120      3      1     60    304
 121      3      1     60    304
 122      3    139     60    304
 123      3     59     60    304
 124      3    860     60    304
 125      3    365     60    304
 126      3     14     60    304
 127      3    339     60    304
 128      3    505     60    304
 129      3    457     60    304
 130      3    517     60    304
 131      5     65      1    365
 132      3    205     60    304
 133      3     21     60    304
 134      3      9     60    304
 135      3     58     60    304
 136      3     40     60    304
 137      5     39      1    196
 138      5     21      1    365
 139      3     15     60    304
 140      3    180     60    304
 141      3    101     60    304
 142      3    725     60    304
 143      3    441     60    304
 144      3     35     60    304
 145      3     12     60    304
 146      5    112      1    365
 147      3    462     60    304
 148      3     42     60    304
 149      3      7     60    304
 150      1     23      1    365
 151      1     59      1    365
 152      1     88      1    365
 153      3     34     60    304
 154      3     18     60    304
 155      5     51      1    365
 156      1    309      1    365
 157      1    137      1    365
 158      3     42     60    304
 159      5   2673      1    365
 160      5  10699      1    365
 161      5   3790      1    365
 162      1   1423      1    365
 163      1    190      1    365
 164      5      5      1    365
 165      5     34      1    365
 166      1    104     91    258
 167      5      8     60    274
 168      5     83     32    244
 169      5     21      1    365
 170      5     37      1    365
 171      3    122     60    304
 172      5     77     32    244
 173      5     36      1    365
 174      5   7345      1    365
 175      1     29      1    365
 176      3     64     60    304
 177      3     94     60    304
 178      3     61     60    304
 179      3     32     60    304
 180      3     29     60    304
 181      5     31      1    365
 182      3   1266     60    304
 183      3    770     60    304
 184      3     19     60    304
 185      3     13     60    304
 186      3      9     60    304
 187      3     33     60    304
 188      3     63     60    304
 189      3   2390     60    304
 190      3    371     60    304
 191      3    127     60    304
 192      1    217     91    244
 193      1     32     91    244
 194      1     28      1    365
 195      3    306      1    365
 196      3     65     60    304
 197      3    301     60    304
 198      3     77     60    304
 199      5      3      1    365
 200      3    122     60    304
 201      5     10      1    365
 202      3     35     60    304
 203      5    172      1    365
 204      5     83      1    365
 205      5    269      1    365
 206      5     75      1    365
 207      5     70      1    365
 208      5     57      1    365
 209      3     20     60    304
 210      1     32     32    304
 211      5    125     91    161
 212      3    142     60    304
 213      3   1244     60    304
 214      3     21     60    304
 215      5     23     60    244
 216      1     36      1    365
 217      3     93     60    304
 218      5     20      1    365
 219      5     36      1    365
 220      3     41     60    304
 221      3    772      1    365
 222      5    202     60    244
 223      5     12      1    365
 224      5    182      1    365
 225      3    155     60    304
 226      3    107     60    304
 227      5    194      1    365
 228      5     31      1    365
 229      3     20     60    304
 230      3    139     60    304
 231      3    994     60    304
 232      3    305     60    304
 233      1    157      1    365
 234      3     25     60    273
 235      3    228     60    304
 236      5   1332      1    365
 237      5    162      1    365
 238      3    807     60    304
 239      3    277     60    304
 240      3     64     60    304
 241      5     25      1    365
 242      5     46      1    365
 243      1    195      1    365
 244      1    141      1    365
 245      1    147      1    365
 246      1     74      1    365
 247      5    142     60    213
 248      5     24      1    365
 249      5    113     60    244
 250      5   1194      1    365
 251      3     94     91    288
 252      5    647      1    365
 253      1     72      1    365
 254      3     33    105    273
 999      0      0      1    365
