   1      3     96     60    304
   2      3     92     60    304
   3      3     50     60    304
   4      3     20      1    365
   5      3   1379     60    304
   6      3   1846     60    304
   7      3   1605     60    304
   8      3     11      1    365
   9      3   3224     60    304
  10      3   3214     60    304
  11      3    339     60    304
  12      5    113      1    365
  13      5      8     60    182
  14      5     35     60    213
  15      5    113      1    365
  16      5     72     60    213
  17      5      4     91    365
  18      5    135     32    365
  19      5     34      1    365
  20      5    145     60    304
  21      5    186    121    244
  22      5    198     91    213
  23      5    716     60    274
  24      5     12     91    244
  25      5    210      1    258
  26      5    201     91    213
  27      5     14     91    244
  28      5     26     32    335
  29      5     49     60    244
  30      5    430     60    244
  31      1     40      1    365
  32      1     29      1    365
  33      1     62     60    213
  34      1     31     60    274
  35      1    134      1    365
  36      1     98      1    365
  37      1     16     60    244
  38      1     70      1    365
  39      1     27     32    244
  40      1     29      1    365
  41      1     94     32    244
  42      1    128     91    365
  43      1     62     60    365
  44      1     95     60    244
  45      1    118     91    244
  46      1     33     91    213
  47      1    144      1    274
  48      1     10     91    305
  49      1    169      1    258
  50      1     85     32    166
  51      1     46     60    166
  52      1     28      1    365
  53      1     44     60    293
  54      1     28     91    213
  55      1     64     60    152
  56      1    162     60    244
  57      1    139     60    304
  58      1    116     91    182
  59      1    105     60    182
  60      5     51      1    365
  61      5    307      1    365
  62      1    164      1    365
  63      5    120      1    365
  64      1      5      1    365
  65      1     39      1    365
  66      1    103      1    365
  67      1      7      1    365
  68      5    166      1    365
  69      5     58      1    365
  70      1     44      1    365
  71      1     51      1    365
  72      5     50      1    365
  73      1     30      1    365
  74      3     46     60    304
  75      5     37      1    365
  76      1     85      1    365
  77      1    108      1    365
  78      1    185      1    365
  79      3     20     60    304
  80      1    193      1    365
  81      1    154      1    365
  82      3     31     60    304
  83      3      9     60    304
  84      5     21      1    365
  85      3      9     60    304
  86      3     18     60    304
  87      3     17     60    304
  88      3     18     60    304
  89      3     81     60    304
  90      3     53     60    304
  91      3    107     60    304
  92      1     59      1    365
  93      1     12      1    365
  94      3    259     60    304
  95      3    169     60    304
  96      1     64      1    365
  97      1      8      1    365
  98      3     91     60    304
  99      3     85     60    304
 100      3     25     60    304
 101      1    131      1    365
 102      1    108      1    365
 103      1    147      1    365
 104      1     41      1    365
 105      3      9     60    304
 106      3    148     60    304
 107      3     97     60    304
 108      3     47     60    304
 109      3     20     60    304
 110      3      7     60    304
 111      3     44     60    304
 112      1     36     60    244
 113      5     43      1    365
 114      3     54     60    304
 115      3     43     60    304
 116      3     31     60    304
 117      5    960      1    365
 118      3     11     60    304
 119      3     32     60    304
 120      3      2     60    304
 121      3      1     60    304
 122      3    172     60    304
 123      3     59     60    304
 124      3    879     60    304
 125      3    239     60    304
 126      3     18     60    304
 127      3    428     60    304
 128      3    516     60    304
 129      3    467     60    304
 130      3    339     60    304
 131      5     66      1    365
 132      3    191     60    304
 133      3     26     60    304
 134      3     11     60    304
 135      3     74     60    304
 136      3     40     60    304
 137      5     39      1    196
 138      5     22      1    365
 139      3     14     60    304
 140      3    184     60    304
 141      3    104     60    304
 142      3    675     60    304
 143      3    441     60    304
 144      3     44     60    304
 145      3     13     60    304
 146      5    287      1    365
 147      3    585     60    304
 148      3     53     60    304
 149      3      9     60    304
 150      1     18      1    365
 151      1     46      1    365
 152      1     60      1    365
 153      3     22     60    304
 154      3     18     60    304
 155      5     51      1    365
 156      1    212      1    365
 157      1    108      1    365
 158      3     53     60    304
 159      5   2699      1    365
 160      5  10801      1    365
 161      5   3826      1    365
 162      1    978      1    365
 163      1    571      1    365
 164      5      5      1    365
 165      5     86      1    365
 166      1     71     91    258
 167      5      8     60    274
 168      5     84     32    244
 169      5     22      1    365
 170      5     37      1    365
 171      3     80     60    304
 172      5     78     32    244
 173      5     37      1    365
 174      5   7415      1    365
 175      1     23      1    365
 176      3     60     60    304
 177      3    119     60    304
 178      3     40     60    304
 179      3     32     60    304
 180      3     19     60    304
 181      5     31      1    365
 182      3   1178     60    304
 183      3    770     60    304
 184      3     24     60    304
 185      3     13     60    304
 186      3     12     60    304
 187      3     31     60    304
 188      3     41     60    304
 189      3   2224     60    304
 190      3    346     60    304
 191      3    118     60    304
 192      1    149     91    244
 193      1     22     91    244
 194      1     19      1    365
 195      3    201      1    365
 196      3     42     60    304
 197      3    280     60    304
 198      3     97     60    304
 199      5      3      1    365
 200      3    154     60    304
 201      5     10      1    365
 202      3     44     60    304
 203      5    174      1    365
 204      5     84      1    365
 205      5    271      1    365
 206      5     76      1    365
 207      5     70      1    365
 208      5     57      1    365
 209      3     26     60    304
 210      1     22     32    304
 211      5    129     91    161
 212      3    180     60    304
 213      3   1574     60    304
 214      3     20     60    304
 215      5     23     60    244
 216      1     25      1    365
 217      3    118     60    304
 218      5     21      1    365
 219      5     37      1    365
 220      3     38     60    304
 221      3    789      1    365
 222      5    207     60    244
 223      5     12      1    365
 224      5    187      1    365
 225      3    197     60    304
 226      3    107     60    304
 227      5    196      1    365
 228      5     31      1    365
 229      3     26     60    304
 230      3    172     60    304
 231      3    652     60    304
 232      3    312     60    304
 233      1    108      1    365
 234      3     23     60    273
 235      3    150     60    304
 236      5   2024      1    365
 237      5    166      1    365
 238      3    825     60    304
 239      3    283     60    304
 240      3     66     60    304
 241      5     25      1    365
 242      5     47      1    365
 243      1    134      1    365
 244      1     97      1    365
 245      1    101      1    365
 246      1     74      1    365
 247      5    145     60    213
 248      5     25      1    365
 249      5    116     60    244
 250      5    702      1    365
 251      3    117     91    288
 252      5    664      1    365
 253      1     49      1    365
 254      3     31    105    273
 999      0      0      1    365
