   1      3    106     60    304
   2      3    117     60    304
   3      3     50     60    304
   4      3     22      1    365
   5      3   1382     60    304
   6      3   1850     60    304
   7      3   1605     60    304
   8      3     14      1    365
   9      3   3231     60    304
  10      3   3221     60    304
  11      3    588     60    304
  12      5    106      1    365
  13      5      5     60    182
  14      5     33     60    213
  15      5    106      1    365
  16      5     21     60    213
  17      5      2     91    365
  18      5    127     32    365
  19      5     32      1    365
  20      5     83     60    304
  21      5     54    121    244
  22      5     41     91    213
  23      5    208     60    274
  24      5      7     91    244
  25      5    198      1    258
  26      5     58     91    213
  27      5      4     91    244
  28      5     25     32    335
  29      5     46     60    244
  30      5    125     60    244
  31      1     63      1    365
  32      1     46      1    365
  33      1     98     60    213
  34      1     50     60    274
  35      1    214      1    365
  36      1    157      1    365
  37      1     26     60    244
  38      1    111      1    365
  39      1     44     32    244
  40      1     46      1    365
  41      1    151     32    244
  42      1    118     91    365
  43      1     57     60    365
  44      1     87     60    244
  45      1    108     91    244
  46      1     31     91    213
  47      1    132      1    274
  48      1      9     91    305
  49      1    156      1    258
  50      1     78     32    166
  51      1     42     60    166
  52      1     26      1    365
  53      1     40     60    293
  54      1     26     91    213
  55      1     59     60    152
  56      1    149     60    244
  57      1     61     60    304
  58      1    106     91    182
  59      1    168     60    182
  60      5     48      1    365
  61      5    176      1    365
  62      1    262      1    365
  63      5     69      1    365
  64      1      5      1    365
  65      1     35      1    365
  66      1     94      1    365
  67      1     11      1    365
  68      5     95      1    365
  69      5     33      1    365
  70      1     70      1    365
  71      1     47      1    365
  72      5     28      1    365
  73      1    494      1    365
  74      3     51     60    304
  75      5     21      1    365
  76      1     37      1    365
  77      1     47      1    365
  78      1     81      1    365
  79      3     26     60    304
  80      1     84      1    365
  81      1     67      1    365
  82      3     34     60    304
  83      3     10     60    304
  84      5     12      1    365
  85      3     12     60    304
  86      3     23     60    304
  87      3     30     60    304
  88      3     20     60    304
  89      3     89     60    304
  90      3     53     60    304
  91      3    136     60    304
  92      1     94      1    365
  93      1     20      1    365
  94      3    285     60    304
  95      3    169     60    304
  96      1     59      1    365
  97      1      7      1    365
  98      3    158     60    304
  99      3    147     60    304
 100      3     25     60    304
 101      1     57      1    365
 102      1     47      1    365
 103      1     64      1    365
 104      1     65      1    365
 105      3     15     60    304
 106      3    164     60    304
 107      3     97     60    304
 108      3    152     60    304
 109      3     67     60    304
 110      3      7     60    304
 111      3     76     60    304
 112      1     57     60    244
 113      5     12      1    365
 114      3     93     60    304
 115      3     43     60    304
 116      3     54     60    304
 117      5    279      1    365
 118      3     12     60    304
 119      3    105     60    304
 120      3      2     60    304
 121      3      1     60    304
 122      3    561     60    304
 123      3     59     60    304
 124      3    881     60    304
 125      3    415     60    304
 126      3     57     60    304
 127      3    546     60    304
 128      3    518     60    304
 129      3    468     60    304
 130      3    588     60    304
 131      5     38      1    365
 132      3    211     60    304
 133      3     86     60    304
 134      3     14     60    304
 135      3     94     60    304
 136      3     40     60    304
 137      5     37      1    196
 138      5     20      1    365
 139      3     15     60    304
 140      3    184     60    304
 141      3    104     60    304
 142      3    744     60    304
 143      3    441     60    304
 144      3    143     60    304
 145      3     13     60    304
 146      5     83      1    365
 147      3    745     60    304
 148      3    171     60    304
 149      3     29     60    304
 150      1     17      1    365
 151      1     42      1    365
 152      1     96      1    365
 153      3     39     60    304
 154      3     18     60    304
 155      5     48      1    365
 156      1    338      1    365
 157      1     99      1    365
 158      3    171     60    304
 159      5   2540      1    365
 160      5  10167      1    365
 161      5   3601      1    365
 162      1   1560      1    365
 163      1    250      1    365
 164      5      5      1    365
 165      5     25      1    365
 166      1    113     91    258
 167      5      7     60    274
 168      5     79     32    244
 169      5     20      1    365
 170      5     35      1    365
 171      3    138     60    304
 172      5     74     32    244
 173      5     21      1    365
 174      5   6980      1    365
 175      1     21      1    365
 176      3     66     60    304
 177      3    152     60    304
 178      3     69     60    304
 179      3     32     60    304
 180      3     32     60    304
 181      5     30      1    365
 182      3   1299     60    304
 183      3    770     60    304
 184      3     30     60    304
 185      3     13     60    304
 186      3     38     60    304
 187      3     34     60    304
 188      3     71     60    304
 189      3   2453     60    304
 190      3    381     60    304
 191      3    130     60    304
 192      1    238     91    244
 193      1     35     91    244
 194      1     31      1    365
 195      3    348      1    365
 196      3     73     60    304
 197      3    309     60    304
 198      3    124     60    304
 199      5      3      1    365
 200      3    197     60    304
 201      5      9      1    365
 202      3     56     60    304
 203      5    163      1    365
 204      5     79      1    365
 205      5    255      1    365
 206      5     71      1    365
 207      5     70      1    365
 208      5     54      1    365
 209      3     33     60    304
 210      1     35     32    304
 211      5     74     91    161
 212      3    230     60    304
 213      3   2006     60    304
 214      3     22     60    304
 215      5     21     60    244
 216      1     39      1    365
 217      3    150     60    304
 218      5     12      1    365
 219      5     21      1    365
 220      3     42     60    304
 221      3    791      1    365
 222      5    119     60    244
 223      5      7      1    365
 224      5    107      1    365
 225      3    251     60    304
 226      3    107     60    304
 227      5    185      1    365
 228      5     30      1    365
 229      3     33     60    304
 230      3    561     60    304
 231      3   1130     60    304
 232      3    312     60    304
 233      1    172      1    365
 234      3     25     60    273
 235      3    259     60    304
 236      5    416      1    365
 237      5     95      1    365
 238      3    826     60    304
 239      3    284     60    304
 240      3     66     60    304
 241      5     23      1    365
 242      5     44      1    365
 243      1    214      1    365
 244      1    155      1    365
 245      1    161      1    365
 246      1     74      1    365
 247      5     83     60    213
 248      5     14      1    365
 249      5     66     60    244
 250      5    883      1    365
 251      3    380     91    288
 252      5    380      1    365
 253      1     79      1    365
 254      3     34    105    273
 999      0      0      1    365
