   1      3     90     60    304
   2      3    111     60    304
   3      3     50     60    304
   4      3     19      1    365
   5      3   1326     60    304
   6      3   1775     60    304
   7      3   1605     60    304
   8      3     13      1    365
   9      3   3100     60    304
  10      3   3090     60    304
  11      3    508     60    304
  12      5    105      1    365
  13      5      6     60    182
  14      5     32     60    213
  15      5    105      1    365
  16      5     58     60    213
  17      5      3     91    365
  18      5    125     32    365
  19      5     31      1    365
  20      5    105     60    304
  21      5    151    121    244
  22      5     88     91    213
  23      5    579     60    274
  24      5      9     91    244
  25      5    196      1    258
  26      5    162     91    213
  27      5     12     91    244
  28      5     24     32    335
  29      5     45     60    244
  30      5    347     60    244
  31      1     51      1    365
  32      1     37      1    365
  33      1     79     60    213
  34      1     40     60    274
  35      1    172      1    365
  36      1    126      1    365
  37      1     21     60    244
  38      1     89      1    365
  39      1     35     32    244
  40      1     37      1    365
  41      1    121     32    244
  42      1     58     91    365
  43      1     28     60    365
  44      1     43     60    244
  45      1     54     91    244
  46      1     15     91    213
  47      1     65      1    274
  48      1      5     91    305
  49      1     77      1    258
  50      1     39     32    166
  51      1     21     60    166
  52      1     13      1    365
  53      1     20     60    293
  54      1     13     91    213
  55      1     29     60    152
  56      1     74     60    244
  57      1    137     60    304
  58      1     53     91    182
  59      1    135     60    182
  60      5     47      1    365
  61      5    222      1    365
  62      1    210      1    365
  63      5     87      1    365
  64      1      2      1    365
  65      1     18      1    365
  66      1     47      1    365
  67      1      9      1    365
  68      5    120      1    365
  69      5     42      1    365
  70      1     56      1    365
  71      1     23      1    365
  72      5     36      1    365
  73      1    885      1    365
  74      3     43     60    304
  75      5     27      1    365
  76      1     84      1    365
  77      1    107      1    365
  78      1    183      1    365
  79      3     24     60    304
  80      1    191      1    365
  81      1    153      1    365
  82      3     29     60    304
  83      3      9     60    304
  84      5     15      1    365
  85      3     11     60    304
  86      3     22     60    304
  87      3     26     60    304
  88      3     17     60    304
  89      3     76     60    304
  90      3     53     60    304
  91      3    129     60    304
  92      1     75      1    365
  93      1     16      1    365
  94      3    242     60    304
  95      3    169     60    304
  96      1     29      1    365
  97      1      4      1    365
  98      3    136     60    304
  99      3    127     60    304
 100      3     24     60    304
 101      1    130      1    365
 102      1    107      1    365
 103      1    145      1    365
 104      1     53      1    365
 105      3     13     60    304
 106      3    139     60    304
 107      3     97     60    304
 108      3    123     60    304
 109      3     54     60    304
 110      3      7     60    304
 111      3     65     60    304
 112      1     46     60    244
 113      5     35      1    365
 114      3     80     60    304
 115      3     43     60    304
 116      3     47     60    304
 117      5    776      1    365
 118      3     10     60    304
 119      3     85     60    304
 120      3      2     60    304
 121      3      1     60    304
 122      3    455     60    304
 123      3     59     60    304
 124      3    845     60    304
 125      3    359     60    304
 126      3     46     60    304
 127      3    518     60    304
 128      3    497     60    304
 129      3    449     60    304
 130      3    508     60    304
 131      5     48      1    365
 132      3    179     60    304
 133      3     69     60    304
 134      3     13     60    304
 135      3     89     60    304
 136      3     40     60    304
 137      5     36      1    196
 138      5     20      1    365
 139      3     13     60    304
 140      3    177     60    304
 141      3    100     60    304
 142      3    632     60    304
 143      3    441     60    304
 144      3    116     60    304
 145      3     12     60    304
 146      5    232      1    365
 147      3    707     60    304
 148      3    139     60    304
 149      3     23     60    304
 150      1      8      1    365
 151      1     21      1    365
 152      1     77      1    365
 153      3     34     60    304
 154      3     18     60    304
 155      5     47      1    365
 156      1    272      1    365
 157      1     49      1    365
 158      3    139     60    304
 159      5   2513      1    365
 160      5  10057      1    365
 161      5   3562      1    365
 162      1   1254      1    365
 163      1    564      1    365
 164      5      5      1    365
 165      5     69      1    365
 166      1     91     91    258
 167      5      7     60    274
 168      5     78     32    244
 169      5     20      1    365
 170      5     34      1    365
 171      3    120     60    304
 172      5     73     32    244
 173      5     27      1    365
 174      5   6905      1    365
 175      1     11      1    365
 176      3     56     60    304
 177      3    144     60    304
 178      3     60     60    304
 179      3     32     60    304
 180      3     28     60    304
 181      5     29      1    365
 182      3   1103     60    304
 183      3    770     60    304
 184      3     29     60    304
 185      3     13     60    304
 186      3     31     60    304
 187      3     29     60    304
 188      3     62     60    304
 189      3   2083     60    304
 190      3    324     60    304
 191      3    110     60    304
 192      1    191     91    244
 193      1     28     91    244
 194      1     25      1    365
 195      3    301      1    365
 196      3     64     60    304
 197      3    262     60    304
 198      3    118     60    304
 199      5      3      1    365
 200      3    187     60    304
 201      5      9      1    365
 202      3     53     60    304
 203      5    162      1    365
 204      5     78      1    365
 205      5    253      1    365
 206      5     71      1    365
 207      5     70      1    365
 208      5     54      1    365
 209      3     31     60    304
 210      1     28     32    304
 211      5     93     91    161
 212      3    218     60    304
 213      3   1902     60    304
 214      3     19     60    304
 215      5     21     60    244
 216      1     32      1    365
 217      3    142     60    304
 218      5     15      1    365
 219      5     27      1    365
 220      3     36     60    304
 221      3    759      1    365
 222      5    150     60    244
 223      5      9      1    365
 224      5    135      1    365
 225      3    238     60    304
 226      3    107     60    304
 227      5    183      1    365
 228      5     29      1    365
 229      3     31     60    304
 230      3    455     60    304
 231      3    977     60    304
 232      3    300     60    304
 233      1    139      1    365
 234      3     21     60    273
 235      3    224     60    304
 236      5    898      1    365
 237      5    120      1    365
 238      3    793     60    304
 239      3    272     60    304
 240      3     63     60    304
 241      5     23      1    365
 242      5     43      1    365
 243      1    172      1    365
 244      1    125      1    365
 245      1    130      1    365
 246      1     74      1    365
 247      5    105     60    213
 248      5     18      1    365
 249      5     84     60    244
 250      5   1973      1    365
 251      3    309     91    288
 252      5    479      1    365
 253      1     63      1    365
 254      3     29    105    273
 999      0      0      1    365
