   1      3     76     60    304
   2      3     69     60    304
   3      3     50     60    304
   4      3     16      1    365
   5      3   1281     60    304
   6      3   1715     60    304
   7      3   1605     60    304
   8      3      8      1    365
   9      3   2995     60    304
  10      3   2985     60    304
  11      3    463     60    304
  12      5    107      1    365
  13      5      9     60    182
  14      5     33     60    213
  15      5    107      1    365
  16      5     48     60    213
  17      5      4     91    365
  18      5    127     32    365
  19      5     32      1    365
  20      5    155     60    304
  21      5    124    121    244
  22      5    162     91    213
  23      5    476     60    274
  24      5     13     91    244
  25      5    199      1    258
  26      5    133     91    213
  27      5     10     91    244
  28      5     25     32    335
  29      5     46     60    244
  30      5    286     60    244
  31      1     49      1    365
  32      1     36      1    365
  33      1     76     60    213
  34      1     39     60    274
  35      1    166      1    365
  36      1    122      1    365
  37      1     20     60    244
  38      1     86      1    365
  39      1     34     32    244
  40      1     36      1    365
  41      1    117     32    244
  42      1    175     91    365
  43      1     84     60    365
  44      1    129     60    244
  45      1    161     91    244
  46      1     45     91    213
  47      1    196      1    274
  48      1     14     91    305
  49      1    231      1    258
  50      1    115     32    166
  51      1     63     60    166
  52      1     38      1    365
  53      1     59     60    293
  54      1     38     91    213
  55      1     87     60    152
  56      1    220     60    244
  57      1    165     60    304
  58      1    157     91    182
  59      1    130     60    182
  60      5     48      1    365
  61      5    329      1    365
  62      1    203      1    365
  63      5    129      1    365
  64      1      7      1    365
  65      1     52      1    365
  66      1    140      1    365
  67      1      8      1    365
  68      5    178      1    365
  69      5     62      1    365
  70      1     54      1    365
  71      1     70      1    365
  72      5     53      1    365
  73      1   1311      1    365
  74      3     36     60    304
  75      5     40      1    365
  76      1    101      1    365
  77      1    128      1    365
  78      1    220      1    365
  79      3     15     60    304
  80      1    229      1    365
  81      1    184      1    365
  82      3     24     60    304
  83      3      7     60    304
  84      5     22      1    365
  85      3      7     60    304
  86      3     14     60    304
  87      3     24     60    304
  88      3     14     60    304
  89      3     64     60    304
  90      3     53     60    304
  91      3     80     60    304
  92      1     73      1    365
  93      1     15      1    365
  94      3    204     60    304
  95      3    169     60    304
  96      1     87      1    365
  97      1     10      1    365
  98      3    124     60    304
  99      3    116     60    304
 100      3     24     60    304
 101      1    156      1    365
 102      1    128      1    365
 103      1    174      1    365
 104      1     51      1    365
 105      3     12     60    304
 106      3    117     60    304
 107      3     97     60    304
 108      3    154     60    304
 109      3     67     60    304
 110      3      7     60    304
 111      3     60     60    304
 112      1     44     60    244
 113      5     29      1    365
 114      3     73     60    304
 115      3     43     60    304
 116      3     43     60    304
 117      5    638      1    365
 118      3      8     60    304
 119      3    106     60    304
 120      3      1     60    304
 121      3      1     60    304
 122      3    566     60    304
 123      3     59     60    304
 124      3    816     60    304
 125      3    327     60    304
 126      3     58     60    304
 127      3    321     60    304
 128      3    480     60    304
 129      3    434     60    304
 130      3    463     60    304
 131      5     71      1    365
 132      3    151     60    304
 133      3     86     60    304
 134      3      8     60    304
 135      3     55     60    304
 136      3     40     60    304
 137      5     37      1    196
 138      5     21      1    365
 139      3     11     60    304
 140      3    171     60    304
 141      3     96     60    304
 142      3    531     60    304
 143      3    441     60    304
 144      3    144     60    304
 145      3     12     60    304
 146      5    191      1    365
 147      3    438     60    304
 148      3    173     60    304
 149      3     29     60    304
 150      1     24      1    365
 151      1     63      1    365
 152      1     74      1    365
 153      3     31     60    304
 154      3     18     60    304
 155      5     48      1    365
 156      1    262      1    365
 157      1    147      1    365
 158      3    173     60    304
 159      5   2552      1    365
 160      5  10213      1    365
 161      5   3618      1    365
 162      1   1209      1    365
 163      1    679      1    365
 164      5      5      1    365
 165      5     57      1    365
 166      1     88     91    258
 167      5      7     60    274
 168      5     79     32    244
 169      5     21      1    365
 170      5     35      1    365
 171      3    109     60    304
 172      5     74     32    244
 173      5     40      1    365
 174      5   7012      1    365
 175      1     31      1    365
 176      3     47     60    304
 177      3     90     60    304
 178      3     55     60    304
 179      3     32     60    304
 180      3     26     60    304
 181      5     30      1    365
 182      3    928     60    304
 183      3    770     60    304
 184      3     18     60    304
 185      3     13     60    304
 186      3     38     60    304
 187      3     24     60    304
 188      3     56     60    304
 189      3   1752     60    304
 190      3    272     60    304
 191      3     93     60    304
 192      1    184     91    244
 193      1     27     91    244
 194      1     24      1    365
 195      3    274      1    365
 196      3     58     60    304
 197      3    221     60    304
 198      3     73     60    304
 199      5      3      1    365
 200      3    116     60    304
 201      5      9      1    365
 202      3     33     60    304
 203      5    164      1    365
 204      5     79      1    365
 205      5    256      1    365
 206      5     72      1    365
 207      5     70      1    365
 208      5     54      1    365
 209      3     19     60    304
 210      1     27     32    304
 211      5    138     91    161
 212      3    135     60    304
 213      3   1179     60    304
 214      3     16     60    304
 215      5     22     60    244
 216      1     30      1    365
 217      3     88     60    304
 218      5     22      1    365
 219      5     40      1    365
 220      3     30     60    304
 221      3    733      1    365
 222      5    222     60    244
 223      5     13      1    365
 224      5    200      1    365
 225      3    147     60    304
 226      3    107     60    304
 227      5    186      1    365
 228      5     30      1    365
 229      3     19     60    304
 230      3    566     60    304
 231      3    891     60    304
 232      3    290     60    304
 233      1    134      1    365
 234      3     18     60    273
 235      3    204     60    304
 236      5   1658      1    365
 237      5    178      1    365
 238      3    766     60    304
 239      3    263     60    304
 240      3     61     60    304
 241      5     24      1    365
 242      5     44      1    365
 243      1    166      1    365
 244      1    120      1    365
 245      1    125      1    365
 246      1     74      1    365
 247      5    155     60    213
 248      5     27      1    365
 249      5    124     60    244
 250      5    925      1    365
 251      3    384     91    288
 252      5    711      1    365
 253      1     61      1    365
 254      3     24    105    273
 999      0      0      1    365
