   1      3     98     60    304
   2      3     92     60    304
   3      3     50     60    304
   4      3     20      1    365
   5      3   1279     60    304
   6      3   1712     60    304
   7      3   1605     60    304
   8      3     11      1    365
   9      3   2990     60    304
  10      3   2980     60    304
  11      3    427     60    304
  12      5    112      1    365
  13      5      9     60    182
  14      5     34     60    213
  15      5    112      1    365
  16      5     35     60    213
  17      5      5     91    365
  18      5    133     32    365
  19      5     33      1    365
  20      5    162     60    304
  21      5     91    121    244
  22      5    205     91    213
  23      5    351     60    274
  24      5     14     91    244
  25      5    208      1    258
  26      5     98     91    213
  27      5      7     91    244
  28      5     26     32    335
  29      5     48     60    244
  30      5    211     60    244
  31      1     53      1    365
  32      1     39      1    365
  33      1     83     60    213
  34      1     42     60    274
  35      1    180      1    365
  36      1    132      1    365
  37      1     22     60    244
  38      1     94      1    365
  39      1     37     32    244
  40      1     39      1    365
  41      1    127     32    244
  42      1     71     91    365
  43      1     34     60    365
  44      1     52     60    244
  45      1     65     91    244
  46      1     18     91    213
  47      1     79      1    274
  48      1      6     91    305
  49      1     93      1    258
  50      1     47     32    166
  51      1     25     60    166
  52      1     16      1    365
  53      1     24     60    293
  54      1     16     91    213
  55      1     35     60    152
  56      1     89     60    244
  57      1    115     60    304
  58      1     64     91    182
  59      1    141     60    182
  60      5     50      1    365
  61      5    342      1    365
  62      1    220      1    365
  63      5    134      1    365
  64      1      3      1    365
  65      1     21      1    365
  66      1     57      1    365
  67      1      9      1    365
  68      5    185      1    365
  69      5     65      1    365
  70      1     59      1    365
  71      1     28      1    365
  72      5     55      1    365
  73      1    529      1    365
  74      3     47     60    304
  75      5     42      1    365
  76      1     70      1    365
  77      1     90      1    365
  78      1    153      1    365
  79      3     20     60    304
  80      1    160      1    365
  81      1    128      1    365
  82      3     31     60    304
  83      3      9     60    304
  84      5     23      1    365
  85      3      9     60    304
  86      3     18     60    304
  87      3     22     60    304
  88      3     19     60    304
  89      3     82     60    304
  90      3     53     60    304
  91      3    107     60    304
  92      1     79      1    365
  93      1     17      1    365
  94      3    263     60    304
  95      3    169     60    304
  96      1     35      1    365
  97      1      4      1    365
  98      3    115     60    304
  99      3    107     60    304
 100      3     23     60    304
 101      1    109      1    365
 102      1     90      1    365
 103      1    121      1    365
 104      1     55      1    365
 105      3     11     60    304
 106      3    151     60    304
 107      3     97     60    304
 108      3     26     60    304
 109      3     11     60    304
 110      3      7     60    304
 111      3     55     60    304
 112      1     48     60    244
 113      5     21      1    365
 114      3     67     60    304
 115      3     43     60    304
 116      3     39     60    304
 117      5    470      1    365
 118      3     11     60    304
 119      3     18     60    304
 120      3      2     60    304
 121      3      1     60    304
 122      3     97     60    304
 123      3     59     60    304
 124      3    815     60    304
 125      3    301     60    304
 126      3     10     60    304
 127      3    428     60    304
 128      3    479     60    304
 129      3    433     60    304
 130      3    427     60    304
 131      5     74      1    365
 132      3    194     60    304
 133      3     15     60    304
 134      3     11     60    304
 135      3     74     60    304
 136      3     40     60    304
 137      5     39      1    196
 138      5     21      1    365
 139      3     14     60    304
 140      3    171     60    304
 141      3     96     60    304
 142      3    685     60    304
 143      3    441     60    304
 144      3     25     60    304
 145      3     12     60    304
 146      5    140      1    365
 147      3    585     60    304
 148      3     29     60    304
 149      3      5     60    304
 150      1     10      1    365
 151      1     25      1    365
 152      1     81      1    365
 153      3     28     60    304
 154      3     18     60    304
 155      5     50      1    365
 156      1    285      1    365
 157      1     59      1    365
 158      3     29     60    304
 159      5   2672      1    365
 160      5  10693      1    365
 161      5   3788      1    365
 162      1   1313      1    365
 163      1    473      1    365
 164      5      5      1    365
 165      5     42      1    365
 166      1     96     91    258
 167      5      8     60    274
 168      5     83     32    244
 169      5     21      1    365
 170      5     37      1    365
 171      3    100     60    304
 172      5     77     32    244
 173      5     42      1    365
 174      5   7341      1    365
 175      1     13      1    365
 176      3     61     60    304
 177      3    120     60    304
 178      3     50     60    304
 179      3     32     60    304
 180      3     24     60    304
 181      5     31      1    365
 182      3   1197     60    304
 183      3    770     60    304
 184      3     24     60    304
 185      3     13     60    304
 186      3      7     60    304
 187      3     31     60    304
 188      3     52     60    304
 189      3   2260     60    304
 190      3    351     60    304
 191      3    120     60    304
 192      1    200     91    244
 193      1     29     91    244
 194      1     26      1    365
 195      3    253      1    365
 196      3     53     60    304
 197      3    284     60    304
 198      3     97     60    304
 199      5      3      1    365
 200      3    154     60    304
 201      5     10      1    365
 202      3     44     60    304
 203      5    172      1    365
 204      5     83      1    365
 205      5    268      1    365
 206      5     75      1    365
 207      5     70      1    365
 208      5     57      1    365
 209      3     26     60    304
 210      1     29     32    304
 211      5    143     91    161
 212      3    180     60    304
 213      3   1574     60    304
 214      3     20     60    304
 215      5     23     60    244
 216      1     33      1    365
 217      3    118     60    304
 218      5     23      1    365
 219      5     42      1    365
 220      3     39     60    304
 221      3    732      1    365
 222      5    231     60    244
 223      5     14      1    365
 224      5    208      1    365
 225      3    197     60    304
 226      3    107     60    304
 227      5    194      1    365
 228      5     31      1    365
 229      3     26     60    304
 230      3     97     60    304
 231      3    820     60    304
 232      3    289     60    304
 233      1    145      1    365
 234      3     23     60    273
 235      3    188     60    304
 236      5   2098      1    365
 237      5    185      1    365
 238      3    765     60    304
 239      3    262     60    304
 240      3     61     60    304
 241      5     25      1    365
 242      5     46      1    365
 243      1    180      1    365
 244      1    130      1    365
 245      1    136      1    365
 246      1     74      1    365
 247      5    162     60    213
 248      5     28      1    365
 249      5    129     60    244
 250      5   2274      1    365
 251      3     65     91    288
 252      5    740      1    365
 253      1     66      1    365
 254      3     31    105    273
 999      0      0      1    365
