   1      3    103     60    304
   2      3     58     60    304
   3      3     50     60    304
   4      3     21      1    365
   5      3   1259     60    304
   6      3   1685     60    304
   7      3   1605     60    304
   8      3      7      1    365
   9      3   2943     60    304
  10      3   2934     60    304
  11      3    625     60    304
  12      5    106      1    365
  13      5     10     60    182
  14      5     33     60    213
  15      5    106      1    365
  16      5     29     60    213
  17      5      5     91    365
  18      5    126     32    365
  19      5     32      1    365
  20      5    172     60    304
  21      5     76    121    244
  22      5    169     91    213
  23      5    294     60    274
  24      5     15     91    244
  25      5    198      1    258
  26      5     82     91    213
  27      5      6     91    244
  28      5     24     32    335
  29      5     46     60    244
  30      5    176     60    244
  31      1     60      1    365
  32      1     43      1    365
  33      1     93     60    213
  34      1     47     60    274
  35      1    202      1    365
  36      1    148      1    365
  37      1     25     60    244
  38      1    105      1    365
  39      1     41     32    244
  40      1     43      1    365
  41      1    142     32    244
  42      1     58     91    365
  43      1     28     60    365
  44      1     43     60    244
  45      1     54     91    244
  46      1     15     91    213
  47      1     65      1    274
  48      1      5     91    305
  49      1     77      1    258
  50      1     38     32    166
  51      1     21     60    166
  52      1     13      1    365
  53      1     20     60    293
  54      1     13     91    213
  55      1     29     60    152
  56      1     73     60    244
  57      1    210     60    304
  58      1     52     91    182
  59      1    159     60    182
  60      5     48      1    365
  61      5    363      1    365
  62      1    247      1    365
  63      5    142      1    365
  64      1      2      1    365
  65      1     17      1    365
  66      1     47      1    365
  67      1     10      1    365
  68      5    196      1    365
  69      5     69      1    365
  70      1     66      1    365
  71      1     23      1    365
  72      5     59      1    365
  73      1    495      1    365
  74      3     49     60    304
  75      5     44      1    365
  76      1    129      1    365
  77      1    164      1    365
  78      1    281      1    365
  79      3     13     60    304
  80      1    292      1    365
  81      1    234      1    365
  82      3     33     60    304
  83      3     10     60    304
  84      5     25      1    365
  85      3      6     60    304
  86      3     12     60    304
  87      3     32     60    304
  88      3     20     60    304
  89      3     87     60    304
  90      3     53     60    304
  91      3     67     60    304
  92      1     89      1    365
  93      1     19      1    365
  94      3    277     60    304
  95      3    169     60    304
  96      1     29      1    365
  97      1      3      1    365
  98      3    168     60    304
  99      3    156     60    304
 100      3     23     60    304
 101      1    199      1    365
 102      1    164      1    365
 103      1    222      1    365
 104      1     62      1    365
 105      3     16     60    304
 106      3    159     60    304
 107      3     97     60    304
 108      3    103     60    304
 109      3     45     60    304
 110      3      7     60    304
 111      3     80     60    304
 112      1     54     60    244
 113      5     18      1    365
 114      3     99     60    304
 115      3     43     60    304
 116      3     57     60    304
 117      5    394      1    365
 118      3     11     60    304
 119      3     71     60    304
 120      3      1     60    304
 121      3      1     60    304
 122      3    380     60    304
 123      3     59     60    304
 124      3    802     60    304
 125      3    441     60    304
 126      3     39     60    304
 127      3    268     60    304
 128      3    471     60    304
 129      3    426     60    304
 130      3    625     60    304
 131      5     79      1    365
 132      3    205     60    304
 133      3     58     60    304
 134      3      7     60    304
 135      3     46     60    304
 136      3     40     60    304
 137      5     37      1    196
 138      5     20      1    365
 139      3     15     60    304
 140      3    168     60    304
 141      3     95     60    304
 142      3    723     60    304
 143      3    441     60    304
 144      3     97     60    304
 145      3     12     60    304
 146      5    117      1    365
 147      3    366     60    304
 148      3    116     60    304
 149      3     19     60    304
 150      1      8      1    365
 151      1     21      1    365
 152      1     91      1    365
 153      3     41     60    304
 154      3     18     60    304
 155      5     48      1    365
 156      1    320      1    365
 157      1     49      1    365
 158      3    116     60    304
 159      5   2534      1    365
 160      5  10142      1    365
 161      5   3593      1    365
 162      1   1474      1    365
 163      1    865      1    365
 164      5      5      1    365
 165      5     35      1    365
 166      1    107     91    258
 167      5      7     60    274
 168      5     78     32    244
 169      5     20      1    365
 170      5     35      1    365
 171      3    147     60    304
 172      5     73     32    244
 173      5     44      1    365
 174      5   6963      1    365
 175      1     10      1    365
 176      3     64     60    304
 177      3     75     60    304
 178      3     73     60    304
 179      3     32     60    304
 180      3     34     60    304
 181      5     30      1    365
 182      3   1262     60    304
 183      3    770     60    304
 184      3     15     60    304
 185      3     13     60    304
 186      3     26     60    304
 187      3     33     60    304
 188      3     76     60    304
 189      3   2384     60    304
 190      3    370     60    304
 191      3    126     60    304
 192      1    225     91    244
 193      1     33     91    244
 194      1     29      1    365
 195      3    370      1    365
 196      3     78     60    304
 197      3    300     60    304
 198      3     61     60    304
 199      5      3      1    365
 200      3     97     60    304
 201      5      9      1    365
 202      3     28     60    304
 203      5    163      1    365
 204      5     78      1    365
 205      5    255      1    365
 206      5     71      1    365
 207      5     70      1    365
 208      5     54      1    365
 209      3     16     60    304
 210      1     33     32    304
 211      5    152     91    161
 212      3    113     60    304
 213      3    986     60    304
 214      3     21     60    304
 215      5     21     60    244
 216      1     37      1    365
 217      3     74     60    304
 218      5     25      1    365
 219      5     44      1    365
 220      3     41     60    304
 221      3    720      1    365
 222      5    245     60    244
 223      5     15      1    365
 224      5    221      1    365
 225      3    123     60    304
 226      3    107     60    304
 227      5    184      1    365
 228      5     30      1    365
 229      3     16     60    304
 230      3    380     60    304
 231      3   1201     60    304
 232      3    285     60    304
 233      1    163      1    365
 234      3     25     60    273
 235      3    276     60    304
 236      5   1732      1    365
 237      5    196      1    365
 238      3    753     60    304
 239      3    258     60    304
 240      3     60     60    304
 241      5     23      1    365
 242      5     44      1    365
 243      1    202      1    365
 244      1    146      1    365
 245      1    153      1    365
 246      1     74      1    365
 247      5    172     60    213
 248      5     29      1    365
 249      5    137     60    244
 250      5   1140      1    365
 251      3    258     91    288
 252      5    786      1    365
 253      1     74      1    365
 254      3     33    105    273
 999      0      0      1    365
