   1      3    112     60    304
   2      3     62     60    304
   3      3     50     60    304
   4      3     23      1    365
   5      3   1306     60    304
   6      3   1748     60    304
   7      3   1605     60    304
   8      3      7      1    365
   9      3   3054     60    304
  10      3   3044     60    304
  11      3    509     60    304
  12      5    119      1    365
  13      5      3     60    182
  14      5     37     60    213
  15      5    119      1    365
  16      5     49     60    213
  17      5      2     91    365
  18      5    141     32    365
  19      5     35      1    365
  20      5     59     60    304
  21      5    128    121    244
  22      5    196     91    213
  23      5    491     60    274
  24      5      5     91    244
  25      5    221      1    258
  26      5    137     91    213
  27      5     10     91    244
  28      5     27     32    335
  29      5     51     60    244
  30      5    294     60    244
  31      1     34      1    365
  32      1     24      1    365
  33      1     52     60    213
  34      1     27     60    274
  35      1    114      1    365
  36      1     84      1    365
  37      1     14     60    244
  38      1     59      1    365
  39      1     23     32    244
  40      1     24      1    365
  41      1     80     32    244
  42      1     96     91    365
  43      1     46     60    365
  44      1     71     60    244
  45      1     88     91    244
  46      1     25     91    213
  47      1    107      1    274
  48      1      8     91    305
  49      1    127      1    258
  50      1     63     32    166
  51      1     35     60    166
  52      1     21      1    365
  53      1     33     60    293
  54      1     21     91    213
  55      1     48     60    152
  56      1    121     60    244
  57      1     73     60    304
  58      1     86     91    182
  59      1     90     60    182
  60      5     54      1    365
  61      5    124      1    365
  62      1    140      1    365
  63      5     49      1    365
  64      1      4      1    365
  65      1     29      1    365
  66      1     77      1    365
  67      1      6      1    365
  68      5     67      1    365
  69      5     24      1    365
  70      1     37      1    365
  71      1     38      1    365
  72      5     20      1    365
  73      1   2207      1    365
  74      3     54     60    304
  75      5     15      1    365
  76      1     45      1    365
  77      1     57      1    365
  78      1     97      1    365
  79      3     14     60    304
  80      1    101      1    365
  81      1     81      1    365
  82      3     36     60    304
  83      3     11     60    304
  84      5      8      1    365
  85      3      6     60    304
  86      3     12     60    304
  87      3     26     60    304
  88      3     21     60    304
  89      3     95     60    304
  90      3     53     60    304
  91      3     72     60    304
  92      1     50      1    365
  93      1     10      1    365
  94      3    302     60    304
  95      3    169     60    304
  96      1     48      1    365
  97      1      6      1    365
  98      3    137     60    304
  99      3    127     60    304
 100      3     24     60    304
 101      1     69      1    365
 102      1     57      1    365
 103      1     77      1    365
 104      1     35      1    365
 105      3     13     60    304
 106      3    173     60    304
 107      3     97     60    304
 108      3     70     60    304
 109      3     31     60    304
 110      3      7     60    304
 111      3     65     60    304
 112      1     30     60    244
 113      5     29      1    365
 114      3     80     60    304
 115      3     43     60    304
 116      3     47     60    304
 117      5    658      1    365
 118      3     12     60    304
 119      3     48     60    304
 120      3      1     60    304
 121      3      1     60    304
 122      3    259     60    304
 123      3     59     60    304
 124      3    832     60    304
 125      3    359     60    304
 126      3     26     60    304
 127      3    287     60    304
 128      3    489     60    304
 129      3    442     60    304
 130      3    509     60    304
 131      5     27      1    365
 132      3    223     60    304
 133      3     40     60    304
 134      3      7     60    304
 135      3     49     60    304
 136      3     40     60    304
 137      5     41      1    196
 138      5     23      1    365
 139      3     16     60    304
 140      3    174     60    304
 141      3     98     60    304
 142      3    787     60    304
 143      3    441     60    304
 144      3     66     60    304
 145      3     12     60    304
 146      5    196      1    365
 147      3    392     60    304
 148      3     79     60    304
 149      3     13     60    304
 150      1     13      1    365
 151      1     35      1    365
 152      1     51      1    365
 153      3     34     60    304
 154      3     18     60    304
 155      5     54      1    365
 156      1    181      1    365
 157      1     81      1    365
 158      3     79     60    304
 159      5   2838      1    365
 160      5  11358      1    365
 161      5   4023      1    365
 162      1    833      1    365
 163      1    300      1    365
 164      5      6      1    365
 165      5     59      1    365
 166      1     61     91    258
 167      5      8     60    274
 168      5     88     32    244
 169      5     23      1    365
 170      5     39      1    365
 171      3    120     60    304
 172      5     82     32    244
 173      5     15      1    365
 174      5   7798      1    365
 175      1     17      1    365
 176      3     70     60    304
 177      3     80     60    304
 178      3     60     60    304
 179      3     32     60    304
 180      3     28     60    304
 181      5     33      1    365
 182      3   1375     60    304
 183      3    770     60    304
 184      3     16     60    304
 185      3     13     60    304
 186      3     18     60    304
 187      3     36     60    304
 188      3     62     60    304
 189      3   2596     60    304
 190      3    403     60    304
 191      3    137     60    304
 192      1    127     91    244
 193      1     19     91    244
 194      1     16      1    365
 195      3    301      1    365
 196      3     64     60    304
 197      3    327     60    304
 198      3     65     60    304
 199      5      3      1    365
 200      3    104     60    304
 201      5     10      1    365
 202      3     30     60    304
 203      5    183      1    365
 204      5     88      1    365
 205      5    285      1    365
 206      5     80      1    365
 207      5     70      1    365
 208      5     60      1    365
 209      3     17     60    304
 210      1     19     32    304
 211      5     52     91    161
 212      3    121     60    304
 213      3   1056     60    304
 214      3     23     60    304
 215      5     24     60    244
 216      1     21      1    365
 217      3     79     60    304
 218      5      8      1    365
 219      5     15      1    365
 220      3     45     60    304
 221      3    747      1    365
 222      5     84     60    244
 223      5      5      1    365
 224      5     76      1    365
 225      3    132     60    304
 226      3    107     60    304
 227      5    206      1    365
 228      5     33      1    365
 229      3     17     60    304
 230      3    259     60    304
 231      3    978     60    304
 232      3    295     60    304
 233      1     92      1    365
 234      3     27     60    273
 235      3    224     60    304
 236      5   2000      1    365
 237      5     67      1    365
 238      3    781     60    304
 239      3    268     60    304
 240      3     62     60    304
 241      5     26      1    365
 242      5     49      1    365
 243      1    114      1    365
 244      1     83      1    365
 245      1     86      1    365
 246      1     74      1    365
 247      5     59     60    213
 248      5     10      1    365
 249      5     47     60    244
 250      5    930      1    365
 251      3    176     91    288
 252      5    269      1    365
 253      1     42      1    365
 254      3     36    105    273
 999      0      0      1    365
