   1      3     85     60    304
   2      3     97     60    304
   3      3     50     60    304
   4      3     18      1    365
   5      3   1446     60    304
   6      3   1936     60    304
   7      3   1605     60    304
   8      3     12      1    365
   9      3   3381     60    304
  10      3   3370     60    304
  11      3    517     60    304
  12      5    110      1    365
  13      5      4     60    182
  14      5     34     60    213
  15      5    110      1    365
  16      5     17     60    213
  17      5      2     91    365
  18      5    131     32    365
  19      5     33      1    365
  20      5     76     60    304
  21      5     45    121    244
  22      5     67     91    213
  23      5    173     60    274
  24      5      6     91    244
  25      5    205      1    258
  26      5     48     91    213
  27      5      3     91    244
  28      5     25     32    335
  29      5     48     60    244
  30      5    104     60    244
  31      1     52      1    365
  32      1     38      1    365
  33      1     81     60    213
  34      1     42     60    274
  35      1    177      1    365
  36      1    130      1    365
  37      1     22     60    244
  38      1     92      1    365
  39      1     36     32    244
  40      1     38      1    365
  41      1    125     32    244
  42      1    213     91    365
  43      1    102     60    365
  44      1    158     60    244
  45      1    196     91    244
  46      1     55     91    213
  47      1    238      1    274
  48      1     17     91    305
  49      1    281      1    258
  50      1    141     32    166
  51      1     77     60    166
  52      1     47      1    365
  53      1     72     60    293
  54      1     47     91    213
  55      1    106     60    152
  56      1    268     60    244
  57      1     80     60    304
  58      1    192     91    182
  59      1    139     60    182
  60      5     50      1    365
  61      5    160      1    365
  62      1    217      1    365
  63      5     63      1    365
  64      1      9      1    365
  65      1     64      1    365
  66      1    170      1    365
  67      1      9      1    365
  68      5     86      1    365
  69      5     30      1    365
  70      1     58      1    365
  71      1     85      1    365
  72      5     26      1    365
  73      1   1804      1    365
  74      3     41     60    304
  75      5     19      1    365
  76      1     49      1    365
  77      1     62      1    365
  78      1    107      1    365
  79      3     21     60    304
  80      1    111      1    365
  81      1     89      1    365
  82      3     27     60    304
  83      3      8     60    304
  84      5     11      1    365
  85      3     10     60    304
  86      3     19     60    304
  87      3     27     60    304
  88      3     16     60    304
  89      3     72     60    304
  90      3     53     60    304
  91      3    113     60    304
  92      1     78      1    365
  93      1     16      1    365
  94      3    229     60    304
  95      3    169     60    304
  96      1    106      1    365
  97      1     13      1    365
  98      3    139     60    304
  99      3    129     60    304
 100      3     27     60    304
 101      1     76      1    365
 102      1     62      1    365
 103      1     85      1    365
 104      1     54      1    365
 105      3     13     60    304
 106      3    132     60    304
 107      3     97     60    304
 108      3     35     60    304
 109      3     15     60    304
 110      3      7     60    304
 111      3     66     60    304
 112      1     47     60    244
 113      5     10      1    365
 114      3     82     60    304
 115      3     43     60    304
 116      3     47     60    304
 117      5    231      1    365
 118      3      9     60    304
 119      3     24     60    304
 120      3      2     60    304
 121      3      1     60    304
 122      3    130     60    304
 123      3     59     60    304
 124      3    922     60    304
 125      3    365     60    304
 126      3     13     60    304
 127      3    453     60    304
 128      3    542     60    304
 129      3    490     60    304
 130      3    517     60    304
 131      5     35      1    365
 132      3    169     60    304
 133      3     20     60    304
 134      3     12     60    304
 135      3     78     60    304
 136      3     40     60    304
 137      5     38      1    196
 138      5     21      1    365
 139      3     12     60    304
 140      3    193     60    304
 141      3    109     60    304
 142      3    598     60    304
 143      3    441     60    304
 144      3     33     60    304
 145      3     13     60    304
 146      5     69      1    365
 147      3    619     60    304
 148      3     40     60    304
 149      3      7     60    304
 150      1     30      1    365
 151      1     77      1    365
 152      1     80      1    365
 153      3     34     60    304
 154      3     18     60    304
 155      5     50      1    365
 156      1    280      1    365
 157      1    179      1    365
 158      3     40     60    304
 159      5   2633      1    365
 160      5  10537      1    365
 161      5   3733      1    365
 162      1   1292      1    365
 163      1    330      1    365
 164      5      5      1    365
 165      5     21      1    365
 166      1     94     91    258
 167      5      7     60    274
 168      5     81     32    244
 169      5     21      1    365
 170      5     36      1    365
 171      3    122     60    304
 172      5     76     32    244
 173      5     19      1    365
 174      5   7234      1    365
 175      1     38      1    365
 176      3     53     60    304
 177      3    126     60    304
 178      3     61     60    304
 179      3     32     60    304
 180      3     28     60    304
 181      5     31      1    365
 182      3   1044     60    304
 183      3    770     60    304
 184      3     25     60    304
 185      3     13     60    304
 186      3      9     60    304
 187      3     27     60    304
 188      3     63     60    304
 189      3   1972     60    304
 190      3    306     60    304
 191      3    104     60    304
 192      1    197     91    244
 193      1     29     91    244
 194      1     25      1    365
 195      3    306      1    365
 196      3     65     60    304
 197      3    248     60    304
 198      3    103     60    304
 199      5      3      1    365
 200      3    163     60    304
 201      5     10      1    365
 202      3     47     60    304
 203      5    169      1    365
 204      5     81      1    365
 205      5    265      1    365
 206      5     74      1    365
 207      5     70      1    365
 208      5     56      1    365
 209      3     27     60    304
 210      1     29     32    304
 211      5     67     91    161
 212      3    191     60    304
 213      3   1665     60    304
 214      3     18     60    304
 215      5     22     60    244
 216      1     33      1    365
 217      3    124     60    304
 218      5     11      1    365
 219      5     19      1    365
 220      3     34     60    304
 221      3    827      1    365
 222      5    108     60    244
 223      5      6      1    365
 224      5     97      1    365
 225      3    208     60    304
 226      3    107     60    304
 227      5    192      1    365
 228      5     31      1    365
 229      3     27     60    304
 230      3    130     60    304
 231      3    993     60    304
 232      3    327     60    304
 233      1    143      1    365
 234      3     20     60    273
 235      3    228     60    304
 236      5    685      1    365
 237      5     86      1    365
 238      3    865     60    304
 239      3    297     60    304
 240      3     69     60    304
 241      5     24      1    365
 242      5     46      1    365
 243      1    177      1    365
 244      1    128      1    365
 245      1    134      1    365
 246      1     74      1    365
 247      5     76     60    213
 248      5     13      1    365
 249      5     60     60    244
 250      5   1860      1    365
 251      3     88     91    288
 252      5    345      1    365
 253      1     65      1    365
 254      3     27    105    273
 999      0      0      1    365
