   1      3     97     60    304
   2      3     83     60    304
   3      3     50     60    304
   4      3     20      1    365
   5      3   1421     60    304
   6      3   1902     60    304
   7      3   1605     60    304
   8      3     10      1    365
   9      3   3321     60    304
  10      3   3311     60    304
  11      3    619     60    304
  12      5    113      1    365
  13      5      9     60    182
  14      5     35     60    213
  15      5    113      1    365
  16      5     54     60    213
  17      5      5     91    365
  18      5    134     32    365
  19      5     34      1    365
  20      5    161     60    304
  21      5    140    121    244
  22      5     45     91    213
  23      5    540     60    274
  24      5     14     91    244
  25      5    210      1    258
  26      5    151     91    213
  27      5     11     91    244
  28      5     26     32    335
  29      5     49     60    244
  30      5    324     60    244
  31      1     51      1    365
  32      1     37      1    365
  33      1     80     60    213
  34      1     41     60    274
  35      1    173      1    365
  36      1    127      1    365
  37      1     21     60    244
  38      1     90      1    365
  39      1     35     32    244
  40      1     37      1    365
  41      1    122     32    244
  42      1    129     91    365
  43      1     62     60    365
  44      1     95     60    244
  45      1    119     91    244
  46      1     34     91    213
  47      1    144      1    274
  48      1     10     91    305
  49      1    170      1    258
  50      1     85     32    166
  51      1     46     60    166
  52      1     28      1    365
  53      1     44     60    293
  54      1     28     91    213
  55      1     64     60    152
  56      1    162     60    244
  57      1     32     60    304
  58      1    116     91    182
  59      1    136     60    182
  60      5     51      1    365
  61      5    340      1    365
  62      1    212      1    365
  63      5    133      1    365
  64      1      5      1    365
  65      1     39      1    365
  66      1    103      1    365
  67      1      9      1    365
  68      5    184      1    365
  69      5     64      1    365
  70      1     57      1    365
  71      1     52      1    365
  72      5     55      1    365
  73      1    984      1    365
  74      3     46     60    304
  75      5     41      1    365
  76      1     19      1    365
  77      1     25      1    365
  78      1     42      1    365
  79      3     18     60    304
  80      1     44      1    365
  81      1     35      1    365
  82      3     31     60    304
  83      3      9     60    304
  84      5     23      1    365
  85      3      8     60    304
  86      3     17     60    304
  87      3     32     60    304
  88      3     18     60    304
  89      3     81     60    304
  90      3     53     60    304
  91      3     96     60    304
  92      1     76      1    365
  93      1     16      1    365
  94      3    259     60    304
  95      3    169     60    304
  96      1     64      1    365
  97      1      8      1    365
  98      3    166     60    304
  99      3    155     60    304
 100      3     26     60    304
 101      1     30      1    365
 102      1     25      1    365
 103      1     33      1    365
 104      1     53      1    365
 105      3     16     60    304
 106      3    149     60    304
 107      3     97     60    304
 108      3     39     60    304
 109      3     17     60    304
 110      3      7     60    304
 111      3     80     60    304
 112      1     46     60    244
 113      5     32      1    365
 114      3     98     60    304
 115      3     43     60    304
 116      3     57     60    304
 117      5    723      1    365
 118      3     11     60    304
 119      3     27     60    304
 120      3      2     60    304
 121      3      1     60    304
 122      3    145     60    304
 123      3     59     60    304
 124      3    905     60    304
 125      3    437     60    304
 126      3     15     60    304
 127      3    387     60    304
 128      3    532     60    304
 129      3    481     60    304
 130      3    619     60    304
 131      5     74      1    365
 132      3    192     60    304
 133      3     22     60    304
 134      3     10     60    304
 135      3     66     60    304
 136      3     40     60    304
 137      5     39      1    196
 138      5     22      1    365
 139      3     14     60    304
 140      3    190     60    304
 141      3    107     60    304
 142      3    676     60    304
 143      3    441     60    304
 144      3     37     60    304
 145      3     13     60    304
 146      5    216      1    365
 147      3    528     60    304
 148      3     44     60    304
 149      3      7     60    304
 150      1     18      1    365
 151      1     46      1    365
 152      1     78      1    365
 153      3     41     60    304
 154      3     18     60    304
 155      5     51      1    365
 156      1    274      1    365
 157      1    108      1    365
 158      3     44     60    304
 159      5   2693      1    365
 160      5  10778      1    365
 161      5   3818      1    365
 162      1   1264      1    365
 163      1    130      1    365
 164      5      5      1    365
 165      5     65      1    365
 166      1     92     91    258
 167      5      8     60    274
 168      5     83     32    244
 169      5     22      1    365
 170      5     37      1    365
 171      3    146     60    304
 172      5     78     32    244
 173      5     41      1    365
 174      5   7399      1    365
 175      1     23      1    365
 176      3     60     60    304
 177      3    108     60    304
 178      3     73     60    304
 179      3     32     60    304
 180      3     34     60    304
 181      5     31      1    365
 182      3   1181     60    304
 183      3    770     60    304
 184      3     22     60    304
 185      3     13     60    304
 186      3     10     60    304
 187      3     31     60    304
 188      3     75     60    304
 189      3   2230     60    304
 190      3    347     60    304
 191      3    118     60    304
 192      1    193     91    244
 193      1     28     91    244
 194      1     25      1    365
 195      3    367      1    365
 196      3     77     60    304
 197      3    281     60    304
 198      3     88     60    304
 199      5      3      1    365
 200      3    139     60    304
 201      5     10      1    365
 202      3     40     60    304
 203      5    173      1    365
 204      5     83      1    365
 205      5    271      1    365
 206      5     76      1    365
 207      5     70      1    365
 208      5     57      1    365
 209      3     23     60    304
 210      1     28     32    304
 211      5    142     91    161
 212      3    163     60    304
 213      3   1421     60    304
 214      3     20     60    304
 215      5     23     60    244
 216      1     32      1    365
 217      3    106     60    304
 218      5     23      1    365
 219      5     41      1    365
 220      3     38     60    304
 221      3    813      1    365
 222      5    230     60    244
 223      5     14      1    365
 224      5    207      1    365
 225      3    178     60    304
 226      3    107     60    304
 227      5    196      1    365
 228      5     31      1    365
 229      3     23     60    304
 230      3    145     60    304
 231      3   1191     60    304
 232      3    321     60    304
 233      1    140      1    365
 234      3     23     60    273
 235      3    273     60    304
 236      5    457      1    365
 237      5    184      1    365
 238      3    850     60    304
 239      3    291     60    304
 240      3     68     60    304
 241      5     25      1    365
 242      5     47      1    365
 243      1    173      1    365
 244      1    125      1    365
 245      1    131      1    365
 246      1     74      1    365
 247      5    161     60    213
 248      5     28      1    365
 249      5    129     60    244
 250      5    451      1    365
 251      3     98     91    288
 252      5    735      1    365
 253      1     64      1    365
 254      3     31    105    273
 999      0      0      1    365
