   1      3    101     60    304
   2      3    107     60    304
   3      3     50     60    304
   4      3     21      1    365
   5      3   1280     60    304
   6      3   1714     60    304
   7      3   1605     60    304
   8      3     13      1    365
   9      3   2993     60    304
  10      3   2984     60    304
  11      3    399     60    304
  12      5    109      1    365
  13      5      9     60    182
  14      5     34     60    213
  15      5    109      1    365
  16      5     31     60    213
  17      5      5     91    365
  18      5    130     32    365
  19      5     33      1    365
  20      5    162     60    304
  21      5     81    121    244
  22      5     55     91    213
  23      5    313     60    274
  24      5     14     91    244
  25      5    204      1    258
  26      5     88     91    213
  27      5      6     91    244
  28      5     25     32    335
  29      5     47     60    244
  30      5    188     60    244
  31      1     35      1    365
  32      1     26      1    365
  33      1     55     60    213
  34      1     28     60    274
  35      1    120      1    365
  36      1     88      1    365
  37      1     15     60    244
  38      1     62      1    365
  39      1     24     32    244
  40      1     26      1    365
  41      1     84     32    244
  42      1    223     91    365
  43      1    107     60    365
  44      1    165     60    244
  45      1    205     91    244
  46      1     58     91    213
  47      1    250      1    274
  48      1     18     91    305
  49      1    294      1    258
  50      1    147     32    166
  51      1     80     60    166
  52      1     49      1    365
  53      1     76     60    293
  54      1     49     91    213
  55      1    111     60    152
  56      1    281     60    244
  57      1    189     60    304
  58      1    201     91    182
  59      1     94     60    182
  60      5     49      1    365
  61      5    342      1    365
  62      1    147      1    365
  63      5    134      1    365
  64      1      9      1    365
  65      1     67      1    365
  66      1    178      1    365
  67      1      6      1    365
  68      5    185      1    365
  69      5     65      1    365
  70      1     39      1    365
  71      1     89      1    365
  72      5     55      1    365
  73      1    453      1    365
  74      3     48     60    304
  75      5     42      1    365
  76      1    116      1    365
  77      1    147      1    365
  78      1    252      1    365
  79      3     24     60    304
  80      1    263      1    365
  81      1    210      1    365
  82      3     32     60    304
  83      3     10     60    304
  84      5     23      1    365
  85      3     11     60    304
  86      3     21     60    304
  87      3     21     60    304
  88      3     19     60    304
  89      3     85     60    304
  90      3     53     60    304
  91      3    124     60    304
  92      1     53      1    365
  93      1     11      1    365
  94      3    272     60    304
  95      3    169     60    304
  96      1    111      1    365
  97      1     13      1    365
  98      3    107     60    304
  99      3    100     60    304
 100      3     23     60    304
 101      1    179      1    365
 102      1    147      1    365
 103      1    200      1    365
 104      1     37      1    365
 105      3     10     60    304
 106      3    156     60    304
 107      3     97     60    304
 108      3    146     60    304
 109      3     64     60    304
 110      3      7     60    304
 111      3     51     60    304
 112      1     32     60    244
 113      5     19      1    365
 114      3     63     60    304
 115      3     43     60    304
 116      3     37     60    304
 117      5    420      1    365
 118      3     11     60    304
 119      3    100     60    304
 120      3      2     60    304
 121      3      1     60    304
 122      3    537     60    304
 123      3     59     60    304
 124      3    816     60    304
 125      3    282     60    304
 126      3     55     60    304
 127      3    498     60    304
 128      3    479     60    304
 129      3    434     60    304
 130      3    399     60    304
 131      5     74      1    365
 132      3    201     60    304
 133      3     82     60    304
 134      3     13     60    304
 135      3     85     60    304
 136      3     40     60    304
 137      5     38      1    196
 138      5     21      1    365
 139      3     14     60    304
 140      3    171     60    304
 141      3     96     60    304
 142      3    709     60    304
 143      3    441     60    304
 144      3    136     60    304
 145      3     12     60    304
 146      5    125      1    365
 147      3    680     60    304
 148      3    164     60    304
 149      3     27     60    304
 150      1     31      1    365
 151      1     80      1    365
 152      1     54      1    365
 153      3     26     60    304
 154      3     18     60    304
 155      5     49      1    365
 156      1    190      1    365
 157      1    187      1    365
 158      3    164     60    304
 159      5   2610      1    365
 160      5  10445      1    365
 161      5   3700      1    365
 162      1    875      1    365
 163      1    778      1    365
 164      5      5      1    365
 165      5     38      1    365
 166      1     64     91    258
 167      5      7     60    274
 168      5     81     32    244
 169      5     21      1    365
 170      5     36      1    365
 171      3     94     60    304
 172      5     76     32    244
 173      5     42      1    365
 174      5   7171      1    365
 175      1     40      1    365
 176      3     63     60    304
 177      3    139     60    304
 178      3     47     60    304
 179      3     32     60    304
 180      3     22     60    304
 181      5     30      1    365
 182      3   1237     60    304
 183      3    770     60    304
 184      3     28     60    304
 185      3     13     60    304
 186      3     36     60    304
 187      3     32     60    304
 188      3     48     60    304
 189      3   2336     60    304
 190      3    363     60    304
 191      3    124     60    304
 192      1    133     91    244
 193      1     20     91    244
 194      1     17      1    365
 195      3    236      1    365
 196      3     50     60    304
 197      3    294     60    304
 198      3    113     60    304
 199      5      3      1    365
 200      3    180     60    304
 201      5      9      1    365
 202      3     51     60    304
 203      5    168      1    365
 204      5     81      1    365
 205      5    262      1    365
 206      5     73      1    365
 207      5     70      1    365
 208      5     56      1    365
 209      3     30     60    304
 210      1     20     32    304
 211      5    143     91    161
 212      3    209     60    304
 213      3   1830     60    304
 214      3     21     60    304
 215      5     22     60    244
 216      1     22      1    365
 217      3    137     60    304
 218      5     23      1    365
 219      5     42      1    365
 220      3     40     60    304
 221      3    733      1    365
 222      5    231     60    244
 223      5     14      1    365
 224      5    208      1    365
 225      3    229     60    304
 226      3    107     60    304
 227      5    190      1    365
 228      5     30      1    365
 229      3     30     60    304
 230      3    537     60    304
 231      3    767     60    304
 232      3    289     60    304
 233      1     97      1    365
 234      3     24     60    273
 235      3    176     60    304
 236      5    561      1    365
 237      5    185      1    365
 238      3    766     60    304
 239      3    263     60    304
 240      3     61     60    304
 241      5     24      1    365
 242      5     45      1    365
 243      1    120      1    365
 244      1     87      1    365
 245      1     91      1    365
 246      1     74      1    365
 247      5    162     60    213
 248      5     28      1    365
 249      5    129     60    244
 250      5    486      1    365
 251      3    364     91    288
 252      5    739      1    365
 253      1     44      1    365
 254      3     32    105    273
 999      0      0      1    365
