   1      3     86     60    304
   2      3     94     60    304
   3      3     50     60    304
   4      3     18      1    365
   5      3   1234     60    304
   6      3   1652     60    304
   7      3   1605     60    304
   8      3     11      1    365
   9      3   2885     60    304
  10      3   2876     60    304
  11      3    442     60    304
  12      5    107      1    365
  13      5      8     60    182
  14      5     33     60    213
  15      5    107      1    365
  16      5     55     60    213
  17      5      4     91    365
  18      5    128     32    365
  19      5     32      1    365
  20      5    144     60    304
  21      5    142    121    244
  22      5     83     91    213
  23      5    546     60    274
  24      5     12     91    244
  25      5    200      1    258
  26      5    153     91    213
  27      5     11     91    244
  28      5     25     32    335
  29      5     46     60    244
  30      5    327     60    244
  31      1     46      1    365
  32      1     33      1    365
  33      1     71     60    213
  34      1     36     60    274
  35      1    154      1    365
  36      1    113      1    365
  37      1     19     60    244
  38      1     80      1    365
  39      1     31     32    244
  40      1     33      1    365
  41      1    109     32    244
  42      1    171     91    365
  43      1     82     60    365
  44      1    126     60    244
  45      1    157     91    244
  46      1     44     91    213
  47      1    191      1    274
  48      1     14     91    305
  49      1    226      1    258
  50      1    113     32    166
  51      1     62     60    166
  52      1     38      1    365
  53      1     58     60    293
  54      1     38     91    213
  55      1     85     60    152
  56      1    215     60    244
  57      1    170     60    304
  58      1    154     91    182
  59      1    121     60    182
  60      5     49      1    365
  61      5    305      1    365
  62      1    189      1    365
  63      5    120      1    365
  64      1      7      1    365
  65      1     51      1    365
  66      1    137      1    365
  67      1      8      1    365
  68      5    165      1    365
  69      5     58      1    365
  70      1     50      1    365
  71      1     68      1    365
  72      5     50      1    365
  73      1   1620      1    365
  74      3     41     60    304
  75      5     37      1    365
  76      1    104      1    365
  77      1    132      1    365
  78      1    226      1    365
  79      3     21     60    304
  80      1    236      1    365
  81      1    188      1    365
  82      3     27     60    304
  83      3      8     60    304
  84      5     21      1    365
  85      3      9     60    304
  86      3     19     60    304
  87      3     23     60    304
  88      3     16     60    304
  89      3     72     60    304
  90      3     53     60    304
  91      3    110     60    304
  92      1     68      1    365
  93      1     14      1    365
  94      3    230     60    304
  95      3    169     60    304
  96      1     85      1    365
  97      1     10      1    365
  98      3    119     60    304
  99      3    110     60    304
 100      3     23     60    304
 101      1    160      1    365
 102      1    132      1    365
 103      1    179      1    365
 104      1     47      1    365
 105      3     11     60    304
 106      3    132     60    304
 107      3     97     60    304
 108      3     50     60    304
 109      3     22     60    304
 110      3      7     60    304
 111      3     57     60    304
 112      1     41     60    244
 113      5     33      1    365
 114      3     70     60    304
 115      3     43     60    304
 116      3     41     60    304
 117      5    731      1    365
 118      3     10     60    304
 119      3     34     60    304
 120      3      2     60    304
 121      3      1     60    304
 122      3    184     60    304
 123      3     59     60    304
 124      3    786     60    304
 125      3    312     60    304
 126      3     19     60    304
 127      3    440     60    304
 128      3    462     60    304
 129      3    418     60    304
 130      3    442     60    304
 131      5     66      1    365
 132      3    170     60    304
 133      3     28     60    304
 134      3     11     60    304
 135      3     76     60    304
 136      3     40     60    304
 137      5     37      1    196
 138      5     21      1    365
 139      3     12     60    304
 140      3    165     60    304
 141      3     93     60    304
 142      3    600     60    304
 143      3    441     60    304
 144      3     47     60    304
 145      3     11     60    304
 146      5    218      1    365
 147      3    601     60    304
 148      3     56     60    304
 149      3      9     60    304
 150      1     24      1    365
 151      1     62      1    365
 152      1     69      1    365
 153      3     29     60    304
 154      3     18     60    304
 155      5     49      1    365
 156      1    244      1    365
 157      1    144      1    365
 158      3     56     60    304
 159      5   2570      1    365
 160      5  10286      1    365
 161      5   3644      1    365
 162      1   1125      1    365
 163      1    697      1    365
 164      5      5      1    365
 165      5     65      1    365
 166      1     82     91    258
 167      5      7     60    274
 168      5     80     32    244
 169      5     21      1    365
 170      5     35      1    365
 171      3    104     60    304
 172      5     74     32    244
 173      5     37      1    365
 174      5   7062      1    365
 175      1     31      1    365
 176      3     53     60    304
 177      3    123     60    304
 178      3     52     60    304
 179      3     32     60    304
 180      3     24     60    304
 181      5     30      1    365
 182      3   1047     60    304
 183      3    770     60    304
 184      3     25     60    304
 185      3     13     60    304
 186      3     12     60    304
 187      3     27     60    304
 188      3     54     60    304
 189      3   1977     60    304
 190      3    307     60    304
 191      3    105     60    304
 192      1    171     91    244
 193      1     25     91    244
 194      1     22      1    365
 195      3    262      1    365
 196      3     55     60    304
 197      3    249     60    304
 198      3    100     60    304
 199      5      3      1    365
 200      3    159     60    304
 201      5      9      1    365
 202      3     45     60    304
 203      5    165      1    365
 204      5     80      1    365
 205      5    258      1    365
 206      5     72      1    365
 207      5     70      1    365
 208      5     55      1    365
 209      3     26     60    304
 210      1     25     32    304
 211      5    128     91    161
 212      3    185     60    304
 213      3   1617     60    304
 214      3     18     60    304
 215      5     22     60    244
 216      1     28      1    365
 217      3    121     60    304
 218      5     21      1    365
 219      5     37      1    365
 220      3     34     60    304
 221      3    706      1    365
 222      5    206     60    244
 223      5     12      1    365
 224      5    186      1    365
 225      3    202     60    304
 226      3    107     60    304
 227      5    187      1    365
 228      5     30      1    365
 229      3     26     60    304
 230      3    184     60    304
 231      3    850     60    304
 232      3    279     60    304
 233      1    124      1    365
 234      3     20     60    273
 235      3    195     60    304
 236      5    848      1    365
 237      5    165      1    365
 238      3    738     60    304
 239      3    253     60    304
 240      3     59     60    304
 241      5     24      1    365
 242      5     44      1    365
 243      1    154      1    365
 244      1    112      1    365
 245      1    116      1    365
 246      1     74      1    365
 247      5    144     60    213
 248      5     25      1    365
 249      5    116     60    244
 250      5   2170      1    365
 251      3    125     91    288
 252      5    660      1    365
 253      1     57      1    365
 254      3     27    105    273
 999      0      0      1    365
