   1      3     69     60    304
   2      3     84     60    304
   3      3     50     60    304
   4      3     14      1    365
   5      3   1267     60    304
   6      3   1697     60    304
   7      3   1605     60    304
   8      3     10      1    365
   9      3   2963     60    304
  10      3   2953     60    304
  11      3    304     60    304
  12      5    105      1    365
  13      5      9     60    182
  14      5     32     60    213
  15      5    105      1    365
  16      5     41     60    213
  17      5      5     91    365
  18      5    125     32    365
  19      5     31      1    365
  20      5    166     60    304
  21      5    107    121    244
  22      5    183     91    213
  23      5    411     60    274
  24      5     14     91    244
  25      5    196      1    258
  26      5    115     91    213
  27      5      8     91    244
  28      5     24     32    335
  29      5     46     60    244
  30      5    246     60    244
  31      1     58      1    365
  32      1     42      1    365
  33      1     90     60    213
  34      1     46     60    274
  35      1    197      1    365
  36      1    144      1    365
  37      1     24     60    244
  38      1    102      1    365
  39      1     40     32    244
  40      1     42      1    365
  41      1    138     32    244
  42      1    203     91    365
  43      1     98     60    365
  44      1    150     60    244
  45      1    187     91    244
  46      1     53     91    213
  47      1    228      1    274
  48      1     16     91    305
  49      1    268      1    258
  50      1    134     32    166
  51      1     73     60    166
  52      1     45      1    365
  53      1     69     60    293
  54      1     45     91    213
  55      1    102     60    152
  56      1    256     60    244
  57      1     74     60    304
  58      1    183     91    182
  59      1    154     60    182
  60      5     48      1    365
  61      5    351      1    365
  62      1    241      1    365
  63      5    138      1    365
  64      1      8      1    365
  65      1     61      1    365
  66      1    163      1    365
  67      1     10      1    365
  68      5    190      1    365
  69      5     66      1    365
  70      1     64      1    365
  71      1     81      1    365
  72      5     57      1    365
  73      1   2732      1    365
  74      3     33     60    304
  75      5     43      1    365
  76      1     45      1    365
  77      1     58      1    365
  78      1     99      1    365
  79      3     19     60    304
  80      1    103      1    365
  81      1     82      1    365
  82      3     22     60    304
  83      3      7     60    304
  84      5     24      1    365
  85      3      8     60    304
  86      3     17     60    304
  87      3     16     60    304
  88      3     13     60    304
  89      3     58     60    304
  90      3     53     60    304
  91      3     98     60    304
  92      1     86      1    365
  93      1     18      1    365
  94      3    185     60    304
  95      3    169     60    304
  96      1    102      1    365
  97      1     12      1    365
  98      3     82     60    304
  99      3     76     60    304
 100      3     23     60    304
 101      1     70      1    365
 102      1     58      1    365
 103      1     78      1    365
 104      1     60      1    365
 105      3      8     60    304
 106      3    106     60    304
 107      3     97     60    304
 108      3    178     60    304
 109      3     78     60    304
 110      3      7     60    304
 111      3     39     60    304
 112      1     52     60    244
 113      5     25      1    365
 114      3     48     60    304
 115      3     43     60    304
 116      3     28     60    304
 117      5    550      1    365
 118      3      8     60    304
 119      3    123     60    304
 120      3      2     60    304
 121      3      1     60    304
 122      3    657     60    304
 123      3     59     60    304
 124      3    808     60    304
 125      3    214     60    304
 126      3     67     60    304
 127      3    392     60    304
 128      3    475     60    304
 129      3    429     60    304
 130      3    304     60    304
 131      5     76      1    365
 132      3    137     60    304
 133      3    100     60    304
 134      3     10     60    304
 135      3     67     60    304
 136      3     40     60    304
 137      5     36      1    196
 138      5     20      1    365
 139      3     10     60    304
 140      3    169     60    304
 141      3     95     60    304
 142      3    483     60    304
 143      3    441     60    304
 144      3    167     60    304
 145      3     12     60    304
 146      5    164      1    365
 147      3    535     60    304
 148      3    200     60    304
 149      3     33     60    304
 150      1     28      1    365
 151      1     73      1    365
 152      1     88      1    365
 153      3     20     60    304
 154      3     18     60    304
 155      5     48      1    365
 156      1    311      1    365
 157      1    171      1    365
 158      3    200     60    304
 159      5   2518      1    365
 160      5  10075      1    365
 161      5   3569      1    365
 162      1   1434      1    365
 163      1    305      1    365
 164      5      5      1    365
 165      5     49      1    365
 166      1    104     91    258
 167      5      7     60    274
 168      5     78     32    244
 169      5     20      1    365
 170      5     34      1    365
 171      3     71     60    304
 172      5     73     32    244
 173      5     43      1    365
 174      5   6917      1    365
 175      1     37      1    365
 176      3     43     60    304
 177      3    109     60    304
 178      3     36     60    304
 179      3     32     60    304
 180      3     17     60    304
 181      5     29      1    365
 182      3    843     60    304
 183      3    770     60    304
 184      3     22     60    304
 185      3     13     60    304
 186      3     45     60    304
 187      3     22     60    304
 188      3     37     60    304
 189      3   1592     60    304
 190      3    247     60    304
 191      3     84     60    304
 192      1    219     91    244
 193      1     32     91    244
 194      1     28      1    365
 195      3    180      1    365
 196      3     38     60    304
 197      3    200     60    304
 198      3     89     60    304
 199      5      3      1    365
 200      3    141     60    304
 201      5      9      1    365
 202      3     40     60    304
 203      5    162      1    365
 204      5     78      1    365
 205      5    253      1    365
 206      5     71      1    365
 207      5     70      1    365
 208      5     54      1    365
 209      3     24     60    304
 210      1     32     32    304
 211      5    147     91    161
 212      3    165     60    304
 213      3   1441     60    304
 214      3     14     60    304
 215      5     21     60    244
 216      1     36      1    365
 217      3    108     60    304
 218      5     24      1    365
 219      5     43      1    365
 220      3     27     60    304
 221      3    725      1    365
 222      5    237     60    244
 223      5     14      1    365
 224      5    214      1    365
 225      3    180     60    304
 226      3    107     60    304
 227      5    183      1    365
 228      5     29      1    365
 229      3     24     60    304
 230      3    657     60    304
 231      3    584     60    304
 232      3    286     60    304
 233      1    158      1    365
 234      3     16     60    273
 235      3    134     60    304
 236      5   1871      1    365
 237      5    190      1    365
 238      3    758     60    304
 239      3    260     60    304
 240      3     60     60    304
 241      5     23      1    365
 242      5     44      1    365
 243      1    197      1    365
 244      1    142      1    365
 245      1    148      1    365
 246      1     74      1    365
 247      5    166     60    213
 248      5     28      1    365
 249      5    133     60    244
 250      5    438      1    365
 251      3    445     91    288
 252      5    759      1    365
 253      1     72      1    365
 254      3     22    105    273
 999      0      0      1    365
