   1      3     95     60    304
   2      3     53     60    304
   3      3     50     60    304
   4      3     20      1    365
   5      3   1324     60    304
   6      3   1772     60    304
   7      3   1605     60    304
   8      3      6      1    365
   9      3   3095     60    304
  10      3   3085     60    304
  11      3    647     60    304
  12      5    107      1    365
  13      5      5     60    182
  14      5     33     60    213
  15      5    107      1    365
  16      5     33     60    213
  17      5      3     91    365
  18      5    127     32    365
  19      5     32      1    365
  20      5     93     60    304
  21      5     86    121    244
  22      5    274     91    213
  23      5    330     60    274
  24      5      8     91    244
  25      5    199      1    258
  26      5     92     91    213
  27      5      7     91    244
  28      5     25     32    335
  29      5     46     60    244
  30      5    198     60    244
  31      1     67      1    365
  32      1     49      1    365
  33      1    104     60    213
  34      1     53     60    274
  35      1    227      1    365
  36      1    167      1    365
  37      1     28     60    244
  38      1    118      1    365
  39      1     46     32    244
  40      1     49      1    365
  41      1    160     32    244
  42      1     85     91    365
  43      1     41     60    365
  44      1     63     60    244
  45      1     78     91    244
  46      1     22     91    213
  47      1     95      1    274
  48      1      7     91    305
  49      1    112      1    258
  50      1     56     32    166
  51      1     31     60    166
  52      1     19      1    365
  53      1     29     60    293
  54      1     19     91    213
  55      1     43     60    152
  56      1    107     60    244
  57      1     90     60    304
  58      1     77     91    182
  59      1    178     60    182
  60      5     48      1    365
  61      5    197      1    365
  62      1    278      1    365
  63      5     77      1    365
  64      1      3      1    365
  65      1     26      1    365
  66      1     68      1    365
  67      1     12      1    365
  68      5    106      1    365
  69      5     37      1    365
  70      1     74      1    365
  71      1     34      1    365
  72      5     32      1    365
  73      1   1160      1    365
  74      3     45     60    304
  75      5     24      1    365
  76      1     55      1    365
  77      1     70      1    365
  78      1    120      1    365
  79      3     12     60    304
  80      1    125      1    365
  81      1    100      1    365
  82      3     30     60    304
  83      3      9     60    304
  84      5     13      1    365
  85      3      5     60    304
  86      3     11     60    304
  87      3     33     60    304
  88      3     18     60    304
  89      3     80     60    304
  90      3     53     60    304
  91      3     62     60    304
  92      1     99      1    365
  93      1     21      1    365
  94      3    256     60    304
  95      3    169     60    304
  96      1     43      1    365
  97      1      5      1    365
  98      3    174     60    304
  99      3    162     60    304
 100      3     24     60    304
 101      1     85      1    365
 102      1     70      1    365
 103      1     95      1    365
 104      1     69      1    365
 105      3     17     60    304
 106      3    147     60    304
 107      3     97     60    304
 108      3     52     60    304
 109      3     23     60    304
 110      3      7     60    304
 111      3     83     60    304
 112      1     60     60    244
 113      5     20      1    365
 114      3    102     60    304
 115      3     43     60    304
 116      3     59     60    304
 117      5    442      1    365
 118      3     11     60    304
 119      3     36     60    304
 120      3      1     60    304
 121      3      1     60    304
 122      3    192     60    304
 123      3     59     60    304
 124      3    844     60    304
 125      3    457     60    304
 126      3     20     60    304
 127      3    248     60    304
 128      3    496     60    304
 129      3    448     60    304
 130      3    647     60    304
 131      5     42      1    365
 132      3    189     60    304
 133      3     29     60    304
 134      3      6     60    304
 135      3     43     60    304
 136      3     40     60    304
 137      5     37      1    196
 138      5     21      1    365
 139      3     14     60    304
 140      3    177     60    304
 141      3     99     60    304
 142      3    668     60    304
 143      3    441     60    304
 144      3     49     60    304
 145      3     12     60    304
 146      5    132      1    365
 147      3    338     60    304
 148      3     59     60    304
 149      3     10     60    304
 150      1     12      1    365
 151      1     31      1    365
 152      1    102      1    365
 153      3     43     60    304
 154      3     18     60    304
 155      5     48      1    365
 156      1    359      1    365
 157      1     71      1    365
 158      3     59     60    304
 159      5   2552      1    365
 160      5  10214      1    365
 161      5   3618      1    365
 162      1   1654      1    365
 163      1    369      1    365
 164      5      5      1    365
 165      5     40      1    365
 166      1    120     91    258
 167      5      7     60    274
 168      5     79     32    244
 169      5     21      1    365
 170      5     35      1    365
 171      3    152     60    304
 172      5     74     32    244
 173      5     24      1    365
 174      5   7013      1    365
 175      1     15      1    365
 176      3     59     60    304
 177      3     69     60    304
 178      3     76     60    304
 179      3     32     60    304
 180      3     36     60    304
 181      5     30      1    365
 182      3   1167     60    304
 183      3    770     60    304
 184      3     14     60    304
 185      3     13     60    304
 186      3     13     60    304
 187      3     30     60    304
 188      3     78     60    304
 189      3   2203     60    304
 190      3    342     60    304
 191      3    117     60    304
 192      1    252     91    244
 193      1     37     91    244
 194      1     32      1    365
 195      3    383      1    365
 196      3     81     60    304
 197      3    277     60    304
 198      3     56     60    304
 199      5      3      1    365
 200      3     89     60    304
 201      5      9      1    365
 202      3     26     60    304
 203      5    164      1    365
 204      5     79      1    365
 205      5    256      1    365
 206      5     72      1    365
 207      5     70      1    365
 208      5     54      1    365
 209      3     15     60    304
 210      1     37     32    304
 211      5     82     91    161
 212      3    104     60    304
 213      3    910     60    304
 214      3     20     60    304
 215      5     22     60    244
 216      1     42      1    365
 217      3     68     60    304
 218      5     13      1    365
 219      5     24      1    365
 220      3     38     60    304
 221      3    758      1    365
 222      5    133     60    244
 223      5      8      1    365
 224      5    120      1    365
 225      3    114     60    304
 226      3    107     60    304
 227      5    186      1    365
 228      5     30      1    365
 229      3     15     60    304
 230      3    192     60    304
 231      3   1244     60    304
 232      3    299     60    304
 233      1    183      1    365
 234      3     23     60    273
 235      3    285     60    304
 236      5   2805      1    365
 237      5    106      1    365
 238      3    792     60    304
 239      3    272     60    304
 240      3     63     60    304
 241      5     24      1    365
 242      5     44      1    365
 243      1    227      1    365
 244      1    164      1    365
 245      1    171      1    365
 246      1     74      1    365
 247      5     93     60    213
 248      5     16      1    365
 249      5     74     60    244
 250      5   1769      1    365
 251      3    130     91    288
 252      5    425      1    365
 253      1     83      1    365
 254      3     30    105    273
 999      0      0      1    365
