   1      3     82     60    304
   2      3    102     60    304
   3      3     50     60    304
   4      3     17      1    365
   5      3   1348     60    304
   6      3   1804     60    304
   7      3   1605     60    304
   8      3     12      1    365
   9      3   3151     60    304
  10      3   3141     60    304
  11      3    422     60    304
  12      5    106      1    365
  13      5      8     60    182
  14      5     33     60    213
  15      5    106      1    365
  16      5     40     60    213
  17      5      4     91    365
  18      5    127     32    365
  19      5     32      1    365
  20      5    137     60    304
  21      5    104    121    244
  22      5     80     91    213
  23      5    402     60    274
  24      5     12     91    244
  25      5    198      1    258
  26      5    112     91    213
  27      5      8     91    244
  28      5     25     32    335
  29      5     46     60    244
  30      5    241     60    244
  31      1     44      1    365
  32      1     32      1    365
  33      1     68     60    213
  34      1     35     60    274
  35      1    147      1    365
  36      1    108      1    365
  37      1     18     60    244
  38      1     77      1    365
  39      1     30     32    244
  40      1     32      1    365
  41      1    104     32    244
  42      1    213     91    365
  43      1    102     60    365
  44      1    158     60    244
  45      1    196     91    244
  46      1     55     91    213
  47      1    239      1    274
  48      1     17     91    305
  49      1    281      1    258
  50      1    141     32    166
  51      1     77     60    166
  52      1     47      1    365
  53      1     72     60    293
  54      1     47     91    213
  55      1    107     60    152
  56      1    268     60    244
  57      1    134     60    304
  58      1    192     91    182
  59      1    116     60    182
  60      5     48      1    365
  61      5    289      1    365
  62      1    181      1    365
  63      5    113      1    365
  64      1      9      1    365
  65      1     64      1    365
  66      1    170      1    365
  67      1      8      1    365
  68      5    156      1    365
  69      5     55      1    365
  70      1     48      1    365
  71      1     85      1    365
  72      5     47      1    365
  73      1    539      1    365
  74      3     39     60    304
  75      5     35      1    365
  76      1     82      1    365
  77      1    105      1    365
  78      1    179      1    365
  79      3     22     60    304
  80      1    187      1    365
  81      1    149      1    365
  82      3     26     60    304
  83      3      8     60    304
  84      5     20      1    365
  85      3     10     60    304
  86      3     20     60    304
  87      3     22     60    304
  88      3     16     60    304
  89      3     69     60    304
  90      3     53     60    304
  91      3    118     60    304
  92      1     65      1    365
  93      1     14      1    365
  94      3    221     60    304
  95      3    169     60    304
  96      1    107      1    365
  97      1     13      1    365
  98      3    113     60    304
  99      3    105     60    304
 100      3     25     60    304
 101      1    127      1    365
 102      1    105      1    365
 103      1    142      1    365
 104      1     45      1    365
 105      3     11     60    304
 106      3    127     60    304
 107      3     97     60    304
 108      3    140     60    304
 109      3     61     60    304
 110      3      7     60    304
 111      3     54     60    304
 112      1     39     60    244
 113      5     24      1    365
 114      3     67     60    304
 115      3     43     60    304
 116      3     39     60    304
 117      5    538      1    365
 118      3      9     60    304
 119      3     96     60    304
 120      3      2     60    304
 121      3      1     60    304
 122      3    518     60    304
 123      3     59     60    304
 124      3    859     60    304
 125      3    298     60    304
 126      3     53     60    304
 127      3    474     60    304
 128      3    505     60    304
 129      3    456     60    304
 130      3    422     60    304
 131      5     63      1    365
 132      3    164     60    304
 133      3     79     60    304
 134      3     12     60    304
 135      3     81     60    304
 136      3     40     60    304
 137      5     37      1    196
 138      5     20      1    365
 139      3     12     60    304
 140      3    180     60    304
 141      3    101     60    304
 142      3    577     60    304
 143      3    441     60    304
 144      3    132     60    304
 145      3     12     60    304
 146      5    161      1    365
 147      3    647     60    304
 148      3    158     60    304
 149      3     26     60    304
 150      1     30      1    365
 151      1     77      1    365
 152      1     66      1    365
 153      3     28     60    304
 154      3     18     60    304
 155      5     48      1    365
 156      1    233      1    365
 157      1    179      1    365
 158      3    158     60    304
 159      5   2541      1    365
 160      5  10170      1    365
 161      5   3602      1    365
 162      1   1076      1    365
 163      1    553      1    365
 164      5      5      1    365
 165      5     48      1    365
 166      1     78     91    258
 167      5      7     60    274
 168      5     79     32    244
 169      5     20      1    365
 170      5     35      1    365
 171      3     99     60    304
 172      5     74     32    244
 173      5     35      1    365
 174      5   6982      1    365
 175      1     38      1    365
 176      3     51     60    304
 177      3    132     60    304
 178      3     50     60    304
 179      3     32     60    304
 180      3     23     60    304
 181      5     30      1    365
 182      3   1007     60    304
 183      3    770     60    304
 184      3     26     60    304
 185      3     13     60    304
 186      3     35     60    304
 187      3     26     60    304
 188      3     51     60    304
 189      3   1902     60    304
 190      3    296     60    304
 191      3    101     60    304
 192      1    164     91    244
 193      1     24     91    244
 194      1     21      1    365
 195      3    250      1    365
 196      3     53     60    304
 197      3    239     60    304
 198      3    108     60    304
 199      5      3      1    365
 200      3    171     60    304
 201      5      9      1    365
 202      3     49     60    304
 203      5    163      1    365
 204      5     79      1    365
 205      5    255      1    365
 206      5     71      1    365
 207      5     70      1    365
 208      5     54      1    365
 209      3     28     60    304
 210      1     24     32    304
 211      5    121     91    161
 212      3    199     60    304
 213      3   1742     60    304
 214      3     17     60    304
 215      5     21     60    244
 216      1     27      1    365
 217      3    130     60    304
 218      5     20      1    365
 219      5     35      1    365
 220      3     33     60    304
 221      3    771      1    365
 222      5    196     60    244
 223      5     12      1    365
 224      5    176      1    365
 225      3    218     60    304
 226      3    107     60    304
 227      5    185      1    365
 228      5     30      1    365
 229      3     28     60    304
 230      3    518     60    304
 231      3    811     60    304
 232      3    305     60    304
 233      1    119      1    365
 234      3     20     60    273
 235      3    186     60    304
 236      5    821      1    365
 237      5    156      1    365
 238      3    806     60    304
 239      3    277     60    304
 240      3     64     60    304
 241      5     23      1    365
 242      5     44      1    365
 243      1    147      1    365
 244      1    107      1    365
 245      1    111      1    365
 246      1     74      1    365
 247      5    137     60    213
 248      5     23      1    365
 249      5    110     60    244
 250      5   1718      1    365
 251      3    351     91    288
 252      5    626      1    365
 253      1     54      1    365
 254      3     26    105    273
 999      0      0      1    365
