   1      3     84     60    304
   2      3     97     60    304
   3      3     50     60    304
   4      3     17      1    365
   5      3   1290     60    304
   6      3   1726     60    304
   7      3   1605     60    304
   8      3     12      1    365
   9      3   3015     60    304
  10      3   3005     60    304
  11      3    357     60    304
  12      5    104      1    365
  13      5      3     60    182
  14      5     32     60    213
  15      5    104      1    365
  16      5     58     60    213
  17      5      1     91    365
  18      5    124     32    365
  19      5     31      1    365
  20      5     47     60    304
  21      5    152    121    244
  22      5    242     91    213
  23      5    584     60    274
  24      5      4     91    244
  25      5    194      1    258
  26      5    164     91    213
  27      5     12     91    244
  28      5     24     32    335
  29      5     45     60    244
  30      5    350     60    244
  31      1     64      1    365
  32      1     46      1    365
  33      1     99     60    213
  34      1     51     60    274
  35      1    216      1    365
  36      1    158      1    365
  37      1     26     60    244
  38      1    112      1    365
  39      1     44     32    244
  40      1     46      1    365
  41      1    152     32    244
  42      1    222     91    365
  43      1    107     60    365
  44      1    164     60    244
  45      1    204     91    244
  46      1     58     91    213
  47      1    249      1    274
  48      1     18     91    305
  49      1    293      1    258
  50      1    147     32    166
  51      1     80     60    166
  52      1     49      1    365
  53      1     76     60    293
  54      1     49     91    213
  55      1    111     60    152
  56      1    280     60    244
  57      1    201     60    304
  58      1    200     91    182
  59      1    169     60    182
  60      5     47      1    365
  61      5     99      1    365
  62      1    264      1    365
  63      5     39      1    365
  64      1      9      1    365
  65      1     67      1    365
  66      1    178      1    365
  67      1     11      1    365
  68      5     53      1    365
  69      5     19      1    365
  70      1     70      1    365
  71      1     89      1    365
  72      5     16      1    365
  73      1   1194      1    365
  74      3     40     60    304
  75      5     12      1    365
  76      1    123      1    365
  77      1    156      1    365
  78      1    267      1    365
  79      3     21     60    304
  80      1    279      1    365
  81      1    223      1    365
  82      3     27     60    304
  83      3      8     60    304
  84      5      7      1    365
  85      3     10     60    304
  86      3     19     60    304
  87      3     18     60    304
  88      3     16     60    304
  89      3     71     60    304
  90      3     53     60    304
  91      3    113     60    304
  92      1     95      1    365
  93      1     20      1    365
  94      3    226     60    304
  95      3    169     60    304
  96      1    111      1    365
  97      1     13      1    365
  98      3     96     60    304
  99      3     89     60    304
 100      3     24     60    304
 101      1    189      1    365
 102      1    156      1    365
 103      1    212      1    365
 104      1     66      1    365
 105      3      9     60    304
 106      3    129     60    304
 107      3     97     60    304
 108      3     34     60    304
 109      3     15     60    304
 110      3      7     60    304
 111      3     46     60    304
 112      1     57     60    244
 113      5     35      1    365
 114      3     56     60    304
 115      3     43     60    304
 116      3     33     60    304
 117      5    783      1    365
 118      3      9     60    304
 119      3     24     60    304
 120      3      2     60    304
 121      3      1     60    304
 122      3    126     60    304
 123      3     59     60    304
 124      3    822     60    304
 125      3    252     60    304
 126      3     13     60    304
 127      3    452     60    304
 128      3    483     60    304
 129      3    437     60    304
 130      3    357     60    304
 131      5     21      1    365
 132      3    167     60    304
 133      3     19     60    304
 134      3     12     60    304
 135      3     78     60    304
 136      3     40     60    304
 137      5     36      1    196
 138      5     20      1    365
 139      3     12     60    304
 140      3    172     60    304
 141      3     97     60    304
 142      3    589     60    304
 143      3    441     60    304
 144      3     32     60    304
 145      3     12     60    304
 146      5    234      1    365
 147      3    618     60    304
 148      3     39     60    304
 149      3      6     60    304
 150      1     31      1    365
 151      1     80      1    365
 152      1     97      1    365
 153      3     24     60    304
 154      3     18     60    304
 155      5     47      1    365
 156      1    341      1    365
 157      1    187      1    365
 158      3     39     60    304
 159      5   2492      1    365
 160      5   9972      1    365
 161      5   3532      1    365
 162      1   1573      1    365
 163      1    825      1    365
 164      5      5      1    365
 165      5     70      1    365
 166      1    114     91    258
 167      5      7     60    274
 168      5     77     32    244
 169      5     20      1    365
 170      5     34      1    365
 171      3     84     60    304
 172      5     72     32    244
 173      5     12      1    365
 174      5   6846      1    365
 175      1     40      1    365
 176      3     52     60    304
 177      3    126     60    304
 178      3     42     60    304
 179      3     32     60    304
 180      3     20     60    304
 181      5     29      1    365
 182      3   1028     60    304
 183      3    770     60    304
 184      3     25     60    304
 185      3     13     60    304
 186      3      9     60    304
 187      3     27     60    304
 188      3     43     60    304
 189      3   1941     60    304
 190      3    302     60    304
 191      3    103     60    304
 192      1    240     91    244
 193      1     35     91    244
 194      1     31      1    365
 195      3    211      1    365
 196      3     45     60    304
 197      3    244     60    304
 198      3    103     60    304
 199      5      3      1    365
 200      3    163     60    304
 201      5      9      1    365
 202      3     47     60    304
 203      5    160      1    365
 204      5     77      1    365
 205      5    250      1    365
 206      5     70      1    365
 207      5     70      1    365
 208      5     53      1    365
 209      3     27     60    304
 210      1     35     32    304
 211      5     41     91    161
 212      3    190     60    304
 213      3   1662     60    304
 214      3     17     60    304
 215      5     21     60    244
 216      1     40      1    365
 217      3    124     60    304
 218      5      7      1    365
 219      5     12      1    365
 220      3     33     60    304
 221      3    738      1    365
 222      5     67     60    244
 223      5      4      1    365
 224      5     60      1    365
 225      3    208     60    304
 226      3    107     60    304
 227      5    181      1    365
 228      5     29      1    365
 229      3     27     60    304
 230      3    126     60    304
 231      3    686     60    304
 232      3    291     60    304
 233      1    174      1    365
 234      3     20     60    273
 235      3    157     60    304
 236      5   2473      1    365
 237      5     53      1    365
 238      3    771     60    304
 239      3    265     60    304
 240      3     61     60    304
 241      5     23      1    365
 242      5     43      1    365
 243      1    216      1    365
 244      1    156      1    365
 245      1    163      1    365
 246      1     74      1    365
 247      5     47     60    213
 248      5      8      1    365
 249      5     37     60    244
 250      5   1012      1    365
 251      3     86     91    288
 252      5    214      1    365
 253      1     79      1    365
 254      3     27    105    273
 999      0      0      1    365
