   1      3     93     60    304
   2      3     80     60    304
   3      3     50     60    304
   4      3     19      1    365
   5      3   1335     60    304
   6      3   1787     60    304
   7      3   1605     60    304
   8      3     10      1    365
   9      3   3120     60    304
  10      3   3110     60    304
  11      3    445     60    304
  12      5    107      1    365
  13      5      7     60    182
  14      5     33     60    213
  15      5    107      1    365
  16      5     43     60    213
  17      5      3     91    365
  18      5    128     32    365
  19      5     32      1    365
  20      5    121     60    304
  21      5    112    121    244
  22      5     50     91    213
  23      5    430     60    274
  24      5     10     91    244
  25      5    200      1    258
  26      5    120     91    213
  27      5      9     91    244
  28      5     25     32    335
  29      5     46     60    244
  30      5    258     60    244
  31      1     31      1    365
  32      1     22      1    365
  33      1     47     60    213
  34      1     24     60    274
  35      1    103      1    365
  36      1     76      1    365
  37      1     13     60    244
  38      1     54      1    365
  39      1     21     32    244
  40      1     22      1    365
  41      1     73     32    244
  42      1    281     91    365
  43      1    135     60    365
  44      1    208     60    244
  45      1    258     91    244
  46      1     73     91    213
  47      1    314      1    274
  48      1     22     91    305
  49      1    371      1    258
  50      1    185     32    166
  51      1    101     60    166
  52      1     62      1    365
  53      1     95     60    293
  54      1     62     91    213
  55      1    140     60    152
  56      1    354     60    244
  57      1     27     60    304
  58      1    253     91    182
  59      1     81     60    182
  60      5     48      1    365
  61      5    256      1    365
  62      1    126      1    365
  63      5    100      1    365
  64      1     11      1    365
  65      1     84      1    365
  66      1    225      1    365
  67      1      5      1    365
  68      5    138      1    365
  69      5     48      1    365
  70      1     34      1    365
  71      1    112      1    365
  72      5     42      1    365
  73      1   2887      1    365
  74      3     44     60    304
  75      5     31      1    365
  76      1     16      1    365
  77      1     21      1    365
  78      1     36      1    365
  79      3     18     60    304
  80      1     37      1    365
  81      1     30      1    365
  82      3     30     60    304
  83      3      9     60    304
  84      5     17      1    365
  85      3      8     60    304
  86      3     16     60    304
  87      3     23     60    304
  88      3     18     60    304
  89      3     79     60    304
  90      3     53     60    304
  91      3     93     60    304
  92      1     45      1    365
  93      1      9      1    365
  94      3    250     60    304
  95      3    169     60    304
  96      1    140      1    365
  97      1     17      1    365
  98      3    119     60    304
  99      3    111     60    304
 100      3     24     60    304
 101      1     25      1    365
 102      1     21      1    365
 103      1     28      1    365
 104      1     32      1    365
 105      3     11     60    304
 106      3    144     60    304
 107      3     97     60    304
 108      3    107     60    304
 109      3     47     60    304
 110      3      7     60    304
 111      3     57     60    304
 112      1     27     60    244
 113      5     26      1    365
 114      3     70     60    304
 115      3     43     60    304
 116      3     41     60    304
 117      5    577      1    365
 118      3     10     60    304
 119      3     73     60    304
 120      3      2     60    304
 121      3      1     60    304
 122      3    393     60    304
 123      3     59     60    304
 124      3    850     60    304
 125      3    314     60    304
 126      3     40     60    304
 127      3    372     60    304
 128      3    500     60    304
 129      3    452     60    304
 130      3    445     60    304
 131      5     55      1    365
 132      3    185     60    304
 133      3     60     60    304
 134      3     10     60    304
 135      3     64     60    304
 136      3     40     60    304
 137      5     37      1    196
 138      5     21      1    365
 139      3     13     60    304
 140      3    178     60    304
 141      3    100     60    304
 142      3    653     60    304
 143      3    441     60    304
 144      3    100     60    304
 145      3     12     60    304
 146      5    172      1    365
 147      3    508     60    304
 148      3    120     60    304
 149      3     20     60    304
 150      1     39      1    365
 151      1    101      1    365
 152      1     46      1    365
 153      3     29     60    304
 154      3     18     60    304
 155      5     48      1    365
 156      1    163      1    365
 157      1    236      1    365
 158      3    120     60    304
 159      5   2562      1    365
 160      5  10254      1    365
 161      5   3632      1    365
 162      1    752      1    365
 163      1    111      1    365
 164      5      5      1    365
 165      5     52      1    365
 166      1     55     91    258
 167      5      7     60    274
 168      5     79     32    244
 169      5     21      1    365
 170      5     35      1    365
 171      3    105     60    304
 172      5     74     32    244
 173      5     31      1    365
 174      5   7040      1    365
 175      1     51      1    365
 176      3     58     60    304
 177      3    104     60    304
 178      3     52     60    304
 179      3     32     60    304
 180      3     25     60    304
 181      5     30      1    365
 182      3   1141     60    304
 183      3    770     60    304
 184      3     21     60    304
 185      3     13     60    304
 186      3     27     60    304
 187      3     30     60    304
 188      3     54     60    304
 189      3   2154     60    304
 190      3    335     60    304
 191      3    114     60    304
 192      1    115     91    244
 193      1     17     91    244
 194      1     15      1    365
 195      3    263      1    365
 196      3     56     60    304
 197      3    271     60    304
 198      3     85     60    304
 199      5      3      1    365
 200      3    134     60    304
 201      5      9      1    365
 202      3     38     60    304
 203      5    165      1    365
 204      5     79      1    365
 205      5    257      1    365
 206      5     72      1    365
 207      5     70      1    365
 208      5     55      1    365
 209      3     22     60    304
 210      1     17     32    304
 211      5    107     91    161
 212      3    157     60    304
 213      3   1367     60    304
 214      3     19     60    304
 215      5     22     60    244
 216      1     19      1    365
 217      3    102     60    304
 218      5     17      1    365
 219      5     31      1    365
 220      3     37     60    304
 221      3    764      1    365
 222      5    173     60    244
 223      5     10      1    365
 224      5    156      1    365
 225      3    171     60    304
 226      3    107     60    304
 227      5    186      1    365
 228      5     30      1    365
 229      3     22     60    304
 230      3    393     60    304
 231      3    855     60    304
 232      3    302     60    304
 233      1     83      1    365
 234      3     22     60    273
 235      3    196     60    304
 236      5    507      1    365
 237      5    138      1    365
 238      3    798     60    304
 239      3    274     60    304
 240      3     63     60    304
 241      5     24      1    365
 242      5     44      1    365
 243      1    103      1    365
 244      1     75      1    365
 245      1     78      1    365
 246      1     74      1    365
 247      5    121     60    213
 248      5     21      1    365
 249      5     97     60    244
 250      5   1965      1    365
 251      3    267     91    288
 252      5    554      1    365
 253      1     38      1    365
 254      3     30    105    273
 999      0      0      1    365
