   1      3     87     60    304
   2      3     78     60    304
   3      3     50     60    304
   4      3     18      1    365
   5      3   1202     60    304
   6      3   1609     60    304
   7      3   1605     60    304
   8      3      9      1    365
   9      3   2810     60    304
  10      3   2801     60    304
  11      3    587     60    304
  12      5    112      1    365
  13      5      6     60    182
  14      5     34     60    213
  15      5    112      1    365
  16      5     34     60    213
  17      5      3     91    365
  18      5    134     32    365
  19      5     33      1    365
  20      5    113     60    304
  21      5     87    121    244
  22      5     50     91    213
  23      5    335     60    274
  24      5     10     91    244
  25      5    209      1    258
  26      5     94     91    213
  27      5      7     91    244
  28      5     26     32    335
  29      5     48     60    244
  30      5    201     60    244
  31      1     39      1    365
  32      1     28      1    365
  33      1     60     60    213
  34      1     31     60    274
  35      1    131      1    365
  36      1     96      1    365
  37      1     16     60    244
  38      1     68      1    365
  39      1     27     32    244
  40      1     28      1    365
  41      1     92     32    244
  42      1    143     91    365
  43      1     69     60    365
  44      1    106     60    244
  45      1    132     91    244
  46      1     37     91    213
  47      1    161      1    274
  48      1     11     91    305
  49      1    189      1    258
  50      1     95     32    166
  51      1     52     60    166
  52      1     32      1    365
  53      1     49     60    293
  54      1     32     91    213
  55      1     72     60    152
  56      1    181     60    244
  57      1     95     60    304
  58      1    129     91    182
  59      1    103     60    182
  60      5     51      1    365
  61      5    239      1    365
  62      1    160      1    365
  63      5     94      1    365
  64      1      6      1    365
  65      1     43      1    365
  66      1    115      1    365
  67      1      7      1    365
  68      5    129      1    365
  69      5     45      1    365
  70      1     43      1    365
  71      1     57      1    365
  72      5     39      1    365
  73      1   1840      1    365
  74      3     41     60    304
  75      5     29      1    365
  76      1     58      1    365
  77      1     74      1    365
  78      1    127      1    365
  79      3     17     60    304
  80      1    133      1    365
  81      1    106      1    365
  82      3     28     60    304
  83      3      8     60    304
  84      5     16      1    365
  85      3      8     60    304
  86      3     16     60    304
  87      3     30     60    304
  88      3     17     60    304
  89      3     73     60    304
  90      3     53     60    304
  91      3     91     60    304
  92      1     57      1    365
  93      1     12      1    365
  94      3    233     60    304
  95      3    169     60    304
  96      1     72      1    365
  97      1      9      1    365
  98      3    158     60    304
  99      3    147     60    304
 100      3     22     60    304
 101      1     90      1    365
 102      1     74      1    365
 103      1    101      1    365
 104      1     40      1    365
 105      3     15     60    304
 106      3    134     60    304
 107      3     97     60    304
 108      3    161     60    304
 109      3     70     60    304
 110      3      7     60    304
 111      3     76     60    304
 112      1     35     60    244
 113      5     20      1    365
 114      3     93     60    304
 115      3     43     60    304
 116      3     54     60    304
 117      5    449      1    365
 118      3     10     60    304
 119      3    110     60    304
 120      3      2     60    304
 121      3      1     60    304
 122      3    592     60    304
 123      3     59     60    304
 124      3    766     60    304
 125      3    415     60    304
 126      3     60     60    304
 127      3    364     60    304
 128      3    450     60    304
 129      3    407     60    304
 130      3    587     60    304
 131      5     52      1    365
 132      3    173     60    304
 133      3     90     60    304
 134      3      9     60    304
 135      3     63     60    304
 136      3     40     60    304
 137      5     39      1    196
 138      5     22      1    365
 139      3     12     60    304
 140      3    160     60    304
 141      3     90     60    304
 142      3    609     60    304
 143      3    441     60    304
 144      3    151     60    304
 145      3     11     60    304
 146      5    134      1    365
 147      3    497     60    304
 148      3    181     60    304
 149      3     30     60    304
 150      1     20      1    365
 151      1     52      1    365
 152      1     59      1    365
 153      3     39     60    304
 154      3     18     60    304
 155      5     51      1    365
 156      1    207      1    365
 157      1    120      1    365
 158      3    181     60    304
 159      5   2681      1    365
 160      5  10729      1    365
 161      5   3800      1    365
 162      1    956      1    365
 163      1    393      1    365
 164      5      5      1    365
 165      5     40      1    365
 166      1     70     91    258
 167      5      8     60    274
 168      5     83     32    244
 169      5     22      1    365
 170      5     37      1    365
 171      3    138     60    304
 172      5     78     32    244
 173      5     29      1    365
 174      5   7366      1    365
 175      1     26      1    365
 176      3     54     60    304
 177      3    102     60    304
 178      3     69     60    304
 179      3     32     60    304
 180      3     32     60    304
 181      5     31      1    365
 182      3   1063     60    304
 183      3    770     60    304
 184      3     20     60    304
 185      3     13     60    304
 186      3     40     60    304
 187      3     28     60    304
 188      3     71     60    304
 189      3   2008     60    304
 190      3    312     60    304
 191      3    106     60    304
 192      1    146     91    244
 193      1     21     91    244
 194      1     19      1    365
 195      3    348      1    365
 196      3     73     60    304
 197      3    253     60    304
 198      3     83     60    304
 199      5      3      1    365
 200      3    131     60    304
 201      5     10      1    365
 202      3     38     60    304
 203      5    172      1    365
 204      5     83      1    365
 205      5    269      1    365
 206      5     75      1    365
 207      5     70      1    365
 208      5     57      1    365
 209      3     22     60    304
 210      1     21     32    304
 211      5    100     91    161
 212      3    153     60    304
 213      3   1338     60    304
 214      3     18     60    304
 215      5     23     60    244
 216      1     24      1    365
 217      3    100     60    304
 218      5     16      1    365
 219      5     29      1    365
 220      3     35     60    304
 221      3    688      1    365
 222      5    162     60    244
 223      5     10      1    365
 224      5    145      1    365
 225      3    167     60    304
 226      3    107     60    304
 227      5    195      1    365
 228      5     31      1    365
 229      3     22     60    304
 230      3    592     60    304
 231      3   1129     60    304
 232      3    272     60    304
 233      1    106      1    365
 234      3     21     60    273
 235      3    259     60    304
 236      5    515      1    365
 237      5    129      1    365
 238      3    719     60    304
 239      3    247     60    304
 240      3     57     60    304
 241      5     25      1    365
 242      5     46      1    365
 243      1    131      1    365
 244      1     95      1    365
 245      1     99      1    365
 246      1     74      1    365
 247      5    113     60    213
 248      5     19      1    365
 249      5     90     60    244
 250      5   2626      1    365
 251      3    401     91    288
 252      5    517      1    365
 253      1     48      1    365
 254      3     28    105    273
 999      0      0      1    365
