   1      3     98     60    304
   2      3     86     60    304
   3      3     50     60    304
   4      3     20      1    365
   5      3   1426     60    304
   6      3   1909     60    304
   7      3   1605     60    304
   8      3     10      1    365
   9      3   3334     60    304
  10      3   3324     60    304
  11      3    451     60    304
  12      5    114      1    365
  13      5      4     60    182
  14      5     35     60    213
  15      5    114      1    365
  16      5     67     60    213
  17      5      2     91    365
  18      5    136     32    365
  19      5     34      1    365
  20      5     78     60    304
  21      5    174    121    244
  22      5    145     91    213
  23      5    670     60    274
  24      5      7     91    244
  25      5    212      1    258
  26      5    188     91    213
  27      5     13     91    244
  28      5     26     32    335
  29      5     49     60    244
  30      5    402     60    244
  31      1     57      1    365
  32      1     41      1    365
  33      1     89     60    213
  34      1     45     60    274
  35      1    193      1    365
  36      1    142      1    365
  37      1     24     60    244
  38      1    101      1    365
  39      1     39     32    244
  40      1     41      1    365
  41      1    136     32    244
  42      1    146     91    365
  43      1     70     60    365
  44      1    108     60    244
  45      1    135     91    244
  46      1     38     91    213
  47      1    164      1    274
  48      1     12     91    305
  49      1    193      1    258
  50      1     97     32    166
  51      1     53     60    166
  52      1     32      1    365
  53      1     50     60    293
  54      1     32     91    213
  55      1     73     60    152
  56      1    184     60    244
  57      1     80     60    304
  58      1    132     91    182
  59      1    152     60    182
  60      5     51      1    365
  61      5    165      1    365
  62      1    237      1    365
  63      5     64      1    365
  64      1      6      1    365
  65      1     44      1    365
  66      1    117      1    365
  67      1     10      1    365
  68      5     89      1    365
  69      5     31      1    365
  70      1     63      1    365
  71      1     59      1    365
  72      5     27      1    365
  73      1    402      1    365
  74      3     47     60    304
  75      5     20      1    365
  76      1     49      1    365
  77      1     62      1    365
  78      1    106      1    365
  79      3     19     60    304
  80      1    111      1    365
  81      1     88      1    365
  82      3     31     60    304
  83      3      9     60    304
  84      5     11      1    365
  85      3      9     60    304
  86      3     17     60    304
  87      3     23     60    304
  88      3     19     60    304
  89      3     83     60    304
  90      3     53     60    304
  91      3     99     60    304
  92      1     85      1    365
  93      1     18      1    365
  94      3    263     60    304
  95      3    169     60    304
  96      1     73      1    365
  97      1      9      1    365
  98      3    121     60    304
  99      3    113     60    304
 100      3     26     60    304
 101      1     75      1    365
 102      1     62      1    365
 103      1     84      1    365
 104      1     59      1    365
 105      3     12     60    304
 106      3    151     60    304
 107      3     97     60    304
 108      3     47     60    304
 109      3     20     60    304
 110      3      7     60    304
 111      3     58     60    304
 112      1     51     60    244
 113      5     40      1    365
 114      3     71     60    304
 115      3     43     60    304
 116      3     41     60    304
 117      5    898      1    365
 118      3     11     60    304
 119      3     32     60    304
 120      3      2     60    304
 121      3      1     60    304
 122      3    172     60    304
 123      3     59     60    304
 124      3    909     60    304
 125      3    319     60    304
 126      3     18     60    304
 127      3    399     60    304
 128      3    534     60    304
 129      3    483     60    304
 130      3    451     60    304
 131      5     36      1    365
 132      3    195     60    304
 133      3     26     60    304
 134      3     10     60    304
 135      3     69     60    304
 136      3     40     60    304
 137      5     39      1    196
 138      5     22      1    365
 139      3     14     60    304
 140      3    190     60    304
 141      3    107     60    304
 142      3    687     60    304
 143      3    441     60    304
 144      3     44     60    304
 145      3     13     60    304
 146      5    268      1    365
 147      3    545     60    304
 148      3     53     60    304
 149      3      9     60    304
 150      1     20      1    365
 151      1     53      1    365
 152      1     87      1    365
 153      3     30     60    304
 154      3     18     60    304
 155      5     51      1    365
 156      1    306      1    365
 157      1    123      1    365
 158      3     53     60    304
 159      5   2725      1    365
 160      5  10905      1    365
 161      5   3863      1    365
 162      1   1411      1    365
 163      1    327      1    365
 164      5      5      1    365
 165      5     80      1    365
 166      1    103     91    258
 167      5      8     60    274
 168      5     84     32    244
 169      5     22      1    365
 170      5     37      1    365
 171      3    106     60    304
 172      5     79     32    244
 173      5     20      1    365
 174      5   7487      1    365
 175      1     26      1    365
 176      3     61     60    304
 177      3    111     60    304
 178      3     53     60    304
 179      3     32     60    304
 180      3     25     60    304
 181      5     32      1    365
 182      3   1199     60    304
 183      3    770     60    304
 184      3     22     60    304
 185      3     13     60    304
 186      3     12     60    304
 187      3     31     60    304
 188      3     55     60    304
 189      3   2265     60    304
 190      3    352     60    304
 191      3    120     60    304
 192      1    215     91    244
 193      1     32     91    244
 194      1     28      1    365
 195      3    267      1    365
 196      3     56     60    304
 197      3    285     60    304
 198      3     91     60    304
 199      5      3      1    365
 200      3    144     60    304
 201      5     10      1    365
 202      3     41     60    304
 203      5    175      1    365
 204      5     84      1    365
 205      5    274      1    365
 206      5     77      1    365
 207      5     70      1    365
 208      5     58      1    365
 209      3     24     60    304
 210      1     32     32    304
 211      5     69     91    161
 212      3    168     60    304
 213      3   1466     60    304
 214      3     20     60    304
 215      5     23     60    244
 216      1     36      1    365
 217      3    110     60    304
 218      5     11      1    365
 219      5     20      1    365
 220      3     39     60    304
 221      3    816      1    365
 222      5    111     60    244
 223      5      7      1    365
 224      5    100      1    365
 225      3    183     60    304
 226      3    107     60    304
 227      5    198      1    365
 228      5     32      1    365
 229      3     24     60    304
 230      3    172     60    304
 231      3    868     60    304
 232      3    322     60    304
 233      1    156      1    365
 234      3     23     60    273
 235      3    199     60    304
 236      5   1481      1    365
 237      5     89      1    365
 238      3    853     60    304
 239      3    293     60    304
 240      3     68     60    304
 241      5     25      1    365
 242      5     47      1    365
 243      1    193      1    365
 244      1    140      1    365
 245      1    146      1    365
 246      1     74      1    365
 247      5     78     60    213
 248      5     13      1    365
 249      5     62     60    244
 250      5    116      1    365
 251      3    117     91    288
 252      5    356      1    365
 253      1     71      1    365
 254      3     31    105    273
 999      0      0      1    365
