   1      3     97     60    304
   2      3     98     60    304
   3      3     50     60    304
   4      3     20      1    365
   5      3   1403     60    304
   6      3   1878     60    304
   7      3   1605     60    304
   8      3     12      1    365
   9      3   3281     60    304
  10      3   3270     60    304
  11      3    398     60    304
  12      5    107      1    365
  13      5      9     60    182
  14      5     33     60    213
  15      5    107      1    365
  16      5     25     60    213
  17      5      5     91    365
  18      5    128     32    365
  19      5     32      1    365
  20      5    163     60    304
  21      5     65    121    244
  22      5     75     91    213
  23      5    250     60    274
  24      5     14     91    244
  25      5    200      1    258
  26      5     70     91    213
  27      5      5     91    244
  28      5     25     32    335
  29      5     46     60    244
  30      5    150     60    244
  31      1     41      1    365
  32      1     30      1    365
  33      1     64     60    213
  34      1     33     60    274
  35      1    139      1    365
  36      1    102      1    365
  37      1     17     60    244
  38      1     72      1    365
  39      1     28     32    244
  40      1     30      1    365
  41      1     98     32    244
  42      1    166     91    365
  43      1     79     60    365
  44      1    122     60    244
  45      1    152     91    244
  46      1     43     91    213
  47      1    185      1    274
  48      1     13     91    305
  49      1    218      1    258
  50      1    109     32    166
  51      1     60     60    166
  52      1     36      1    365
  53      1     56     60    293
  54      1     36     91    213
  55      1     83     60    152
  56      1    209     60    244
  57      1    122     60    304
  58      1    149     91    182
  59      1    109     60    182
  60      5     48      1    365
  61      5    345      1    365
  62      1    170      1    365
  63      5    135      1    365
  64      1      7      1    365
  65      1     50      1    365
  66      1    132      1    365
  67      1      7      1    365
  68      5    187      1    365
  69      5     65      1    365
  70      1     45      1    365
  71      1     66      1    365
  72      5     56      1    365
  73      1   1400      1    365
  74      3     46     60    304
  75      5     42      1    365
  76      1     74      1    365
  77      1     95      1    365
  78      1    162      1    365
  79      3     22     60    304
  80      1    169      1    365
  81      1    135      1    365
  82      3     31     60    304
  83      3      9     60    304
  84      5     23      1    365
  85      3     10     60    304
  86      3     20     60    304
  87      3     20     60    304
  88      3     18     60    304
  89      3     82     60    304
  90      3     53     60    304
  91      3    114     60    304
  92      1     61      1    365
  93      1     13      1    365
  94      3    260     60    304
  95      3    169     60    304
  96      1     83      1    365
  97      1     10      1    365
  98      3    107     60    304
  99      3     99     60    304
 100      3     26     60    304
 101      1    115      1    365
 102      1     95      1    365
 103      1    128      1    365
 104      1     43      1    365
 105      3     10     60    304
 106      3    149     60    304
 107      3     97     60    304
 108      3     65     60    304
 109      3     28     60    304
 110      3      7     60    304
 111      3     51     60    304
 112      1     37     60    244
 113      5     15      1    365
 114      3     63     60    304
 115      3     43     60    304
 116      3     37     60    304
 117      5    335      1    365
 118      3     11     60    304
 119      3     44     60    304
 120      3      2     60    304
 121      3      1     60    304
 122      3    238     60    304
 123      3     59     60    304
 124      3    894     60    304
 125      3    281     60    304
 126      3     24     60    304
 127      3    456     60    304
 128      3    526     60    304
 129      3    475     60    304
 130      3    398     60    304
 131      5     75      1    365
 132      3    192     60    304
 133      3     36     60    304
 134      3     12     60    304
 135      3     78     60    304
 136      3     40     60    304
 137      5     37      1    196
 138      5     21      1    365
 139      3     14     60    304
 140      3    187     60    304
 141      3    105     60    304
 142      3    679     60    304
 143      3    441     60    304
 144      3     61     60    304
 145      3     13     60    304
 146      5    100      1    365
 147      3    622     60    304
 148      3     73     60    304
 149      3     12     60    304
 150      1     23      1    365
 151      1     60      1    365
 152      1     62      1    365
 153      3     26     60    304
 154      3     18     60    304
 155      5     48      1    365
 156      1    220      1    365
 157      1    139      1    365
 158      3     73     60    304
 159      5   2563      1    365
 160      5  10257      1    365
 161      5   3633      1    365
 162      1   1013      1    365
 163      1    500      1    365
 164      5      5      1    365
 165      5     30      1    365
 166      1     74     91    258
 167      5      7     60    274
 168      5     79     32    244
 169      5     21      1    365
 170      5     35      1    365
 171      3     94     60    304
 172      5     74     32    244
 173      5     42      1    365
 174      5   7042      1    365
 175      1     30      1    365
 176      3     60     60    304
 177      3    127     60    304
 178      3     47     60    304
 179      3     32     60    304
 180      3     22     60    304
 181      5     30      1    365
 182      3   1186     60    304
 183      3    770     60    304
 184      3     25     60    304
 185      3     13     60    304
 186      3     16     60    304
 187      3     31     60    304
 188      3     48     60    304
 189      3   2239     60    304
 190      3    348     60    304
 191      3    119     60    304
 192      1    154     91    244
 193      1     23     91    244
 194      1     20      1    365
 195      3    236      1    365
 196      3     50     60    304
 197      3    282     60    304
 198      3    104     60    304
 199      5      3      1    365
 200      3    164     60    304
 201      5      9      1    365
 202      3     47     60    304
 203      5    165      1    365
 204      5     79      1    365
 205      5    258      1    365
 206      5     72      1    365
 207      5     70      1    365
 208      5     55      1    365
 209      3     27     60    304
 210      1     23     32    304
 211      5    145     91    161
 212      3    192     60    304
 213      3   1676     60    304
 214      3     20     60    304
 215      5     22     60    244
 216      1     26      1    365
 217      3    125     60    304
 218      5     23      1    365
 219      5     42      1    365
 220      3     38     60    304
 221      3    803      1    365
 222      5    233     60    244
 223      5     14      1    365
 224      5    210      1    365
 225      3    209     60    304
 226      3    107     60    304
 227      5    186      1    365
 228      5     30      1    365
 229      3     27     60    304
 230      3    238     60    304
 231      3    765     60    304
 232      3    317     60    304
 233      1    112      1    365
 234      3     23     60    273
 235      3    176     60    304
 236      5    762      1    365
 237      5    187      1    365
 238      3    839     60    304
 239      3    288     60    304
 240      3     67     60    304
 241      5     24      1    365
 242      5     44      1    365
 243      1    139      1    365
 244      1    101      1    365
 245      1    105      1    365
 246      1     74      1    365
 247      5    163     60    213
 248      5     28      1    365
 249      5    131     60    244
 250      5   2003      1    365
 251      3    161     91    288
 252      5    747      1    365
 253      1     51      1    365
 254      3     31    105    273
 999      0      0      1    365
