   1      3    100     60    304
   2      3    122     60    304
   3      3     50     60    304
   4      3     21      1    365
   5      3   1374     60    304
   6      3   1839     60    304
   7      3   1605     60    304
   8      3     15      1    365
   9      3   3211     60    304
  10      3   3201     60    304
  11      3    444     60    304
  12      5    114      1    365
  13      5      7     60    182
  14      5     35     60    213
  15      5    114      1    365
  16      5     77     60    213
  17      5      4     91    365
  18      5    136     32    365
  19      5     34      1    365
  20      5    129     60    304
  21      5    199    121    244
  22      5     52     91    213
  23      5    767     60    274
  24      5     11     91    244
  25      5    213      1    258
  26      5    215     91    213
  27      5     15     91    244
  28      5     26     32    335
  29      5     49     60    244
  30      5    460     60    244
  31      1     30      1    365
  32      1     22      1    365
  33      1     46     60    213
  34      1     24     60    274
  35      1    101      1    365
  36      1     74      1    365
  37      1     12     60    244
  38      1     52      1    365
  39      1     21     32    244
  40      1     22      1    365
  41      1     71     32    244
  42      1    170     91    365
  43      1     82     60    365
  44      1    126     60    244
  45      1    157     91    244
  46      1     44     91    213
  47      1    191      1    274
  48      1     14     91    305
  49      1    225      1    258
  50      1    112     32    166
  51      1     61     60    166
  52      1     37      1    365
  53      1     58     60    293
  54      1     37     91    213
  55      1     85     60    152
  56      1    215     60    244
  57      1     48     60    304
  58      1    153     91    182
  59      1     79     60    182
  60      5     52      1    365
  61      5    273      1    365
  62      1    124      1    365
  63      5    107      1    365
  64      1      7      1    365
  65      1     51      1    365
  66      1    136      1    365
  67      1      5      1    365
  68      5    147      1    365
  69      5     52      1    365
  70      1     33      1    365
  71      1     68      1    365
  72      5     44      1    365
  73      1    182      1    365
  74      3     48     60    304
  75      5     33      1    365
  76      1     29      1    365
  77      1     37      1    365
  78      1     64      1    365
  79      3     27     60    304
  80      1     66      1    365
  81      1     53      1    365
  82      3     32     60    304
  83      3     10     60    304
  84      5     18      1    365
  85      3     12     60    304
  86      3     24     60    304
  87      3     23     60    304
  88      3     19     60    304
  89      3     84     60    304
  90      3     53     60    304
  91      3    142     60    304
  92      1     44      1    365
  93      1      9      1    365
  94      3    268     60    304
  95      3    169     60    304
  96      1     85      1    365
  97      1     10      1    365
  98      3    119     60    304
  99      3    111     60    304
 100      3     25     60    304
 101      1     45      1    365
 102      1     37      1    365
 103      1     50      1    365
 104      1     31      1    365
 105      3     11     60    304
 106      3    154     60    304
 107      3     97     60    304
 108      3     88     60    304
 109      3     38     60    304
 110      3      7     60    304
 111      3     57     60    304
 112      1     27     60    244
 113      5     46      1    365
 114      3     70     60    304
 115      3     43     60    304
 116      3     41     60    304
 117      5   1028      1    365
 118      3     11     60    304
 119      3     60     60    304
 120      3      2     60    304
 121      3      1     60    304
 122      3    324     60    304
 123      3     59     60    304
 124      3    875     60    304
 125      3    314     60    304
 126      3     33     60    304
 127      3    569     60    304
 128      3    514     60    304
 129      3    465     60    304
 130      3    444     60    304
 131      5     59      1    365
 132      3    198     60    304
 133      3     49     60    304
 134      3     15     60    304
 135      3     98     60    304
 136      3     40     60    304
 137      5     39      1    196
 138      5     22      1    365
 139      3     14     60    304
 140      3    183     60    304
 141      3    103     60    304
 142      3    699     60    304
 143      3    441     60    304
 144      3     82     60    304
 145      3     13     60    304
 146      5    307      1    365
 147      3    777     60    304
 148      3     99     60    304
 149      3     16     60    304
 150      1     24      1    365
 151      1     61      1    365
 152      1     45      1    365
 153      3     29     60    304
 154      3     18     60    304
 155      5     52      1    365
 156      1    160      1    365
 157      1    143      1    365
 158      3     99     60    304
 159      5   2727      1    365
 160      5  10912      1    365
 161      5   3865      1    365
 162      1    736      1    365
 163      1    196      1    365
 164      5      5      1    365
 165      5     92      1    365
 166      1     54     91    258
 167      5      8     60    274
 168      5     84     32    244
 169      5     22      1    365
 170      5     37      1    365
 171      3    105     60    304
 172      5     79     32    244
 173      5     33      1    365
 174      5   7492      1    365
 175      1     31      1    365
 176      3     62     60    304
 177      3    159     60    304
 178      3     52     60    304
 179      3     32     60    304
 180      3     24     60    304
 181      5     32      1    365
 182      3   1221     60    304
 183      3    770     60    304
 184      3     32     60    304
 185      3     13     60    304
 186      3     22     60    304
 187      3     32     60    304
 188      3     54     60    304
 189      3   2306     60    304
 190      3    358     60    304
 191      3    122     60    304
 192      1    112     91    244
 193      1     16     91    244
 194      1     14      1    365
 195      3    263      1    365
 196      3     56     60    304
 197      3    290     60    304
 198      3    129     60    304
 199      5      3      1    365
 200      3    205     60    304
 201      5     10      1    365
 202      3     59     60    304
 203      5    175      1    365
 204      5     84      1    365
 205      5    274      1    365
 206      5     77      1    365
 207      5     70      1    365
 208      5     58      1    365
 209      3     34     60    304
 210      1     16     32    304
 211      5    114     91    161
 212      3    239     60    304
 213      3   2092     60    304
 214      3     21     60    304
 215      5     23     60    244
 216      1     19      1    365
 217      3    156     60    304
 218      5     18      1    365
 219      5     33      1    365
 220      3     40     60    304
 221      3    786      1    365
 222      5    184     60    244
 223      5     11      1    365
 224      5    166      1    365
 225      3    261     60    304
 226      3    107     60    304
 227      5    198      1    365
 228      5     32      1    365
 229      3     34     60    304
 230      3    324     60    304
 231      3    854     60    304
 232      3    310     60    304
 233      1     81      1    365
 234      3     24     60    273
 235      3    196     60    304
 236      5    528      1    365
 237      5    147      1    365
 238      3    821     60    304
 239      3    282     60    304
 240      3     65     60    304
 241      5     25      1    365
 242      5     47      1    365
 243      1    101      1    365
 244      1     73      1    365
 245      1     76      1    365
 246      1     74      1    365
 247      5    129     60    213
 248      5     22      1    365
 249      5    103     60    244
 250      5    493      1    365
 251      3    219     91    288
 252      5    590      1    365
 253      1     37      1    365
 254      3     32    105    273
 999      0      0      1    365
