   1      3     69     60    304
   2      3     62     60    304
   3      3     50     60    304
   4      3     14      1    365
   5      3   1321     60    304
   6      3   1769     60    304
   7      3   1605     60    304
   8      3      7      1    365
   9      3   3089     60    304
  10      3   3079     60    304
  11      3    415     60    304
  12      5    112      1    365
  13      5      5     60    182
  14      5     34     60    213
  15      5    112      1    365
  16      5     60     60    213
  17      5      3     91    365
  18      5    133     32    365
  19      5     33      1    365
  20      5     89     60    304
  21      5    156    121    244
  22      5     93     91    213
  23      5    601     60    274
  24      5      8     91    244
  25      5    209      1    258
  26      5    168     91    213
  27      5     12     91    244
  28      5     26     32    335
  29      5     48     60    244
  30      5    361     60    244
  31      1     55      1    365
  32      1     40      1    365
  33      1     85     60    213
  34      1     44     60    274
  35      1    186      1    365
  36      1    137      1    365
  37      1     23     60    244
  38      1     97      1    365
  39      1     38     32    244
  40      1     40      1    365
  41      1    131     32    244
  42      1    167     91    365
  43      1     80     60    365
  44      1    124     60    244
  45      1    154     91    244
  46      1     44     91    213
  47      1    188      1    274
  48      1     13     91    305
  49      1    221      1    258
  50      1    110     32    166
  51      1     60     60    166
  52      1     37      1    365
  53      1     57     60    293
  54      1     37     91    213
  55      1     84     60    152
  56      1    211     60    244
  57      1     99     60    304
  58      1    151     91    182
  59      1    146     60    182
  60      5     51      1    365
  61      5    188      1    365
  62      1    228      1    365
  63      5     74      1    365
  64      1      7      1    365
  65      1     50      1    365
  66      1    134      1    365
  67      1      9      1    365
  68      5    102      1    365
  69      5     36      1    365
  70      1     61      1    365
  71      1     67      1    365
  72      5     31      1    365
  73      1   2388      1    365
  74      3     33     60    304
  75      5     23      1    365
  76      1     61      1    365
  77      1     77      1    365
  78      1    132      1    365
  79      3     14     60    304
  80      1    138      1    365
  81      1    110      1    365
  82      3     22     60    304
  83      3      7     60    304
  84      5     13      1    365
  85      3      6     60    304
  86      3     12     60    304
  87      3     21     60    304
  88      3     13     60    304
  89      3     58     60    304
  90      3     53     60    304
  91      3     72     60    304
  92      1     82      1    365
  93      1     17      1    365
  94      3    184     60    304
  95      3    169     60    304
  96      1     84      1    365
  97      1     10      1    365
  98      3    111     60    304
  99      3    104     60    304
 100      3     24     60    304
 101      1     94      1    365
 102      1     77      1    365
 103      1    105      1    365
 104      1     57      1    365
 105      3     11     60    304
 106      3    106     60    304
 107      3     97     60    304
 108      3     68     60    304
 109      3     30     60    304
 110      3      7     60    304
 111      3     53     60    304
 112      1     49     60    244
 113      5     36      1    365
 114      3     66     60    304
 115      3     43     60    304
 116      3     38     60    304
 117      5    805      1    365
 118      3      8     60    304
 119      3     47     60    304
 120      3      1     60    304
 121      3      1     60    304
 122      3    252     60    304
 123      3     59     60    304
 124      3    842     60    304
 125      3    293     60    304
 126      3     26     60    304
 127      3    291     60    304
 128      3    495     60    304
 129      3    447     60    304
 130      3    415     60    304
 131      5     41      1    365
 132      3    136     60    304
 133      3     38     60    304
 134      3      7     60    304
 135      3     50     60    304
 136      3     40     60    304
 137      5     39      1    196
 138      5     22      1    365
 139      3     10     60    304
 140      3    176     60    304
 141      3     99     60    304
 142      3    480     60    304
 143      3    441     60    304
 144      3     64     60    304
 145      3     12     60    304
 146      5    240      1    365
 147      3    397     60    304
 148      3     77     60    304
 149      3     13     60    304
 150      1     23      1    365
 151      1     60      1    365
 152      1     84      1    365
 153      3     27     60    304
 154      3     18     60    304
 155      5     51      1    365
 156      1    294      1    365
 157      1    141      1    365
 158      3     77     60    304
 159      5   2678      1    365
 160      5  10716      1    365
 161      5   3796      1    365
 162      1   1358      1    365
 163      1    407      1    365
 164      5      5      1    365
 165      5     72      1    365
 166      1     99     91    258
 167      5      8     60    274
 168      5     83     32    244
 169      5     22      1    365
 170      5     37      1    365
 171      3     98     60    304
 172      5     77     32    244
 173      5     23      1    365
 174      5   7357      1    365
 175      1     30      1    365
 176      3     42     60    304
 177      3     81     60    304
 178      3     49     60    304
 179      3     32     60    304
 180      3     23     60    304
 181      5     31      1    365
 182      3    838     60    304
 183      3    770     60    304
 184      3     16     60    304
 185      3     13     60    304
 186      3     17     60    304
 187      3     22     60    304
 188      3     50     60    304
 189      3   1582     60    304
 190      3    246     60    304
 191      3     84     60    304
 192      1    207     91    244
 193      1     30     91    244
 194      1     27      1    365
 195      3    245      1    365
 196      3     52     60    304
 197      3    199     60    304
 198      3     66     60    304
 199      5      3      1    365
 200      3    105     60    304
 201      5     10      1    365
 202      3     30     60    304
 203      5    172      1    365
 204      5     83      1    365
 205      5    269      1    365
 206      5     75      1    365
 207      5     70      1    365
 208      5     57      1    365
 209      3     17     60    304
 210      1     30     32    304
 211      5     79     91    161
 212      3    122     60    304
 213      3   1068     60    304
 214      3     14     60    304
 215      5     23     60    244
 216      1     34      1    365
 217      3     80     60    304
 218      5     13      1    365
 219      5     23      1    365
 220      3     27     60    304
 221      3    756      1    365
 222      5    127     60    244
 223      5      8      1    365
 224      5    114      1    365
 225      3    133     60    304
 226      3    107     60    304
 227      5    195      1    365
 228      5     31      1    365
 229      3     17     60    304
 230      3    252     60    304
 231      3    797     60    304
 232      3    299     60    304
 233      1    150      1    365
 234      3     16     60    273
 235      3    183     60    304
 236      5    950      1    365
 237      5    102      1    365
 238      3    790     60    304
 239      3    271     60    304
 240      3     63     60    304
 241      5     25      1    365
 242      5     46      1    365
 243      1    186      1    365
 244      1    135      1    365
 245      1    141      1    365
 246      1     74      1    365
 247      5     89     60    213
 248      5     15      1    365
 249      5     71     60    244
 250      5   2685      1    365
 251      3    171     91    288
 252      5    407      1    365
 253      1     68      1    365
 254      3     22    105    273
 999      0      0      1    365
