   1      3     74     60    304
   2      3    109     60    304
   3      3     50     60    304
   4      3     15      1    365
   5      3   1204     60    304
   6      3   1612     60    304
   7      3   1605     60    304
   8      3     13      1    365
   9      3   2815     60    304
  10      3   2805     60    304
  11      3    666     60    304
  12      5    109      1    365
  13      5      3     60    182
  14      5     34     60    213
  15      5    109      1    365
  16      5     53     60    213
  17      5      1     91    365
  18      5    130     32    365
  19      5     33      1    365
  20      5     49     60    304
  21      5    138    121    244
  22      5     19     91    213
  23      5    531     60    274
  24      5      4     91    244
  25      5    204      1    258
  26      5    149     91    213
  27      5     11     91    244
  28      5     25     32    335
  29      5     47     60    244
  30      5    319     60    244
  31      1     42      1    365
  32      1     30      1    365
  33      1     65     60    213
  34      1     33     60    274
  35      1    141      1    365
  36      1    104      1    365
  37      1     17     60    244
  38      1     73      1    365
  39      1     29     32    244
  40      1     30      1    365
  41      1     99     32    244
  42      1    271     91    365
  43      1    130     60    365
  44      1    200     60    244
  45      1    249     91    244
  46      1     70     91    213
  47      1    303      1    274
  48      1     22     91    305
  49      1    358      1    258
  50      1    179     32    166
  51      1     98     60    166
  52      1     60      1    365
  53      1     92     60    293
  54      1     60     91    213
  55      1    135     60    152
  56      1    341     60    244
  57      1    102     60    304
  58      1    244     91    182
  59      1    111     60    182
  60      5     49      1    365
  61      5    104      1    365
  62      1    173      1    365
  63      5     41      1    365
  64      1     11      1    365
  65      1     81      1    365
  66      1    217      1    365
  67      1      7      1    365
  68      5     56      1    365
  69      5     20      1    365
  70      1     46      1    365
  71      1    108      1    365
  72      5     17      1    365
  73      1    963      1    365
  74      3     35     60    304
  75      5     13      1    365
  76      1     62      1    365
  77      1     79      1    365
  78      1    135      1    365
  79      3     24     60    304
  80      1    141      1    365
  81      1    113      1    365
  82      3     24     60    304
  83      3      7     60    304
  84      5      7      1    365
  85      3     11     60    304
  86      3     22     60    304
  87      3     34     60    304
  88      3     14     60    304
  89      3     63     60    304
  90      3     53     60    304
  91      3    127     60    304
  92      1     62      1    365
  93      1     13      1    365
  94      3    200     60    304
  95      3    169     60    304
  96      1    135      1    365
  97      1     16      1    365
  98      3    179     60    304
  99      3    166     60    304
 100      3     22     60    304
 101      1     96      1    365
 102      1     79      1    365
 103      1    107      1    365
 104      1     43      1    365
 105      3     17     60    304
 106      3    115     60    304
 107      3     97     60    304
 108      3    159     60    304
 109      3     70     60    304
 110      3      7     60    304
 111      3     86     60    304
 112      1     37     60    244
 113      5     32      1    365
 114      3    105     60    304
 115      3     43     60    304
 116      3     61     60    304
 117      5    711      1    365
 118      3      8     60    304
 119      3    110     60    304
 120      3      2     60    304
 121      3      1     60    304
 122      3    587     60    304
 123      3     59     60    304
 124      3    767     60    304
 125      3    470     60    304
 126      3     60     60    304
 127      3    509     60    304
 128      3    451     60    304
 129      3    408     60    304
 130      3    666     60    304
 131      5     23      1    365
 132      3    148     60    304
 133      3     90     60    304
 134      3     13     60    304
 135      3     87     60    304
 136      3     40     60    304
 137      5     38      1    196
 138      5     21      1    365
 139      3     11     60    304
 140      3    161     60    304
 141      3     90     60    304
 142      3    521     60    304
 143      3    441     60    304
 144      3    149     60    304
 145      3     11     60    304
 146      5    212      1    365
 147      3    695     60    304
 148      3    179     60    304
 149      3     30     60    304
 150      1     38      1    365
 151      1     98      1    365
 152      1     63      1    365
 153      3     44     60    304
 154      3     18     60    304
 155      5     49      1    365
 156      1    223      1    365
 157      1    228      1    365
 158      3    179     60    304
 159      5   2617      1    365
 160      5  10473      1    365
 161      5   3710      1    365
 162      1   1030      1    365
 163      1    418      1    365
 164      5      5      1    365
 165      5     64      1    365
 166      1     75     91    258
 167      5      7     60    274
 168      5     81     32    244
 169      5     21      1    365
 170      5     36      1    365
 171      3    157     60    304
 172      5     76     32    244
 173      5     13      1    365
 174      5   7190      1    365
 175      1     49      1    365
 176      3     46     60    304
 177      3    142     60    304
 178      3     78     60    304
 179      3     32     60    304
 180      3     37     60    304
 181      5     31      1    365
 182      3    909     60    304
 183      3    770     60    304
 184      3     28     60    304
 185      3     13     60    304
 186      3     40     60    304
 187      3     24     60    304
 188      3     81     60    304
 189      3   1717     60    304
 190      3    267     60    304
 191      3     91     60    304
 192      1    157     91    244
 193      1     23     91    244
 194      1     20      1    365
 195      3    394      1    365
 196      3     83     60    304
 197      3    216     60    304
 198      3    116     60    304
 199      5      3      1    365
 200      3    184     60    304
 201      5      9      1    365
 202      3     52     60    304
 203      5    168      1    365
 204      5     81      1    365
 205      5    263      1    365
 206      5     74      1    365
 207      5     70      1    365
 208      5     56      1    365
 209      3     31     60    304
 210      1     23     32    304
 211      5     44     91    161
 212      3    214     60    304
 213      3   1871     60    304
 214      3     15     60    304
 215      5     22     60    244
 216      1     26      1    365
 217      3    140     60    304
 218      5      7      1    365
 219      5     13      1    365
 220      3     30     60    304
 221      3    689      1    365
 222      5     71     60    244
 223      5      4      1    365
 224      5     64      1    365
 225      3    234     60    304
 226      3    107     60    304
 227      5    190      1    365
 228      5     31      1    365
 229      3     31     60    304
 230      3    587     60    304
 231      3   1280     60    304
 232      3    272     60    304
 233      1    114      1    365
 234      3     18     60    273
 235      3    294     60    304
 236      5    195      1    365
 237      5     56      1    365
 238      3    720     60    304
 239      3    247     60    304
 240      3     57     60    304
 241      5     24      1    365
 242      5     45      1    365
 243      1    141      1    365
 244      1    102      1    365
 245      1    107      1    365
 246      1     74      1    365
 247      5     49     60    213
 248      5      8      1    365
 249      5     40     60    244
 250      5   1650      1    365
 251      3    398     91    288
 252      5    226      1    365
 253      1     52      1    365
 254      3     24    105    273
 999      0      0      1    365
