   1      3    103     60    304
   2      3     62     60    304
   3      3     50     60    304
   4      3     21      1    365
   5      3   1302     60    304
   6      3   1743     60    304
   7      3   1605     60    304
   8      3      7      1    365
   9      3   3044     60    304
  10      3   3034     60    304
  11      3    301     60    304
  12      5    113      1    365
  13      5      9     60    182
  14      5     35     60    213
  15      5    113      1    365
  16      5     66     60    213
  17      5      4     91    365
  18      5    134     32    365
  19      5     34      1    365
  20      5    154     60    304
  21      5    172    121    244
  22      5     12     91    213
  23      5    662     60    274
  24      5     13     91    244
  25      5    210      1    258
  26      5    185     91    213
  27      5     13     91    244
  28      5     26     32    335
  29      5     49     60    244
  30      5    397     60    244
  31      1     39      1    365
  32      1     28      1    365
  33      1     60     60    213
  34      1     31     60    274
  35      1    130      1    365
  36      1     96      1    365
  37      1     16     60    244
  38      1     68      1    365
  39      1     27     32    244
  40      1     28      1    365
  41      1     92     32    244
  42      1    240     91    365
  43      1    115     60    365
  44      1    178     60    244
  45      1    221     91    244
  46      1     62     91    213
  47      1    269      1    274
  48      1     19     91    305
  49      1    317      1    258
  50      1    159     32    166
  51      1     86     60    166
  52      1     53      1    365
  53      1     82     60    293
  54      1     53     91    213
  55      1    120     60    152
  56      1    303     60    244
  57      1     51     60    304
  58      1    216     91    182
  59      1    102     60    182
  60      5     51      1    365
  61      5    325      1    365
  62      1    159      1    365
  63      5    127      1    365
  64      1     10      1    365
  65      1     72      1    365
  66      1    192      1    365
  67      1      7      1    365
  68      5    175      1    365
  69      5     61      1    365
  70      1     42      1    365
  71      1     96      1    365
  72      5     53      1    365
  73      1   1176      1    365
  74      3     49     60    304
  75      5     39      1    365
  76      1     31      1    365
  77      1     40      1    365
  78      1     68      1    365
  79      3     14     60    304
  80      1     71      1    365
  81      1     57      1    365
  82      3     33     60    304
  83      3     10     60    304
  84      5     22      1    365
  85      3      6     60    304
  86      3     12     60    304
  87      3     15     60    304
  88      3     20     60    304
  89      3     87     60    304
  90      3     53     60    304
  91      3     72     60    304
  92      1     57      1    365
  93      1     12      1    365
  94      3    277     60    304
  95      3    169     60    304
  96      1    120      1    365
  97      1     14      1    365
  98      3     81     60    304
  99      3     75     60    304
 100      3     24     60    304
 101      1     48      1    365
 102      1     40      1    365
 103      1     54      1    365
 104      1     40      1    365
 105      3      8     60    304
 106      3    159     60    304
 107      3     97     60    304
 108      3    125     60    304
 109      3     55     60    304
 110      3      7     60    304
 111      3     39     60    304
 112      1     35     60    244
 113      5     40      1    365
 114      3     48     60    304
 115      3     43     60    304
 116      3     28     60    304
 117      5    887      1    365
 118      3     11     60    304
 119      3     86     60    304
 120      3      1     60    304
 121      3      1     60    304
 122      3    462     60    304
 123      3     59     60    304
 124      3    830     60    304
 125      3    212     60    304
 126      3     47     60    304
 127      3    287     60    304
 128      3    488     60    304
 129      3    441     60    304
 130      3    301     60    304
 131      5     70      1    365
 132      3    205     60    304
 133      3     70     60    304
 134      3      7     60    304
 135      3     49     60    304
 136      3     40     60    304
 137      5     39      1    196
 138      5     22      1    365
 139      3     15     60    304
 140      3    174     60    304
 141      3     98     60    304
 142      3    724     60    304
 143      3    441     60    304
 144      3    117     60    304
 145      3     12     60    304
 146      5    265      1    365
 147      3    392     60    304
 148      3    141     60    304
 149      3     23     60    304
 150      1     34      1    365
 151      1     86      1    365
 152      1     58      1    365
 153      3     20     60    304
 154      3     18     60    304
 155      5     51      1    365
 156      1    206      1    365
 157      1    202      1    365
 158      3    141     60    304
 159      5   2693      1    365
 160      5  10779      1    365
 161      5   3818      1    365
 162      1    950      1    365
 163      1    209      1    365
 164      5      5      1    365
 165      5     79      1    365
 166      1     69     91    258
 167      5      8     60    274
 168      5     83     32    244
 169      5     22      1    365
 170      5     37      1    365
 171      3     71     60    304
 172      5     78     32    244
 173      5     39      1    365
 174      5   7401      1    365
 175      1     43      1    365
 176      3     64     60    304
 177      3     80     60    304
 178      3     35     60    304
 179      3     32     60    304
 180      3     17     60    304
 181      5     31      1    365
 182      3   1264     60    304
 183      3    770     60    304
 184      3     16     60    304
 185      3     13     60    304
 186      3     31     60    304
 187      3     33     60    304
 188      3     37     60    304
 189      3   2387     60    304
 190      3    371     60    304
 191      3    126     60    304
 192      1    145     91    244
 193      1     21     91    244
 194      1     19      1    365
 195      3    178      1    365
 196      3     38     60    304
 197      3    300     60    304
 198      3     65     60    304
 199      5      3      1    365
 200      3    104     60    304
 201      5     10      1    365
 202      3     30     60    304
 203      5    173      1    365
 204      5     83      1    365
 205      5    271      1    365
 206      5     76      1    365
 207      5     70      1    365
 208      5     57      1    365
 209      3     17     60    304
 210      1     21     32    304
 211      5    136     91    161
 212      3    121     60    304
 213      3   1056     60    304
 214      3     21     60    304
 215      5     23     60    244
 216      1     24      1    365
 217      3     79     60    304
 218      5     22      1    365
 219      5     39      1    365
 220      3     41     60    304
 221      3    745      1    365
 222      5    219     60    244
 223      5     13      1    365
 224      5    197      1    365
 225      3    132     60    304
 226      3    107     60    304
 227      5    196      1    365
 228      5     31      1    365
 229      3     17     60    304
 230      3    462     60    304
 231      3    579     60    304
 232      3    294     60    304
 233      1    105      1    365
 234      3     25     60    273
 235      3    133     60    304
 236      5    119      1    365
 237      5    175      1    365
 238      3    779     60    304
 239      3    267     60    304
 240      3     62     60    304
 241      5     25      1    365
 242      5     47      1    365
 243      1    130      1    365
 244      1     94      1    365
 245      1     98      1    365
 246      1     74      1    365
 247      5    154     60    213
 248      5     26      1    365
 249      5    123     60    244
 250      5   2078      1    365
 251      3    313     91    288
 252      5    702      1    365
 253      1     48      1    365
 254      3     33    105    273
 999      0      0      1    365
