   1      3     71     60    304
   2      3     72     60    304
   3      3     50     60    304
   4      3     15      1    365
   5      3   1514     60    304
   6      3   2027     60    304
   7      3   1605     60    304
   8      3      9      1    365
   9      3   3539     60    304
  10      3   3528     60    304
  11      3    349     60    304
  12      5    108      1    365
  13      5      7     60    182
  14      5     33     60    213
  15      5    108      1    365
  16      5     42     60    213
  17      5      4     91    365
  18      5    129     32    365
  19      5     32      1    365
  20      5    130     60    304
  21      5    110    121    244
  22      5     24     91    213
  23      5    421     60    274
  24      5     11     91    244
  25      5    202      1    258
  26      5    118     91    213
  27      5      8     91    244
  28      5     25     32    335
  29      5     47     60    244
  30      5    253     60    244
  31      1     69      1    365
  32      1     50      1    365
  33      1    108     60    213
  34      1     55     60    274
  35      1    235      1    365
  36      1    172      1    365
  37      1     29     60    244
  38      1    122      1    365
  39      1     48     32    244
  40      1     50      1    365
  41      1    165     32    244
  42      1    141     91    365
  43      1     68     60    365
  44      1    104     60    244
  45      1    129     91    244
  46      1     37     91    213
  47      1    158      1    274
  48      1     11     91    305
  49      1    186      1    258
  50      1     93     32    166
  51      1     51     60    166
  52      1     31      1    365
  53      1     48     60    293
  54      1     31     91    213
  55      1     70     60    152
  56      1    177     60    244
  57      1    225     60    304
  58      1    127     91    182
  59      1    184     60    182
  60      5     49      1    365
  61      5    274      1    365
  62      1    287      1    365
  63      5    107      1    365
  64      1      6      1    365
  65      1     42      1    365
  66      1    113      1    365
  67      1     12      1    365
  68      5    148      1    365
  69      5     52      1    365
  70      1     77      1    365
  71      1     56      1    365
  72      5     44      1    365
  73      1   1331      1    365
  74      3     34     60    304
  75      5     33      1    365
  76      1    137      1    365
  77      1    175      1    365
  78      1    300      1    365
  79      3     16     60    304
  80      1    312      1    365
  81      1    250      1    365
  82      3     23     60    304
  83      3      7     60    304
  84      5     19      1    365
  85      3      7     60    304
  86      3     14     60    304
  87      3     18     60    304
  88      3     14     60    304
  89      3     60     60    304
  90      3     53     60    304
  91      3     83     60    304
  92      1    103      1    365
  93      1     22      1    365
  94      3    191     60    304
  95      3    169     60    304
  96      1     70      1    365
  97      1      8      1    365
  98      3     94     60    304
  99      3     87     60    304
 100      3     28     60    304
 101      1    212      1    365
 102      1    175      1    365
 103      1    237      1    365
 104      1     72      1    365
 105      3      9     60    304
 106      3    109     60    304
 107      3     97     60    304
 108      3     82     60    304
 109      3     36     60    304
 110      3      7     60    304
 111      3     45     60    304
 112      1     62     60    244
 113      5     25      1    365
 114      3     55     60    304
 115      3     43     60    304
 116      3     32     60    304
 117      5    565      1    365
 118      3      8     60    304
 119      3     56     60    304
 120      3      1     60    304
 121      3      1     60    304
 122      3    303     60    304
 123      3     59     60    304
 124      3    965     60    304
 125      3    246     60    304
 126      3     31     60    304
 127      3    333     60    304
 128      3    567     60    304
 129      3    513     60    304
 130      3    349     60    304
 131      5     59      1    365
 132      3    141     60    304
 133      3     46     60    304
 134      3      9     60    304
 135      3     57     60    304
 136      3     40     60    304
 137      5     37      1    196
 138      5     21      1    365
 139      3     10     60    304
 140      3    202     60    304
 141      3    114     60    304
 142      3    497     60    304
 143      3    441     60    304
 144      3     77     60    304
 145      3     14     60    304
 146      5    169      1    365
 147      3    455     60    304
 148      3     92     60    304
 149      3     15     60    304
 150      1     20      1    365
 151      1     51      1    365
 152      1    105      1    365
 153      3     23     60    304
 154      3     18     60    304
 155      5     49      1    365
 156      1    371      1    365
 157      1    118      1    365
 158      3     92     60    304
 159      5   2587      1    365
 160      5  10352      1    365
 161      5   3667      1    365
 162      1   1711      1    365
 163      1    923      1    365
 164      5      5      1    365
 165      5     51      1    365
 166      1    124     91    258
 167      5      7     60    274
 168      5     80     32    244
 169      5     21      1    365
 170      5     35      1    365
 171      3     82     60    304
 172      5     75     32    244
 173      5     33      1    365
 174      5   7107      1    365
 175      1     25      1    365
 176      3     44     60    304
 177      3     93     60    304
 178      3     41     60    304
 179      3     32     60    304
 180      3     19     60    304
 181      5     30      1    365
 182      3    868     60    304
 183      3    770     60    304
 184      3     19     60    304
 185      3     13     60    304
 186      3     21     60    304
 187      3     23     60    304
 188      3     42     60    304
 189      3   1639     60    304
 190      3    255     60    304
 191      3     87     60    304
 192      1    261     91    244
 193      1     38     91    244
 194      1     34      1    365
 195      3    207      1    365
 196      3     44     60    304
 197      3    206     60    304
 198      3     76     60    304
 199      5      3      1    365
 200      3    120     60    304
 201      5      9      1    365
 202      3     34     60    304
 203      5    166      1    365
 204      5     80      1    365
 205      5    260      1    365
 206      5     73      1    365
 207      5     70      1    365
 208      5     55      1    365
 209      3     20     60    304
 210      1     38     32    304
 211      5    115     91    161
 212      3    140     60    304
 213      3   1225     60    304
 214      3     15     60    304
 215      5     22     60    244
 216      1     43      1    365
 217      3     92     60    304
 218      5     19      1    365
 219      5     33      1    365
 220      3     28     60    304
 221      3    866      1    365
 222      5    185     60    244
 223      5     11      1    365
 224      5    167      1    365
 225      3    153     60    304
 226      3    107     60    304
 227      5    188      1    365
 228      5     30      1    365
 229      3     20     60    304
 230      3    303     60    304
 231      3    671     60    304
 232      3    342     60    304
 233      1    189      1    365
 234      3     17     60    273
 235      3    154     60    304
 236      5    241      1    365
 237      5    148      1    365
 238      3    905     60    304
 239      3    311     60    304
 240      3     72     60    304
 241      5     24      1    365
 242      5     45      1    365
 243      1    235      1    365
 244      1    170      1    365
 245      1    177      1    365
 246      1     74      1    365
 247      5    130     60    213
 248      5     22      1    365
 249      5    104     60    244
 250      5    742      1    365
 251      3    205     91    288
 252      5    592      1    365
 253      1     86      1    365
 254      3     23    105    273
 999      0      0      1    365
