   1      3    101     60    304
   2      3     76     60    304
   3      3     50     60    304
   4      3     21      1    365
   5      3   1312     60    304
   6      3   1757     60    304
   7      3   1605     60    304
   8      3      9      1    365
   9      3   3068     60    304
  10      3   3058     60    304
  11      3    546     60    304
  12      5    113      1    365
  13      5      6     60    182
  14      5     35     60    213
  15      5    113      1    365
  16      5     32     60    213
  17      5      3     91    365
  18      5    135     32    365
  19      5     34      1    365
  20      5    100     60    304
  21      5     82    121    244
  22      5     12     91    213
  23      5    316     60    274
  24      5      9     91    244
  25      5    212      1    258
  26      5     88     91    213
  27      5      6     91    244
  28      5     26     32    335
  29      5     49     60    244
  30      5    189     60    244
  31      1     49      1    365
  32      1     36      1    365
  33      1     76     60    213
  34      1     39     60    274
  35      1    166      1    365
  36      1    122      1    365
  37      1     20     60    244
  38      1     86      1    365
  39      1     34     32    244
  40      1     36      1    365
  41      1    117     32    244
  42      1    261     91    365
  43      1    125     60    365
  44      1    193     60    244
  45      1    240     91    244
  46      1     68     91    213
  47      1    292      1    274
  48      1     21     91    305
  49      1    344      1    258
  50      1    172     32    166
  51      1     94     60    166
  52      1     57      1    365
  53      1     89     60    293
  54      1     57     91    213
  55      1    130     60    152
  56      1    329     60    244
  57      1    192     60    304
  58      1    235     91    182
  59      1    130     60    182
  60      5     51      1    365
  61      5    211      1    365
  62      1    203      1    365
  63      5     83      1    365
  64      1     10      1    365
  65      1     78      1    365
  66      1    209      1    365
  67      1      8      1    365
  68      5    114      1    365
  69      5     40      1    365
  70      1     54      1    365
  71      1    104      1    365
  72      5     34      1    365
  73      1   1799      1    365
  74      3     48     60    304
  75      5     26      1    365
  76      1    117      1    365
  77      1    149      1    365
  78      1    256      1    365
  79      3     17     60    304
  80      1    266      1    365
  81      1    213      1    365
  82      3     32     60    304
  83      3     10     60    304
  84      5     14      1    365
  85      3      8     60    304
  86      3     15     60    304
  87      3     28     60    304
  88      3     19     60    304
  89      3     85     60    304
  90      3     53     60    304
  91      3     89     60    304
  92      1     73      1    365
  93      1     15      1    365
  94      3    270     60    304
  95      3    169     60    304
  96      1    130      1    365
  97      1     16      1    365
  98      3    147     60    304
  99      3    137     60    304
 100      3     24     60    304
 101      1    181      1    365
 102      1    149      1    365
 103      1    202      1    365
 104      1     51      1    365
 105      3     14     60    304
 106      3    155     60    304
 107      3     97     60    304
 108      3     18     60    304
 109      3      8     60    304
 110      3      7     60    304
 111      3     70     60    304
 112      1     44     60    244
 113      5     19      1    365
 114      3     86     60    304
 115      3     43     60    304
 116      3     50     60    304
 117      5    423      1    365
 118      3     11     60    304
 119      3     12     60    304
 120      3      2     60    304
 121      3      1     60    304
 122      3     65     60    304
 123      3     59     60    304
 124      3    836     60    304
 125      3    386     60    304
 126      3      7     60    304
 127      3    356     60    304
 128      3    491     60    304
 129      3    444     60    304
 130      3    546     60    304
 131      5     46      1    365
 132      3    199     60    304
 133      3     10     60    304
 134      3      9     60    304
 135      3     61     60    304
 136      3     40     60    304
 137      5     39      1    196
 138      5     22      1    365
 139      3     14     60    304
 140      3    175     60    304
 141      3     98     60    304
 142      3    704     60    304
 143      3    441     60    304
 144      3     17     60    304
 145      3     12     60    304
 146      5    126      1    365
 147      3    486     60    304
 148      3     20     60    304
 149      3      3     60    304
 150      1     37      1    365
 151      1     94      1    365
 152      1     74      1    365
 153      3     36     60    304
 154      3     18     60    304
 155      5     51      1    365
 156      1    262      1    365
 157      1    219      1    365
 158      3     20     60    304
 159      5   2714      1    365
 160      5  10862      1    365
 161      5   3847      1    365
 162      1   1209      1    365
 163      1    788      1    365
 164      5      5      1    365
 165      5     38      1    365
 166      1     88     91    258
 167      5      8     60    274
 168      5     84     32    244
 169      5     22      1    365
 170      5     37      1    365
 171      3    129     60    304
 172      5     79     32    244
 173      5     26      1    365
 174      5   7457      1    365
 175      1     47      1    365
 176      3     62     60    304
 177      3     99     60    304
 178      3     64     60    304
 179      3     32     60    304
 180      3     30     60    304
 181      5     32      1    365
 182      3   1229     60    304
 183      3    770     60    304
 184      3     20     60    304
 185      3     13     60    304
 186      3      4     60    304
 187      3     32     60    304
 188      3     66     60    304
 189      3   2320     60    304
 190      3    361     60    304
 191      3    123     60    304
 192      1    184     91    244
 193      1     27     91    244
 194      1     24      1    365
 195      3    323      1    365
 196      3     68     60    304
 197      3    292     60    304
 198      3     81     60    304
 199      5      3      1    365
 200      3    128     60    304
 201      5     10      1    365
 202      3     37     60    304
 203      5    175      1    365
 204      5     84      1    365
 205      5    273      1    365
 206      5     76      1    365
 207      5     70      1    365
 208      5     58      1    365
 209      3     21     60    304
 210      1     27     32    304
 211      5     88     91    161
 212      3    150     60    304
 213      3   1307     60    304
 214      3     21     60    304
 215      5     23     60    244
 216      1     30      1    365
 217      3     98     60    304
 218      5     14      1    365
 219      5     26      1    365
 220      3     40     60    304
 221      3    751      1    365
 222      5    142     60    244
 223      5      9      1    365
 224      5    128      1    365
 225      3    163     60    304
 226      3    107     60    304
 227      5    197      1    365
 228      5     32      1    365
 229      3     21     60    304
 230      3     65     60    304
 231      3   1050     60    304
 232      3    297     60    304
 233      1    134      1    365
 234      3     24     60    273
 235      3    241     60    304
 236      5    127      1    365
 237      5    114      1    365
 238      3    785     60    304
 239      3    269     60    304
 240      3     62     60    304
 241      5     25      1    365
 242      5     47      1    365
 243      1    166      1    365
 244      1    120      1    365
 245      1    125      1    365
 246      1     74      1    365
 247      5    100     60    213
 248      5     17      1    365
 249      5     80     60    244
 250      5    155      1    365
 251      3     44     91    288
 252      5    456      1    365
 253      1     61      1    365
 254      3     32    105    273
 999      0      0      1    365
