   1      3     93     60    304
   2      3     94     60    304
   3      3     50     60    304
   4      3     19      1    365
   5      3   1319     60    304
   6      3   1766     60    304
   7      3   1605     60    304
   8      3     11      1    365
   9      3   3084     60    304
  10      3   3074     60    304
  11      3    335     60    304
  12      5    114      1    365
  13      5      8     60    182
  14      5     35     60    213
  15      5    114      1    365
  16      5      8     60    213
  17      5      4     91    365
  18      5    136     32    365
  19      5     34      1    365
  20      5    148     60    304
  21      5     20    121    244
  22      5    196     91    213
  23      5     78     60    274
  24      5     13     91    244
  25      5    212      1    258
  26      5     22     91    213
  27      5      2     91    244
  28      5     26     32    335
  29      5     49     60    244
  30      5     47     60    244
  31      1     58      1    365
  32      1     42      1    365
  33      1     90     60    213
  34      1     46     60    274
  35      1    196      1    365
  36      1    144      1    365
  37      1     24     60    244
  38      1    102      1    365
  39      1     40     32    244
  40      1     42      1    365
  41      1    138     32    244
  42      1    180     91    365
  43      1     87     60    365
  44      1    134     60    244
  45      1    166     91    244
  46      1     47     91    213
  47      1    202      1    274
  48      1     14     91    305
  49      1    238      1    258
  50      1    119     32    166
  51      1     65     60    166
  52      1     40      1    365
  53      1     61     60    293
  54      1     40     91    213
  55      1     90     60    152
  56      1    227     60    244
  57      1     46     60    304
  58      1    162     91    182
  59      1    154     60    182
  60      5     51      1    365
  61      5    313      1    365
  62      1    240      1    365
  63      5    123      1    365
  64      1      7      1    365
  65      1     54      1    365
  66      1    144      1    365
  67      1     10      1    365
  68      5    169      1    365
  69      5     59      1    365
  70      1     64      1    365
  71      1     72      1    365
  72      5     51      1    365
  73      1    790      1    365
  74      3     44     60    304
  75      5     38      1    365
  76      1     28      1    365
  77      1     35      1    365
  78      1     61      1    365
  79      3     21     60    304
  80      1     63      1    365
  81      1     51      1    365
  82      3     29     60    304
  83      3      9     60    304
  84      5     21      1    365
  85      3      9     60    304
  86      3     19     60    304
  87      3     17     60    304
  88      3     18     60    304
  89      3     78     60    304
  90      3     53     60    304
  91      3    109     60    304
  92      1     86      1    365
  93      1     18      1    365
  94      3    249     60    304
  95      3    169     60    304
  96      1     90      1    365
  97      1     11      1    365
  98      3     90     60    304
  99      3     84     60    304
 100      3     24     60    304
 101      1     43      1    365
 102      1     35      1    365
 103      1     48      1    365
 104      1     60      1    365
 105      3      9     60    304
 106      3    143     60    304
 107      3     97     60    304
 108      3    125     60    304
 109      3     55     60    304
 110      3      7     60    304
 111      3     43     60    304
 112      1     52     60    244
 113      5      5      1    365
 114      3     53     60    304
 115      3     43     60    304
 116      3     31     60    304
 117      5    105      1    365
 118      3     10     60    304
 119      3     86     60    304
 120      3      2     60    304
 121      3      1     60    304
 122      3    463     60    304
 123      3     59     60    304
 124      3    841     60    304
 125      3    237     60    304
 126      3     47     60    304
 127      3    438     60    304
 128      3    494     60    304
 129      3    447     60    304
 130      3    335     60    304
 131      5     68      1    365
 132      3    184     60    304
 133      3     71     60    304
 134      3     11     60    304
 135      3     75     60    304
 136      3     40     60    304
 137      5     39      1    196
 138      5     22      1    365
 139      3     13     60    304
 140      3    176     60    304
 141      3     99     60    304
 142      3    649     60    304
 143      3    441     60    304
 144      3    118     60    304
 145      3     12     60    304
 146      5     31      1    365
 147      3    598     60    304
 148      3    141     60    304
 149      3     24     60    304
 150      1     25      1    365
 151      1     65      1    365
 152      1     88      1    365
 153      3     22     60    304
 154      3     18     60    304
 155      5     51      1    365
 156      1    310      1    365
 157      1    152      1    365
 158      3    141     60    304
 159      5   2723      1    365
 160      5  10899      1    365
 161      5   3861      1    365
 162      1   1431      1    365
 163      1    187      1    365
 164      5      5      1    365
 165      5      9      1    365
 166      1    104     91    258
 167      5      8     60    274
 168      5     84     32    244
 169      5     22      1    365
 170      5     37      1    365
 171      3     79     60    304
 172      5     79     32    244
 173      5     38      1    365
 174      5   7482      1    365
 175      1     32      1    365
 176      3     57     60    304
 177      3    122     60    304
 178      3     39     60    304
 179      3     32     60    304
 180      3     18     60    304
 181      5     32      1    365
 182      3   1134     60    304
 183      3    770     60    304
 184      3     24     60    304
 185      3     13     60    304
 186      3     31     60    304
 187      3     29     60    304
 188      3     41     60    304
 189      3   2140     60    304
 190      3    333     60    304
 191      3    113     60    304
 192      1    218     91    244
 193      1     32     91    244
 194      1     28      1    365
 195      3    199      1    365
 196      3     42     60    304
 197      3    269     60    304
 198      3    100     60    304
 199      5      3      1    365
 200      3    158     60    304
 201      5     10      1    365
 202      3     45     60    304
 203      5    175      1    365
 204      5     84      1    365
 205      5    274      1    365
 206      5     77      1    365
 207      5     70      1    365
 208      5     58      1    365
 209      3     26     60    304
 210      1     32     32    304
 211      5    131     91    161
 212      3    184     60    304
 213      3   1609     60    304
 214      3     19     60    304
 215      5     23     60    244
 216      1     36      1    365
 217      3    120     60    304
 218      5     21      1    365
 219      5     38      1    365
 220      3     37     60    304
 221      3    755      1    365
 222      5    211     60    244
 223      5     13      1    365
 224      5    190      1    365
 225      3    201     60    304
 226      3    107     60    304
 227      5    198      1    365
 228      5     32      1    365
 229      3     26     60    304
 230      3    463     60    304
 231      3    645     60    304
 232      3    298     60    304
 233      1    158      1    365
 234      3     22     60    273
 235      3    148     60    304
 236      5   2007      1    365
 237      5    169      1    365
 238      3    789     60    304
 239      3    271     60    304
 240      3     63     60    304
 241      5     25      1    365
 242      5     47      1    365
 243      1    196      1    365
 244      1    142      1    365
 245      1    148      1    365
 246      1     74      1    365
 247      5    148     60    213
 248      5     25      1    365
 249      5    118     60    244
 250      5    843      1    365
 251      3    314     91    288
 252      5    677      1    365
 253      1     72      1    365
 254      3     29    105    273
 999      0      0      1    365
