   1      3     79     60    304
   2      3     51     60    304
   3      3     50     60    304
   4      3     16      1    365
   5      3   1204     60    304
   6      3   1611     60    304
   7      3   1605     60    304
   8      3      6      1    365
   9      3   2814     60    304
  10      3   2805     60    304
  11      3    622     60    304
  12      5    112      1    365
  13      5      9     60    182
  14      5     35     60    213
  15      5    112      1    365
  16      5     45     60    213
  17      5      5     91    365
  18      5    134     32    365
  19      5     34      1    365
  20      5    163     60    304
  21      5    116    121    244
  22      5     22     91    213
  23      5    445     60    274
  24      5     14     91    244
  25      5    210      1    258
  26      5    125     91    213
  27      5      9     91    244
  28      5     26     32    335
  29      5     49     60    244
  30      5    267     60    244
  31      1     50      1    365
  32      1     37      1    365
  33      1     78     60    213
  34      1     40     60    274
  35      1    171      1    365
  36      1    125      1    365
  37      1     21     60    244
  38      1     89      1    365
  39      1     35     32    244
  40      1     37      1    365
  41      1    120     32    244
  42      1    216     91    365
  43      1    104     60    365
  44      1    160     60    244
  45      1    199     91    244
  46      1     56     91    213
  47      1    242      1    274
  48      1     17     91    305
  49      1    286      1    258
  50      1    143     32    166
  51      1     78     60    166
  52      1     48      1    365
  53      1     74     60    293
  54      1     48     91    213
  55      1    108     60    152
  56      1    273     60    244
  57      1     26     60    304
  58      1    195     91    182
  59      1    134     60    182
  60      5     51      1    365
  61      5    344      1    365
  62      1    209      1    365
  63      5    135      1    365
  64      1      9      1    365
  65      1     65      1    365
  66      1    173      1    365
  67      1      9      1    365
  68      5    186      1    365
  69      5     65      1    365
  70      1     56      1    365
  71      1     87      1    365
  72      5     56      1    365
  73      1   2188      1    365
  74      3     38     60    304
  75      5     42      1    365
  76      1     16      1    365
  77      1     20      1    365
  78      1     34      1    365
  79      3     11     60    304
  80      1     35      1    365
  81      1     28      1    365
  82      3     25     60    304
  83      3      8     60    304
  84      5     23      1    365
  85      3      5     60    304
  86      3     10     60    304
  87      3     32     60    304
  88      3     15     60    304
  89      3     66     60    304
  90      3     53     60    304
  91      3     59     60    304
  92      1     75      1    365
  93      1     16      1    365
  94      3    211     60    304
  95      3    169     60    304
  96      1    108      1    365
  97      1     13      1    365
  98      3    167     60    304
  99      3    156     60    304
 100      3     22     60    304
 101      1     24      1    365
 102      1     20      1    365
 103      1     27      1    365
 104      1     52      1    365
 105      3     16     60    304
 106      3    121     60    304
 107      3     97     60    304
 108      3    146     60    304
 109      3     64     60    304
 110      3      7     60    304
 111      3     80     60    304
 112      1     45     60    244
 113      5     27      1    365
 114      3     98     60    304
 115      3     43     60    304
 116      3     57     60    304
 117      5    597      1    365
 118      3      9     60    304
 119      3    101     60    304
 120      3      1     60    304
 121      3      1     60    304
 122      3    539     60    304
 123      3     59     60    304
 124      3    767     60    304
 125      3    439     60    304
 126      3     55     60    304
 127      3    238     60    304
 128      3    451     60    304
 129      3    408     60    304
 130      3    622     60    304
 131      5     74      1    365
 132      3    156     60    304
 133      3     82     60    304
 134      3      6     60    304
 135      3     41     60    304
 136      3     40     60    304
 137      5     39      1    196
 138      5     22      1    365
 139      3     11     60    304
 140      3    161     60    304
 141      3     90     60    304
 142      3    552     60    304
 143      3    441     60    304
 144      3    137     60    304
 145      3     11     60    304
 146      5    178      1    365
 147      3    325     60    304
 148      3    165     60    304
 149      3     27     60    304
 150      1     30      1    365
 151      1     78      1    365
 152      1     77      1    365
 153      3     41     60    304
 154      3     18     60    304
 155      5     51      1    365
 156      1    270      1    365
 157      1    182      1    365
 158      3    165     60    304
 159      5   2690      1    365
 160      5  10766      1    365
 161      5   3814      1    365
 162      1   1245      1    365
 163      1    105      1    365
 164      5      5      1    365
 165      5     53      1    365
 166      1     91     91    258
 167      5      8     60    274
 168      5     83     32    244
 169      5     22      1    365
 170      5     37      1    365
 171      3    146     60    304
 172      5     78     32    244
 173      5     42      1    365
 174      5   7391      1    365
 175      1     39      1    365
 176      3     49     60    304
 177      3     67     60    304
 178      3     73     60    304
 179      3     32     60    304
 180      3     34     60    304
 181      5     31      1    365
 182      3    963     60    304
 183      3    770     60    304
 184      3     13     60    304
 185      3     13     60    304
 186      3     37     60    304
 187      3     25     60    304
 188      3     75     60    304
 189      3   1819     60    304
 190      3    283     60    304
 191      3     96     60    304
 192      1    190     91    244
 193      1     28     91    244
 194      1     24      1    365
 195      3    368      1    365
 196      3     78     60    304
 197      3    229     60    304
 198      3     54     60    304
 199      5      3      1    365
 200      3     86     60    304
 201      5     10      1    365
 202      3     25     60    304
 203      5    173      1    365
 204      5     83      1    365
 205      5    270      1    365
 206      5     76      1    365
 207      5     70      1    365
 208      5     57      1    365
 209      3     14     60    304
 210      1     28     32    304
 211      5    144     91    161
 212      3    100     60    304
 213      3    876     60    304
 214      3     16     60    304
 215      5     23     60    244
 216      1     31      1    365
 217      3     65     60    304
 218      5     23      1    365
 219      5     42      1    365
 220      3     31     60    304
 221      3    689      1    365
 222      5    232     60    244
 223      5     14      1    365
 224      5    209      1    365
 225      3    110     60    304
 226      3    107     60    304
 227      5    196      1    365
 228      5     31      1    365
 229      3     14     60    304
 230      3    539     60    304
 231      3   1196     60    304
 232      3    272     60    304
 233      1    138      1    365
 234      3     19     60    273
 235      3    275     60    304
 236      5    221      1    365
 237      5    186      1    365
 238      3    720     60    304
 239      3    247     60    304
 240      3     57     60    304
 241      5     25      1    365
 242      5     46      1    365
 243      1    171      1    365
 244      1    124      1    365
 245      1    129      1    365
 246      1     74      1    365
 247      5    163     60    213
 248      5     28      1    365
 249      5    130     60    244
 250      5   1695      1    365
 251      3    366     91    288
 252      5    744      1    365
 253      1     63      1    365
 254      3     25    105    273
 999      0      0      1    365
