   1      3     98     60    304
   2      3    104     60    304
   3      3     50     60    304
   4      3     20      1    365
   5      3   1206     60    304
   6      3   1614     60    304
   7      3   1605     60    304
   8      3     13      1    365
   9      3   2819     60    304
  10      3   2810     60    304
  11      3    294     60    304
  12      5    112      1    365
  13      5      5     60    182
  14      5     35     60    213
  15      5    112      1    365
  16      5     36     60    213
  17      5      3     91    365
  18      5    134     32    365
  19      5     33      1    365
  20      5     89     60    304
  21      5     92    121    244
  22      5     20     91    213
  23      5    356     60    274
  24      5      8     91    244
  25      5    209      1    258
  26      5    100     91    213
  27      5      7     91    244
  28      5     26     32    335
  29      5     49     60    244
  30      5    213     60    244
  31      1     37      1    365
  32      1     27      1    365
  33      1     58     60    213
  34      1     29     60    274
  35      1    126      1    365
  36      1     92      1    365
  37      1     15     60    244
  38      1     65      1    365
  39      1     26     32    244
  40      1     27      1    365
  41      1     88     32    244
  42      1    135     91    365
  43      1     65     60    365
  44      1    100     60    244
  45      1    124     91    244
  46      1     35     91    213
  47      1    151      1    274
  48      1     11     91    305
  49      1    179      1    258
  50      1     89     32    166
  51      1     49     60    166
  52      1     30      1    365
  53      1     46     60    293
  54      1     30     91    213
  55      1     68     60    152
  56      1    170     60    244
  57      1    202     60    304
  58      1    122     91    182
  59      1     99     60    182
  60      5     51      1    365
  61      5    187      1    365
  62      1    154      1    365
  63      5     73      1    365
  64      1      5      1    365
  65      1     41      1    365
  66      1    108      1    365
  67      1      6      1    365
  68      5    101      1    365
  69      5     35      1    365
  70      1     41      1    365
  71      1     54      1    365
  72      5     30      1    365
  73      1   2121      1    365
  74      3     47     60    304
  75      5     23      1    365
  76      1    123      1    365
  77      1    157      1    365
  78      1    269      1    365
  79      3     23     60    304
  80      1    281      1    365
  81      1    224      1    365
  82      3     31     60    304
  83      3      9     60    304
  84      5     13      1    365
  85      3     10     60    304
  86      3     21     60    304
  87      3     15     60    304
  88      3     19     60    304
  89      3     82     60    304
  90      3     53     60    304
  91      3    121     60    304
  92      1     55      1    365
  93      1     12      1    365
  94      3    263     60    304
  95      3    169     60    304
  96      1     68      1    365
  97      1      8      1    365
  98      3     79     60    304
  99      3     73     60    304
 100      3     22     60    304
 101      1    191      1    365
 102      1    157      1    365
 103      1    213      1    365
 104      1     38      1    365
 105      3      8     60    304
 106      3    151     60    304
 107      3     97     60    304
 108      3    165     60    304
 109      3     72     60    304
 110      3      7     60    304
 111      3     38     60    304
 112      1     33     60    244
 113      5     21      1    365
 114      3     46     60    304
 115      3     43     60    304
 116      3     27     60    304
 117      5    476      1    365
 118      3     11     60    304
 119      3    114     60    304
 120      3      2     60    304
 121      3      1     60    304
 122      3    609     60    304
 123      3     59     60    304
 124      3    768     60    304
 125      3    207     60    304
 126      3     62     60    304
 127      3    487     60    304
 128      3    452     60    304
 129      3    408     60    304
 130      3    294     60    304
 131      5     40      1    365
 132      3    194     60    304
 133      3     93     60    304
 134      3     13     60    304
 135      3     84     60    304
 136      3     40     60    304
 137      5     39      1    196
 138      5     22      1    365
 139      3     14     60    304
 140      3    161     60    304
 141      3     91     60    304
 142      3    685     60    304
 143      3    441     60    304
 144      3    155     60    304
 145      3     11     60    304
 146      5    142      1    365
 147      3    664     60    304
 148      3    186     60    304
 149      3     31     60    304
 150      1     19      1    365
 151      1     49      1    365
 152      1     56      1    365
 153      3     19     60    304
 154      3     18     60    304
 155      5     51      1    365
 156      1    199      1    365
 157      1    114      1    365
 158      3    186     60    304
 159      5   2686      1    365
 160      5  10748      1    365
 161      5   3807      1    365
 162      1    917      1    365
 163      1    831      1    365
 164      5      5      1    365
 165      5     43      1    365
 166      1     67     91    258
 167      5      8     60    274
 168      5     83     32    244
 169      5     22      1    365
 170      5     37      1    365
 171      3     69     60    304
 172      5     78     32    244
 173      5     23      1    365
 174      5   7379      1    365
 175      1     24      1    365
 176      3     61     60    304
 177      3    136     60    304
 178      3     35     60    304
 179      3     32     60    304
 180      3     16     60    304
 181      5     31      1    365
 182      3   1196     60    304
 183      3    770     60    304
 184      3     27     60    304
 185      3     13     60    304
 186      3     41     60    304
 187      3     31     60    304
 188      3     36     60    304
 189      3   2259     60    304
 190      3    351     60    304
 191      3    120     60    304
 192      1    140     91    244
 193      1     21     91    244
 194      1     18      1    365
 195      3    174      1    365
 196      3     37     60    304
 197      3    284     60    304
 198      3    111     60    304
 199      5      3      1    365
 200      3    175     60    304
 201      5     10      1    365
 202      3     50     60    304
 203      5    173      1    365
 204      5     83      1    365
 205      5    270      1    365
 206      5     76      1    365
 207      5     70      1    365
 208      5     57      1    365
 209      3     29     60    304
 210      1     21     32    304
 211      5     78     91    161
 212      3    205     60    304
 213      3   1788     60    304
 214      3     20     60    304
 215      5     23     60    244
 216      1     23      1    365
 217      3    134     60    304
 218      5     13      1    365
 219      5     23      1    365
 220      3     39     60    304
 221      3    690      1    365
 222      5    127     60    244
 223      5      8      1    365
 224      5    114      1    365
 225      3    224     60    304
 226      3    107     60    304
 227      5    195      1    365
 228      5     31      1    365
 229      3     29     60    304
 230      3    609     60    304
 231      3    564     60    304
 232      3    273     60    304
 233      1    101      1    365
 234      3     23     60    273
 235      3    130     60    304
 236      5    209      1    365
 237      5    101      1    365
 238      3    721     60    304
 239      3    247     60    304
 240      3     57     60    304
 241      5     25      1    365
 242      5     46      1    365
 243      1    126      1    365
 244      1     91      1    365
 245      1     95      1    365
 246      1     74      1    365
 247      5     89     60    213
 248      5     15      1    365
 249      5     71     60    244
 250      5   2106      1    365
 251      3    413     91    288
 252      5    405      1    365
 253      1     46      1    365
 254      3     31    105    273
 999      0      0      1    365
