   1      3     92     60    304
   2      3     91     60    304
   3      3     50     60    304
   4      3     19      1    365
   5      3   1291     60    304
   6      3   1728     60    304
   7      3   1605     60    304
   8      3     11      1    365
   9      3   3018     60    304
  10      3   3009     60    304
  11      3    343     60    304
  12      5    110      1    365
  13      5      7     60    182
  14      5     34     60    213
  15      5    110      1    365
  16      5     47     60    213
  17      5      3     91    365
  18      5    132     32    365
  19      5     33      1    365
  20      5    118     60    304
  21      5    121    121    244
  22      5    174     91    213
  23      5    466     60    274
  24      5     10     91    244
  25      5    206      1    258
  26      5    130     91    213
  27      5      9     91    244
  28      5     25     32    335
  29      5     48     60    244
  30      5    279     60    244
  31      1     52      1    365
  32      1     38      1    365
  33      1     81     60    213
  34      1     42     60    274
  35      1    177      1    365
  36      1    130      1    365
  37      1     22     60    244
  38      1     92      1    365
  39      1     36     32    244
  40      1     38      1    365
  41      1    125     32    244
  42      1    118     91    365
  43      1     57     60    365
  44      1     87     60    244
  45      1    108     91    244
  46      1     31     91    213
  47      1    132      1    274
  48      1      9     91    305
  49      1    155      1    258
  50      1     78     32    166
  51      1     42     60    166
  52      1     26      1    365
  53      1     40     60    293
  54      1     26     91    213
  55      1     59     60    152
  56      1    148     60    244
  57      1     70     60    304
  58      1    106     91    182
  59      1    139     60    182
  60      5     50      1    365
  61      5    249      1    365
  62      1    217      1    365
  63      5     98      1    365
  64      1      5      1    365
  65      1     35      1    365
  66      1     94      1    365
  67      1      9      1    365
  68      5    135      1    365
  69      5     47      1    365
  70      1     58      1    365
  71      1     47      1    365
  72      5     40      1    365
  73      1   1874      1    365
  74      3     44     60    304
  75      5     30      1    365
  76      1     43      1    365
  77      1     55      1    365
  78      1     94      1    365
  79      3     20     60    304
  80      1     98      1    365
  81      1     78      1    365
  82      3     29     60    304
  83      3      9     60    304
  84      5     17      1    365
  85      3      9     60    304
  86      3     18     60    304
  87      3     18     60    304
  88      3     17     60    304
  89      3     77     60    304
  90      3     53     60    304
  91      3    106     60    304
  92      1     78      1    365
  93      1     16      1    365
  94      3    246     60    304
  95      3    169     60    304
  96      1     59      1    365
  97      1      7      1    365
  98      3     92     60    304
  99      3     86     60    304
 100      3     24     60    304
 101      1     66      1    365
 102      1     55      1    365
 103      1     74      1    365
 104      1     54      1    365
 105      3      9     60    304
 106      3    141     60    304
 107      3     97     60    304
 108      3     97     60    304
 109      3     42     60    304
 110      3      7     60    304
 111      3     44     60    304
 112      1     47     60    244
 113      5     28      1    365
 114      3     54     60    304
 115      3     43     60    304
 116      3     31     60    304
 117      5    624      1    365
 118      3     10     60    304
 119      3     66     60    304
 120      3      2     60    304
 121      3      1     60    304
 122      3    357     60    304
 123      3     59     60    304
 124      3    823     60    304
 125      3    242     60    304
 126      3     36     60    304
 127      3    425     60    304
 128      3    483     60    304
 129      3    437     60    304
 130      3    343     60    304
 131      5     54      1    365
 132      3    182     60    304
 133      3     54     60    304
 134      3     11     60    304
 135      3     73     60    304
 136      3     40     60    304
 137      5     38      1    196
 138      5     21      1    365
 139      3     13     60    304
 140      3    172     60    304
 141      3     97     60    304
 142      3    642     60    304
 143      3    441     60    304
 144      3     91     60    304
 145      3     12     60    304
 146      5    186      1    365
 147      3    581     60    304
 148      3    109     60    304
 149      3     18     60    304
 150      1     16      1    365
 151      1     42      1    365
 152      1     80      1    365
 153      3     23     60    304
 154      3     18     60    304
 155      5     50      1    365
 156      1    280      1    365
 157      1     99      1    365
 158      3    109     60    304
 159      5   2639      1    365
 160      5  10560      1    365
 161      5   3740      1    365
 162      1   1294      1    365
 163      1    289      1    365
 164      5      5      1    365
 165      5     56      1    365
 166      1     94     91    258
 167      5      7     60    274
 168      5     82     32    244
 169      5     21      1    365
 170      5     36      1    365
 171      3     81     60    304
 172      5     76     32    244
 173      5     30      1    365
 174      5   7250      1    365
 175      1     21      1    365
 176      3     57     60    304
 177      3    119     60    304
 178      3     40     60    304
 179      3     32     60    304
 180      3     19     60    304
 181      5     31      1    365
 182      3   1120     60    304
 183      3    770     60    304
 184      3     24     60    304
 185      3     13     60    304
 186      3     24     60    304
 187      3     29     60    304
 188      3     42     60    304
 189      3   2116     60    304
 190      3    329     60    304
 191      3    112     60    304
 192      1    197     91    244
 193      1     29     91    244
 194      1     25      1    365
 195      3    203      1    365
 196      3     43     60    304
 197      3    266     60    304
 198      3     97     60    304
 199      5      3      1    365
 200      3    153     60    304
 201      5     10      1    365
 202      3     44     60    304
 203      5    170      1    365
 204      5     82      1    365
 205      5    265      1    365
 206      5     74      1    365
 207      5     70      1    365
 208      5     56      1    365
 209      3     26     60    304
 210      1     29     32    304
 211      5    104     91    161
 212      3    179     60    304
 213      3   1563     60    304
 214      3     19     60    304
 215      5     22     60    244
 216      1     33      1    365
 217      3    117     60    304
 218      5     17      1    365
 219      5     30      1    365
 220      3     36     60    304
 221      3    739      1    365
 222      5    168     60    244
 223      5     10      1    365
 224      5    152      1    365
 225      3    195     60    304
 226      3    107     60    304
 227      5    192      1    365
 228      5     31      1    365
 229      3     26     60    304
 230      3    357     60    304
 231      3    659     60    304
 232      3    292     60    304
 233      1    143      1    365
 234      3     22     60    273
 235      3    151     60    304
 236      5   1776      1    365
 237      5    135      1    365
 238      3    772     60    304
 239      3    265     60    304
 240      3     61     60    304
 241      5     24      1    365
 242      5     46      1    365
 243      1    177      1    365
 244      1    128      1    365
 245      1    134      1    365
 246      1     74      1    365
 247      5    118     60    213
 248      5     20      1    365
 249      5     94     60    244
 250      5   1694      1    365
 251      3    242     91    288
 252      5    539      1    365
 253      1     65      1    365
 254      3     29    105    273
 999      0      0      1    365
