   1      3    100     60    304
   2      3     69     60    304
   3      3     50     60    304
   4      3     21      1    365
   5      3   1367     60    304
   6      3   1829     60    304
   7      3   1605     60    304
   8      3      8      1    365
   9      3   3195     60    304
  10      3   3185     60    304
  11      3    350     60    304
  12      5    108      1    365
  13      5      8     60    182
  14      5     33     60    213
  15      5    108      1    365
  16      5     52     60    213
  17      5      4     91    365
  18      5    129     32    365
  19      5     32      1    365
  20      5    134     60    304
  21      5    136    121    244
  22      5     68     91    213
  23      5    521     60    274
  24      5     12     91    244
  25      5    201      1    258
  26      5    146     91    213
  27      5     10     91    244
  28      5     25     32    335
  29      5     47     60    244
  30      5    313     60    244
  31      1     39      1    365
  32      1     28      1    365
  33      1     61     60    213
  34      1     31     60    274
  35      1    132      1    365
  36      1     97      1    365
  37      1     16     60    244
  38      1     69      1    365
  39      1     27     32    244
  40      1     28      1    365
  41      1     93     32    244
  42      1    247     91    365
  43      1    119     60    365
  44      1    183     60    244
  45      1    227     91    244
  46      1     64     91    213
  47      1    277      1    274
  48      1     20     91    305
  49      1    326      1    258
  50      1    163     32    166
  51      1     89     60    166
  52      1     54      1    365
  53      1     84     60    293
  54      1     54     91    213
  55      1    124     60    152
  56      1    311     60    244
  57      1    100     60    304
  58      1    222     91    182
  59      1    104     60    182
  60      5     49      1    365
  61      5    284      1    365
  62      1    162      1    365
  63      5    111      1    365
  64      1     10      1    365
  65      1     74      1    365
  66      1    198      1    365
  67      1      7      1    365
  68      5    154      1    365
  69      5     54      1    365
  70      1     43      1    365
  71      1     99      1    365
  72      5     46      1    365
  73      1    473      1    365
  74      3     48     60    304
  75      5     35      1    365
  76      1     61      1    365
  77      1     78      1    365
  78      1    133      1    365
  79      3     15     60    304
  80      1    138      1    365
  81      1    111      1    365
  82      3     32     60    304
  83      3     10     60    304
  84      5     19      1    365
  85      3      7     60    304
  86      3     14     60    304
  87      3     18     60    304
  88      3     19     60    304
  89      3     84     60    304
  90      3     53     60    304
  91      3     81     60    304
  92      1     58      1    365
  93      1     12      1    365
  94      3    268     60    304
  95      3    169     60    304
  96      1    124      1    365
  97      1     15      1    365
  98      3     94     60    304
  99      3     88     60    304
 100      3     25     60    304
 101      1     94      1    365
 102      1     78      1    365
 103      1    105      1    365
 104      1     41      1    365
 105      3      9     60    304
 106      3    154     60    304
 107      3     97     60    304
 108      3    117     60    304
 109      3     51     60    304
 110      3      7     60    304
 111      3     45     60    304
 112      1     35     60    244
 113      5     31      1    365
 114      3     55     60    304
 115      3     43     60    304
 116      3     32     60    304
 117      5    699      1    365
 118      3     11     60    304
 119      3     80     60    304
 120      3      1     60    304
 121      3      1     60    304
 122      3    431     60    304
 123      3     59     60    304
 124      3    871     60    304
 125      3    247     60    304
 126      3     44     60    304
 127      3    324     60    304
 128      3    512     60    304
 129      3    463     60    304
 130      3    350     60    304
 131      5     61      1    365
 132      3    198     60    304
 133      3     66     60    304
 134      3      8     60    304
 135      3     56     60    304
 136      3     40     60    304
 137      5     37      1    196
 138      5     21      1    365
 139      3     14     60    304
 140      3    182     60    304
 141      3    103     60    304
 142      3    700     60    304
 143      3    441     60    304
 144      3    109     60    304
 145      3     13     60    304
 146      5    209      1    365
 147      3    442     60    304
 148      3    131     60    304
 149      3     22     60    304
 150      1     35      1    365
 151      1     89      1    365
 152      1     59      1    365
 153      3     23     60    304
 154      3     18     60    304
 155      5     49      1    365
 156      1    209      1    365
 157      1    208      1    365
 158      3    131     60    304
 159      5   2583      1    365
 160      5  10338      1    365
 161      5   3662      1    365
 162      1    965      1    365
 163      1    410      1    365
 164      5      5      1    365
 165      5     63      1    365
 166      1     70     91    258
 167      5      7     60    274
 168      5     80     32    244
 169      5     21      1    365
 170      5     35      1    365
 171      3     82     60    304
 172      5     75     32    244
 173      5     35      1    365
 174      5   7097      1    365
 175      1     44      1    365
 176      3     62     60    304
 177      3     90     60    304
 178      3     41     60    304
 179      3     32     60    304
 180      3     19     60    304
 181      5     30      1    365
 182      3   1222     60    304
 183      3    770     60    304
 184      3     18     60    304
 185      3     13     60    304
 186      3     29     60    304
 187      3     32     60    304
 188      3     42     60    304
 189      3   2307     60    304
 190      3    359     60    304
 191      3    122     60    304
 192      1    147     91    244
 193      1     22     91    244
 194      1     19      1    365
 195      3    207      1    365
 196      3     44     60    304
 197      3    290     60    304
 198      3     74     60    304
 199      5      3      1    365
 200      3    117     60    304
 201      5      9      1    365
 202      3     33     60    304
 203      5    166      1    365
 204      5     80      1    365
 205      5    260      1    365
 206      5     73      1    365
 207      5     70      1    365
 208      5     55      1    365
 209      3     19     60    304
 210      1     22     32    304
 211      5    119     91    161
 212      3    136     60    304
 213      3   1189     60    304
 214      3     21     60    304
 215      5     22     60    244
 216      1     24      1    365
 217      3     89     60    304
 218      5     19      1    365
 219      5     35      1    365
 220      3     40     60    304
 221      3    782      1    365
 222      5    192     60    244
 223      5     12      1    365
 224      5    173      1    365
 225      3    149     60    304
 226      3    107     60    304
 227      5    188      1    365
 228      5     30      1    365
 229      3     19     60    304
 230      3    431     60    304
 231      3    673     60    304
 232      3    309     60    304
 233      1    107      1    365
 234      3     24     60    273
 235      3    155     60    304
 236      5    699      1    365
 237      5    154      1    365
 238      3    817     60    304
 239      3    280     60    304
 240      3     65     60    304
 241      5     24      1    365
 242      5     45      1    365
 243      1    132      1    365
 244      1     96      1    365
 245      1    100      1    365
 246      1     74      1    365
 247      5    134     60    213
 248      5     23      1    365
 249      5    108     60    244
 250      5   2398      1    365
 251      3    292     91    288
 252      5    614      1    365
 253      1     49      1    365
 254      3     32    105    273
 999      0      0      1    365
