   1      3     79     60    304
   2      3     81     60    304
   3      3     50     60    304
   4      3     16      1    365
   5      3   1328     60    304
   6      3   1778     60    304
   7      3   1605     60    304
   8      3     10      1    365
   9      3   3106     60    304
  10      3   3096     60    304
  11      3    530     60    304
  12      5    111      1    365
  13      5      8     60    182
  14      5     34     60    213
  15      5    111      1    365
  16      5     46     60    213
  17      5      4     91    365
  18      5    133     32    365
  19      5     33      1    365
  20      5    146     60    304
  21      5    119    121    244
  22      5     98     91    213
  23      5    457     60    274
  24      5     13     91    244
  25      5    208      1    258
  26      5    128     91    213
  27      5      9     91    244
  28      5     26     32    335
  29      5     48     60    244
  30      5    274     60    244
  31      1     47      1    365
  32      1     34      1    365
  33      1     73     60    213
  34      1     38     60    274
  35      1    160      1    365
  36      1    118      1    365
  37      1     20     60    244
  38      1     83      1    365
  39      1     33     32    244
  40      1     34      1    365
  41      1    113     32    244
  42      1     97     91    365
  43      1     46     60    365
  44      1     72     60    244
  45      1     89     91    244
  46      1     25     91    213
  47      1    108      1    274
  48      1      8     91    305
  49      1    128      1    258
  50      1     64     32    166
  51      1     35     60    166
  52      1     21      1    365
  53      1     33     60    293
  54      1     21     91    213
  55      1     48     60    152
  56      1    122     60    244
  57      1    164     60    304
  58      1     87     91    182
  59      1    126     60    182
  60      5     50      1    365
  61      5    309      1    365
  62      1    196      1    365
  63      5    121      1    365
  64      1      4      1    365
  65      1     29      1    365
  66      1     77      1    365
  67      1      8      1    365
  68      5    167      1    365
  69      5     58      1    365
  70      1     52      1    365
  71      1     39      1    365
  72      5     50      1    365
  73      1   1987      1    365
  74      3     38     60    304
  75      5     38      1    365
  76      1    100      1    365
  77      1    128      1    365
  78      1    219      1    365
  79      3     18     60    304
  80      1    228      1    365
  81      1    183      1    365
  82      3     25     60    304
  83      3      8     60    304
  84      5     21      1    365
  85      3      8     60    304
  86      3     16     60    304
  87      3     27     60    304
  88      3     15     60    304
  89      3     66     60    304
  90      3     53     60    304
  91      3     94     60    304
  92      1     70      1    365
  93      1     15      1    365
  94      3    212     60    304
  95      3    169     60    304
  96      1     48      1    365
  97      1      6      1    365
  98      3    142     60    304
  99      3    132     60    304
 100      3     24     60    304
 101      1    155      1    365
 102      1    128      1    365
 103      1    174      1    365
 104      1     49      1    365
 105      3     14     60    304
 106      3    122     60    304
 107      3     97     60    304
 108      3     42     60    304
 109      3     18     60    304
 110      3      7     60    304
 111      3     68     60    304
 112      1     42     60    244
 113      5     27      1    365
 114      3     84     60    304
 115      3     43     60    304
 116      3     49     60    304
 117      5    612      1    365
 118      3      9     60    304
 119      3     29     60    304
 120      3      2     60    304
 121      3      1     60    304
 122      3    154     60    304
 123      3     59     60    304
 124      3    846     60    304
 125      3    374     60    304
 126      3     16     60    304
 127      3    376     60    304
 128      3    497     60    304
 129      3    450     60    304
 130      3    530     60    304
 131      5     67      1    365
 132      3    157     60    304
 133      3     23     60    304
 134      3     10     60    304
 135      3     64     60    304
 136      3     40     60    304
 137      5     39      1    196
 138      5     21      1    365
 139      3     11     60    304
 140      3    177     60    304
 141      3    100     60    304
 142      3    553     60    304
 143      3    441     60    304
 144      3     39     60    304
 145      3     12     60    304
 146      5    183      1    365
 147      3    513     60    304
 148      3     47     60    304
 149      3      8     60    304
 150      1     14      1    365
 151      1     35      1    365
 152      1     72      1    365
 153      3     35     60    304
 154      3     18     60    304
 155      5     50      1    365
 156      1    253      1    365
 157      1     81      1    365
 158      3     47     60    304
 159      5   2662      1    365
 160      5  10654      1    365
 161      5   3774      1    365
 162      1   1167      1    365
 163      1    676      1    365
 164      5      5      1    365
 165      5     55      1    365
 166      1     85     91    258
 167      5      7     60    274
 168      5     82     32    244
 169      5     21      1    365
 170      5     36      1    365
 171      3    125     60    304
 172      5     77     32    244
 173      5     38      1    365
 174      5   7314      1    365
 175      1     17      1    365
 176      3     49     60    304
 177      3    105     60    304
 178      3     62     60    304
 179      3     32     60    304
 180      3     29     60    304
 181      5     31      1    365
 182      3    965     60    304
 183      3    770     60    304
 184      3     21     60    304
 185      3     13     60    304
 186      3     10     60    304
 187      3     25     60    304
 188      3     64     60    304
 189      3   1822     60    304
 190      3    283     60    304
 191      3     97     60    304
 192      1    178     91    244
 193      1     26     91    244
 194      1     23      1    365
 195      3    314      1    365
 196      3     66     60    304
 197      3    229     60    304
 198      3     85     60    304
 199      5      3      1    365
 200      3    135     60    304
 201      5     10      1    365
 202      3     39     60    304
 203      5    171      1    365
 204      5     82      1    365
 205      5    267      1    365
 206      5     75      1    365
 207      5     70      1    365
 208      5     57      1    365
 209      3     23     60    304
 210      1     26     32    304
 211      5    129     91    161
 212      3    158     60    304
 213      3   1380     60    304
 214      3     16     60    304
 215      5     22     60    244
 216      1     29      1    365
 217      3    103     60    304
 218      5     21      1    365
 219      5     38      1    365
 220      3     31     60    304
 221      3    760      1    365
 222      5    209     60    244
 223      5     13      1    365
 224      5    188      1    365
 225      3    173     60    304
 226      3    107     60    304
 227      5    194      1    365
 228      5     31      1    365
 229      3     23     60    304
 230      3    154     60    304
 231      3   1019     60    304
 232      3    300     60    304
 233      1    129      1    365
 234      3     19     60    273
 235      3    234     60    304
 236      5    997      1    365
 237      5    167      1    365
 238      3    794     60    304
 239      3    273     60    304
 240      3     63     60    304
 241      5     25      1    365
 242      5     46      1    365
 243      1    160      1    365
 244      1    116      1    365
 245      1    121      1    365
 246      1     74      1    365
 247      5    146     60    213
 248      5     25      1    365
 249      5    117     60    244
 250      5   1563      1    365
 251      3    104     91    288
 252      5    668      1    365
 253      1     59      1    365
 254      3     25    105    273
 999      0      0      1    365
