   1      3     82     60    304
   2      3     60     60    304
   3      3     50     60    304
   4      3     17      1    365
   5      3   1434     60    304
   6      3   1919     60    304
   7      3   1605     60    304
   8      3      7      1    365
   9      3   3352     60    304
  10      3   3341     60    304
  11      3    646     60    304
  12      5    106      1    365
  13      5      4     60    182
  14      5     33     60    213
  15      5    106      1    365
  16      5     66     60    213
  17      5      2     91    365
  18      5    126     32    365
  19      5     32      1    365
  20      5     70     60    304
  21      5    172    121    244
  22      5    166     91    213
  23      5    660     60    274
  24      5      6     91    244
  25      5    197      1    258
  26      5    185     91    213
  27      5     13     91    244
  28      5     24     32    335
  29      5     46     60    244
  30      5    396     60    244
  31      1     31      1    365
  32      1     22      1    365
  33      1     48     60    213
  34      1     24     60    274
  35      1    104      1    365
  36      1     76      1    365
  37      1     13     60    244
  38      1     54      1    365
  39      1     21     32    244
  40      1     22      1    365
  41      1     73     32    244
  42      1    170     91    365
  43      1     82     60    365
  44      1    126     60    244
  45      1    157     91    244
  46      1     44     91    213
  47      1    191      1    274
  48      1     14     91    305
  49      1    225      1    258
  50      1    112     32    166
  51      1     61     60    166
  52      1     37      1    365
  53      1     58     60    293
  54      1     37     91    213
  55      1     85     60    152
  56      1    215     60    244
  57      1     43     60    304
  58      1    153     91    182
  59      1     82     60    182
  60      5     48      1    365
  61      5    149      1    365
  62      1    127      1    365
  63      5     58      1    365
  64      1      7      1    365
  65      1     51      1    365
  66      1    136      1    365
  67      1      5      1    365
  68      5     80      1    365
  69      5     28      1    365
  70      1     34      1    365
  71      1     68      1    365
  72      5     24      1    365
  73      1   1661      1    365
  74      3     39     60    304
  75      5     18      1    365
  76      1     27      1    365
  77      1     34      1    365
  78      1     58      1    365
  79      3     13     60    304
  80      1     60      1    365
  81      1     48      1    365
  82      3     26     60    304
  83      3      8     60    304
  84      5     10      1    365
  85      3      6     60    304
  86      3     12     60    304
  87      3     33     60    304
  88      3     16     60    304
  89      3     69     60    304
  90      3     53     60    304
  91      3     69     60    304
  92      1     46      1    365
  93      1     10      1    365
  94      3    220     60    304
  95      3    169     60    304
  96      1     85      1    365
  97      1     10      1    365
  98      3    173     60    304
  99      3    161     60    304
 100      3     26     60    304
 101      1     41      1    365
 102      1     34      1    365
 103      1     46      1    365
 104      1     32      1    365
 105      3     17     60    304
 106      3    126     60    304
 107      3     97     60    304
 108      3    208     60    304
 109      3     91     60    304
 110      3      7     60    304
 111      3     83     60    304
 112      1     28     60    244
 113      5     40      1    365
 114      3    102     60    304
 115      3     43     60    304
 116      3     59     60    304
 117      5    885      1    365
 118      3      9     60    304
 119      3    143     60    304
 120      3      1     60    304
 121      3      1     60    304
 122      3    769     60    304
 123      3     59     60    304
 124      3    914     60    304
 125      3    456     60    304
 126      3     78     60    304
 127      3    279     60    304
 128      3    537     60    304
 129      3    485     60    304
 130      3    646     60    304
 131      5     32      1    365
 132      3    163     60    304
 133      3    117     60    304
 134      3      7     60    304
 135      3     48     60    304
 136      3     40     60    304
 137      5     37      1    196
 138      5     20      1    365
 139      3     12     60    304
 140      3    191     60    304
 141      3    108     60    304
 142      3    573     60    304
 143      3    441     60    304
 144      3    195     60    304
 145      3     13     60    304
 146      5    264      1    365
 147      3    381     60    304
 148      3    234     60    304
 149      3     39     60    304
 150      1     24      1    365
 151      1     61      1    365
 152      1     47      1    365
 153      3     43     60    304
 154      3     18     60    304
 155      5     48      1    365
 156      1    164      1    365
 157      1    143      1    365
 158      3    234     60    304
 159      5   2530      1    365
 160      5  10125      1    365
 161      5   3587      1    365
 162      1    759      1    365
 163      1    178      1    365
 164      5      5      1    365
 165      5     79      1    365
 166      1     55     91    258
 167      5      7     60    274
 168      5     78     32    244
 169      5     20      1    365
 170      5     35      1    365
 171      3    152     60    304
 172      5     73     32    244
 173      5     18      1    365
 174      5   6951      1    365
 175      1     31      1    365
 176      3     51     60    304
 177      3     78     60    304
 178      3     76     60    304
 179      3     32     60    304
 180      3     36     60    304
 181      5     29      1    365
 182      3   1001     60    304
 183      3    770     60    304
 184      3     16     60    304
 185      3     13     60    304
 186      3     52     60    304
 187      3     26     60    304
 188      3     78     60    304
 189      3   1891     60    304
 190      3    294     60    304
 191      3    100     60    304
 192      1    116     91    244
 193      1     17     91    244
 194      1     15      1    365
 195      3    382      1    365
 196      3     81     60    304
 197      3    238     60    304
 198      3     63     60    304
 199      5      3      1    365
 200      3    101     60    304
 201      5      9      1    365
 202      3     29     60    304
 203      5    163      1    365
 204      5     78      1    365
 205      5    254      1    365
 206      5     71      1    365
 207      5     70      1    365
 208      5     54      1    365
 209      3     17     60    304
 210      1     17     32    304
 211      5     62     91    161
 212      3    117     60    304
 213      3   1025     60    304
 214      3     17     60    304
 215      5     21     60    244
 216      1     19      1    365
 217      3     77     60    304
 218      5     10      1    365
 219      5     18      1    365
 220      3     33     60    304
 221      3    820      1    365
 222      5    101     60    244
 223      5      6      1    365
 224      5     91      1    365
 225      3    128     60    304
 226      3    107     60    304
 227      5    184      1    365
 228      5     29      1    365
 229      3     17     60    304
 230      3    769     60    304
 231      3   1241     60    304
 232      3    324     60    304
 233      1     84      1    365
 234      3     20     60    273
 235      3    285     60    304
 236      5   1699      1    365
 237      5     80      1    365
 238      3    857     60    304
 239      3    294     60    304
 240      3     68     60    304
 241      5     23      1    365
 242      5     44      1    365
 243      1    104      1    365
 244      1     75      1    365
 245      1     79      1    365
 246      1     74      1    365
 247      5     70     60    213
 248      5     12      1    365
 249      5     56     60    244
 250      5    891      1    365
 251      3    521     91    288
 252      5    322      1    365
 253      1     38      1    365
 254      3     26    105    273
 999      0      0      1    365
