   1      3     95     60    304
   2      3    103     60    304
   3      3     50     60    304
   4      3     20      1    365
   5      3   1325     60    304
   6      3   1773     60    304
   7      3   1605     60    304
   8      3     12      1    365
   9      3   3097     60    304
  10      3   3087     60    304
  11      3    366     60    304
  12      5    114      1    365
  13      5      5     60    182
  14      5     35     60    213
  15      5    114      1    365
  16      5     58     60    213
  17      5      2     91    365
  18      5    136     32    365
  19      5     34      1    365
  20      5     82     60    304
  21      5    150    121    244
  22      5     65     91    213
  23      5    575     60    274
  24      5      7     91    244
  25      5    212      1    258
  26      5    161     91    213
  27      5     12     91    244
  28      5     26     32    335
  29      5     49     60    244
  30      5    345     60    244
  31      1     39      1    365
  32      1     29      1    365
  33      1     61     60    213
  34      1     31     60    274
  35      1    133      1    365
  36      1     98      1    365
  37      1     16     60    244
  38      1     69      1    365
  39      1     27     32    244
  40      1     29      1    365
  41      1     94     32    244
  42      1    188     91    365
  43      1     90     60    365
  44      1    139     60    244
  45      1    173     91    244
  46      1     49     91    213
  47      1    210      1    274
  48      1     15     91    305
  49      1    248      1    258
  50      1    124     32    166
  51      1     68     60    166
  52      1     41      1    365
  53      1     64     60    293
  54      1     41     91    213
  55      1     94     60    152
  56      1    236     60    244
  57      1     59     60    304
  58      1    169     91    182
  59      1    105     60    182
  60      5     51      1    365
  61      5    173      1    365
  62      1    163      1    365
  63      5     68      1    365
  64      1      8      1    365
  65      1     56      1    365
  66      1    150      1    365
  67      1      7      1    365
  68      5     94      1    365
  69      5     33      1    365
  70      1     43      1    365
  71      1     75      1    365
  72      5     28      1    365
  73      1   1978      1    365
  74      3     45     60    304
  75      5     21      1    365
  76      1     36      1    365
  77      1     46      1    365
  78      1     79      1    365
  79      3     23     60    304
  80      1     82      1    365
  81      1     66      1    365
  82      3     30     60    304
  83      3      9     60    304
  84      5     12      1    365
  85      3     10     60    304
  86      3     21     60    304
  87      3     19     60    304
  88      3     18     60    304
  89      3     80     60    304
  90      3     53     60    304
  91      3    119     60    304
  92      1     58      1    365
  93      1     12      1    365
  94      3    254     60    304
  95      3    169     60    304
  96      1     94      1    365
  97      1     11      1    365
  98      3     98     60    304
  99      3     92     60    304
 100      3     24     60    304
 101      1     56      1    365
 102      1     46      1    365
 103      1     63      1    365
 104      1     41      1    365
 105      3      9     60    304
 106      3    146     60    304
 107      3     97     60    304
 108      3     86     60    304
 109      3     38     60    304
 110      3      7     60    304
 111      3     47     60    304
 112      1     35     60    244
 113      5     35      1    365
 114      3     58     60    304
 115      3     43     60    304
 116      3     34     60    304
 117      5    771      1    365
 118      3     11     60    304
 119      3     59     60    304
 120      3      2     60    304
 121      3      1     60    304
 122      3    318     60    304
 123      3     59     60    304
 124      3    844     60    304
 125      3    259     60    304
 126      3     32     60    304
 127      3    480     60    304
 128      3    496     60    304
 129      3    449     60    304
 130      3    366     60    304
 131      5     37      1    365
 132      3    188     60    304
 133      3     49     60    304
 134      3     12     60    304
 135      3     82     60    304
 136      3     40     60    304
 137      5     39      1    196
 138      5     22      1    365
 139      3     14     60    304
 140      3    177     60    304
 141      3     99     60    304
 142      3    662     60    304
 143      3    441     60    304
 144      3     81     60    304
 145      3     12     60    304
 146      5    230      1    365
 147      3    655     60    304
 148      3     97     60    304
 149      3     16     60    304
 150      1     26      1    365
 151      1     68      1    365
 152      1     60      1    365
 153      3     24     60    304
 154      3     18     60    304
 155      5     51      1    365
 156      1    211      1    365
 157      1    158      1    365
 158      3     97     60    304
 159      5   2721      1    365
 160      5  10891      1    365
 161      5   3858      1    365
 162      1    971      1    365
 163      1    244      1    365
 164      5      5      1    365
 165      5     69      1    365
 166      1     71     91    258
 167      5      8     60    274
 168      5     84     32    244
 169      5     22      1    365
 170      5     37      1    365
 171      3     86     60    304
 172      5     79     32    244
 173      5     21      1    365
 174      5   7477      1    365
 175      1     34      1    365
 176      3     59     60    304
 177      3    134     60    304
 178      3     43     60    304
 179      3     32     60    304
 180      3     20     60    304
 181      5     32      1    365
 182      3   1156     60    304
 183      3    770     60    304
 184      3     27     60    304
 185      3     13     60    304
 186      3     22     60    304
 187      3     30     60    304
 188      3     44     60    304
 189      3   2182     60    304
 190      3    339     60    304
 191      3    116     60    304
 192      1    148     91    244
 193      1     22     91    244
 194      1     19      1    365
 195      3    217      1    365
 196      3     46     60    304
 197      3    275     60    304
 198      3    109     60    304
 199      5      3      1    365
 200      3    173     60    304
 201      5     10      1    365
 202      3     49     60    304
 203      5    175      1    365
 204      5     84      1    365
 205      5    273      1    365
 206      5     77      1    365
 207      5     70      1    365
 208      5     58      1    365
 209      3     29     60    304
 210      1     22     32    304
 211      5     73     91    161
 212      3    202     60    304
 213      3   1763     60    304
 214      3     20     60    304
 215      5     23     60    244
 216      1     24      1    365
 217      3    132     60    304
 218      5     12      1    365
 219      5     21      1    365
 220      3     38     60    304
 221      3    758      1    365
 222      5    117     60    244
 223      5      7      1    365
 224      5    105      1    365
 225      3    220     60    304
 226      3    107     60    304
 227      5    198      1    365
 228      5     32      1    365
 229      3     29     60    304
 230      3    318     60    304
 231      3    704     60    304
 232      3    299     60    304
 233      1    107      1    365
 234      3     23     60    273
 235      3    162     60    304
 236      5    664      1    365
 237      5     94      1    365
 238      3    792     60    304
 239      3    272     60    304
 240      3     63     60    304
 241      5     25      1    365
 242      5     47      1    365
 243      1    133      1    365
 244      1     96      1    365
 245      1    101      1    365
 246      1     74      1    365
 247      5     82     60    213
 248      5     14      1    365
 249      5     66     60    244
 250      5   1387      1    365
 251      3    216     91    288
 252      5    374      1    365
 253      1     49      1    365
 254      3     30    105    273
 999      0      0      1    365
