   1      3     97     60    304
   2      3     51     60    304
   3      3     50     60    304
   4      3     20      1    365
   5      3   1233     60    304
   6      3   1650     60    304
   7      3   1605     60    304
   8      3      6      1    365
   9      3   2882     60    304
  10      3   2873     60    304
  11      3    539     60    304
  12      5    107      1    365
  13      5     10     60    182
  14      5     33     60    213
  15      5    107      1    365
  16      5      7     60    213
  17      5      5     91    365
  18      5    128     32    365
  19      5     32      1    365
  20      5    176     60    304
  21      5     18    121    244
  22      5    253     91    213
  23      5     70     60    274
  24      5     15     91    244
  25      5    200      1    258
  26      5     20     91    213
  27      5      1     91    244
  28      5     25     32    335
  29      5     46     60    244
  30      5     42     60    244
  31      1     40      1    365
  32      1     29      1    365
  33      1     62     60    213
  34      1     32     60    274
  35      1    136      1    365
  36      1    100      1    365
  37      1     17     60    244
  38      1     71      1    365
  39      1     28     32    244
  40      1     29      1    365
  41      1     96     32    244
  42      1    176     91    365
  43      1     84     60    365
  44      1    130     60    244
  45      1    162     91    244
  46      1     46     91    213
  47      1    197      1    274
  48      1     14     91    305
  49      1    232      1    258
  50      1    116     32    166
  51      1     63     60    166
  52      1     39      1    365
  53      1     60     60    293
  54      1     39     91    213
  55      1     88     60    152
  56      1    221     60    244
  57      1    195     60    304
  58      1    158     91    182
  59      1    107     60    182
  60      5     48      1    365
  61      5    372      1    365
  62      1    167      1    365
  63      5    146      1    365
  64      1      7      1    365
  65      1     53      1    365
  66      1    140      1    365
  67      1      7      1    365
  68      5    201      1    365
  69      5     70      1    365
  70      1     44      1    365
  71      1     70      1    365
  72      5     60      1    365
  73      1   1707      1    365
  74      3     46     60    304
  75      5     45      1    365
  76      1    119      1    365
  77      1    152      1    365
  78      1    260      1    365
  79      3     11     60    304
  80      1    271      1    365
  81      1    216      1    365
  82      3     31     60    304
  83      3      9     60    304
  84      5     25      1    365
  85      3      5     60    304
  86      3     10     60    304
  87      3     28     60    304
  88      3     18     60    304
  89      3     81     60    304
  90      3     53     60    304
  91      3     59     60    304
  92      1     60      1    365
  93      1     12      1    365
  94      3    260     60    304
  95      3    169     60    304
  96      1     88      1    365
  97      1     11      1    365
  98      3    145     60    304
  99      3    135     60    304
 100      3     23     60    304
 101      1    184      1    365
 102      1    152      1    365
 103      1    206      1    365
 104      1     42      1    365
 105      3     14     60    304
 106      3    149     60    304
 107      3     97     60    304
 108      3     71     60    304
 109      3     31     60    304
 110      3      7     60    304
 111      3     69     60    304
 112      1     36     60    244
 113      5      4      1    365
 114      3     85     60    304
 115      3     43     60    304
 116      3     50     60    304
 117      5     94      1    365
 118      3     11     60    304
 119      3     49     60    304
 120      3      1     60    304
 121      3      1     60    304
 122      3    260     60    304
 123      3     59     60    304
 124      3    786     60    304
 125      3    380     60    304
 126      3     26     60    304
 127      3    236     60    304
 128      3    462     60    304
 129      3    417     60    304
 130      3    539     60    304
 131      5     80      1    365
 132      3    192     60    304
 133      3     40     60    304
 134      3      6     60    304
 135      3     41     60    304
 136      3     40     60    304
 137      5     37      1    196
 138      5     21      1    365
 139      3     14     60    304
 140      3    165     60    304
 141      3     93     60    304
 142      3    677     60    304
 143      3    441     60    304
 144      3     66     60    304
 145      3     11     60    304
 146      5     28      1    365
 147      3    322     60    304
 148      3     79     60    304
 149      3     13     60    304
 150      1     25      1    365
 151      1     63      1    365
 152      1     61      1    365
 153      3     36     60    304
 154      3     18     60    304
 155      5     48      1    365
 156      1    215      1    365
 157      1    147      1    365
 158      3     79     60    304
 159      5   2560      1    365
 160      5  10247      1    365
 161      5   3630      1    365
 162      1    992      1    365
 163      1    801      1    365
 164      5      5      1    365
 165      5      8      1    365
 166      1     72     91    258
 167      5      7     60    274
 168      5     79     32    244
 169      5     21      1    365
 170      5     35      1    365
 171      3    127     60    304
 172      5     74     32    244
 173      5     45      1    365
 174      5   7035      1    365
 175      1     32      1    365
 176      3     60     60    304
 177      3     66     60    304
 178      3     63     60    304
 179      3     32     60    304
 180      3     30     60    304
 181      5     30      1    365
 182      3   1183     60    304
 183      3    770     60    304
 184      3     13     60    304
 185      3     13     60    304
 186      3     18     60    304
 187      3     31     60    304
 188      3     65     60    304
 189      3   2234     60    304
 190      3    347     60    304
 191      3    118     60    304
 192      1    151     91    244
 193      1     22     91    244
 194      1     19      1    365
 195      3    319      1    365
 196      3     67     60    304
 197      3    281     60    304
 198      3     54     60    304
 199      5      3      1    365
 200      3     85     60    304
 201      5      9      1    365
 202      3     24     60    304
 203      5    165      1    365
 204      5     79      1    365
 205      5    257      1    365
 206      5     72      1    365
 207      5     70      1    365
 208      5     55      1    365
 209      3     14     60    304
 210      1     22     32    304
 211      5    156     91    161
 212      3     99     60    304
 213      3    868     60    304
 214      3     20     60    304
 215      5     22     60    244
 216      1     25      1    365
 217      3     65     60    304
 218      5     25      1    365
 219      5     45      1    365
 220      3     38     60    304
 221      3    705      1    365
 222      5    251     60    244
 223      5     15      1    365
 224      5    226      1    365
 225      3    108     60    304
 226      3    107     60    304
 227      5    186      1    365
 228      5     30      1    365
 229      3     14     60    304
 230      3    260     60    304
 231      3   1036     60    304
 232      3    279     60    304
 233      1    110      1    365
 234      3     23     60    273
 235      3    238     60    304
 236      5   2589      1    365
 237      5    201      1    365
 238      3    737     60    304
 239      3    253     60    304
 240      3     59     60    304
 241      5     24      1    365
 242      5     44      1    365
 243      1    136      1    365
 244      1     99      1    365
 245      1    103      1    365
 246      1     74      1    365
 247      5    176     60    213
 248      5     30      1    365
 249      5    141     60    244
 250      5   1831      1    365
 251      3    176     91    288
 252      5    804      1    365
 253      1     50      1    365
 254      3     31    105    273
 999      0      0      1    365
