   1      3     96     60    304
   2      3    114     60    304
   3      3     50     60    304
   4      3     20      1    365
   5      3   1236     60    304
   6      3   1654     60    304
   7      3   1605     60    304
   8      3     14      1    365
   9      3   2889     60    304
  10      3   2880     60    304
  11      3    423     60    304
  12      5    110      1    365
  13      5      3     60    182
  14      5     34     60    213
  15      5    110      1    365
  16      5     53     60    213
  17      5      1     91    365
  18      5    132     32    365
  19      5     33      1    365
  20      5     49     60    304
  21      5    139    121    244
  22      5     14     91    213
  23      5    533     60    274
  24      5      4     91    244
  25      5    206      1    258
  26      5    149     91    213
  27      5     11     91    244
  28      5     25     32    335
  29      5     48     60    244
  30      5    320     60    244
  31      1     39      1    365
  32      1     28      1    365
  33      1     60     60    213
  34      1     31     60    274
  35      1    131      1    365
  36      1     96      1    365
  37      1     16     60    244
  38      1     68      1    365
  39      1     27     32    244
  40      1     28      1    365
  41      1     92     32    244
  42      1    213     91    365
  43      1    102     60    365
  44      1    157     60    244
  45      1    196     91    244
  46      1     55     91    213
  47      1    238      1    274
  48      1     17     91    305
  49      1    281      1    258
  50      1    140     32    166
  51      1     77     60    166
  52      1     47      1    365
  53      1     72     60    293
  54      1     47     91    213
  55      1    106     60    152
  56      1    268     60    244
  57      1     68     60    304
  58      1    191     91    182
  59      1    103     60    182
  60      5     50      1    365
  61      5    103      1    365
  62      1    161      1    365
  63      5     40      1    365
  64      1      9      1    365
  65      1     64      1    365
  66      1    170      1    365
  67      1      7      1    365
  68      5     56      1    365
  69      5     19      1    365
  70      1     43      1    365
  71      1     85      1    365
  72      5     17      1    365
  73      1   1545      1    365
  74      3     45     60    304
  75      5     12      1    365
  76      1     41      1    365
  77      1     53      1    365
  78      1     90      1    365
  79      3     25     60    304
  80      1     94      1    365
  81      1     75      1    365
  82      3     30     60    304
  83      3      9     60    304
  84      5      7      1    365
  85      3     11     60    304
  86      3     23     60    304
  87      3     22     60    304
  88      3     18     60    304
  89      3     80     60    304
  90      3     53     60    304
  91      3    132     60    304
  92      1     58      1    365
  93      1     12      1    365
  94      3    256     60    304
  95      3    169     60    304
  96      1    106      1    365
  97      1     13      1    365
  98      3    113     60    304
  99      3    106     60    304
 100      3     23     60    304
 101      1     64      1    365
 102      1     53      1    365
 103      1     71      1    365
 104      1     40      1    365
 105      3     11     60    304
 106      3    147     60    304
 107      3     97     60    304
 108      3    175     60    304
 109      3     77     60    304
 110      3      7     60    304
 111      3     54     60    304
 112      1     35     60    244
 113      5     32      1    365
 114      3     67     60    304
 115      3     43     60    304
 116      3     39     60    304
 117      5    714      1    365
 118      3     11     60    304
 119      3    120     60    304
 120      3      2     60    304
 121      3      1     60    304
 122      3    645     60    304
 123      3     59     60    304
 124      3    787     60    304
 125      3    298     60    304
 126      3     66     60    304
 127      3    531     60    304
 128      3    463     60    304
 129      3    418     60    304
 130      3    423     60    304
 131      5     22      1    365
 132      3    189     60    304
 133      3     98     60    304
 134      3     14     60    304
 135      3     91     60    304
 136      3     40     60    304
 137      5     38      1    196
 138      5     21      1    365
 139      3     14     60    304
 140      3    165     60    304
 141      3     93     60    304
 142      3    669     60    304
 143      3    441     60    304
 144      3    164     60    304
 145      3     11     60    304
 146      5    213      1    365
 147      3    724     60    304
 148      3    197     60    304
 149      3     33     60    304
 150      1     30      1    365
 151      1     77      1    365
 152      1     59      1    365
 153      3     28     60    304
 154      3     18     60    304
 155      5     50      1    365
 156      1    208      1    365
 157      1    179      1    365
 158      3    197     60    304
 159      5   2643      1    365
 160      5  10579      1    365
 161      5   3747      1    365
 162      1    958      1    365
 163      1    278      1    365
 164      5      5      1    365
 165      5     64      1    365
 166      1     70     91    258
 167      5      7     60    274
 168      5     82     32    244
 169      5     21      1    365
 170      5     36      1    365
 171      3     99     60    304
 172      5     76     32    244
 173      5     12      1    365
 174      5   7263      1    365
 175      1     38      1    365
 176      3     59     60    304
 177      3    148     60    304
 178      3     50     60    304
 179      3     32     60    304
 180      3     23     60    304
 181      5     31      1    365
 182      3   1167     60    304
 183      3    770     60    304
 184      3     30     60    304
 185      3     13     60    304
 186      3     44     60    304
 187      3     30     60    304
 188      3     51     60    304
 189      3   2204     60    304
 190      3    343     60    304
 191      3    117     60    304
 192      1    146     91    244
 193      1     21     91    244
 194      1     19      1    365
 195      3    250      1    365
 196      3     53     60    304
 197      3    277     60    304
 198      3    121     60    304
 199      5      3      1    365
 200      3    191     60    304
 201      5     10      1    365
 202      3     55     60    304
 203      5    170      1    365
 204      5     82      1    365
 205      5    266      1    365
 206      5     74      1    365
 207      5     70      1    365
 208      5     56      1    365
 209      3     32     60    304
 210      1     21     32    304
 211      5     43     91    161
 212      3    223     60    304
 213      3   1950     60    304
 214      3     20     60    304
 215      5     22     60    244
 216      1     24      1    365
 217      3    146     60    304
 218      5      7      1    365
 219      5     12      1    365
 220      3     38     60    304
 221      3    707      1    365
 222      5     69     60    244
 223      5      4      1    365
 224      5     62      1    365
 225      3    244     60    304
 226      3    107     60    304
 227      5    192      1    365
 228      5     31      1    365
 229      3     32     60    304
 230      3    645     60    304
 231      3    813     60    304
 232      3    279     60    304
 233      1    106      1    365
 234      3     23     60    273
 235      3    187     60    304
 236      5    148      1    365
 237      5     56      1    365
 238      3    739     60    304
 239      3    254     60    304
 240      3     59     60    304
 241      5     24      1    365
 242      5     46      1    365
 243      1    131      1    365
 244      1     95      1    365
 245      1     99      1    365
 246      1     74      1    365
 247      5     49     60    213
 248      5      8      1    365
 249      5     39     60    244
 250      5   2053      1    365
 251      3    437     91    288
 252      5    222      1    365
 253      1     48      1    365
 254      3     30    105    273
 999      0      0      1    365
