   1      3     91     60    304
   2      3     92     60    304
   3      3     50     60    304
   4      3     19      1    365
   5      3   1295     60    304
   6      3   1733     60    304
   7      3   1605     60    304
   8      3     11      1    365
   9      3   3027     60    304
  10      3   3018     60    304
  11      3    475     60    304
  12      5    104      1    365
  13      5      7     60    182
  14      5     32     60    213
  15      5    104      1    365
  16      5      9     60    213
  17      5      4     91    365
  18      5    124     32    365
  19      5     31      1    365
  20      5    130     60    304
  21      5     24    121    244
  22      5    157     91    213
  23      5     94     60    274
  24      5     11     91    244
  25      5    195      1    258
  26      5     26     91    213
  27      5      2     91    244
  28      5     24     32    335
  29      5     45     60    244
  30      5     56     60    244
  31      1     44      1    365
  32      1     32      1    365
  33      1     69     60    213
  34      1     35     60    274
  35      1    150      1    365
  36      1    110      1    365
  37      1     18     60    244
  38      1     78      1    365
  39      1     31     32    244
  40      1     32      1    365
  41      1    105     32    244
  42      1    194     91    365
  43      1     93     60    365
  44      1    144     60    244
  45      1    178     91    244
  46      1     50     91    213
  47      1    217      1    274
  48      1     16     91    305
  49      1    256      1    258
  50      1    128     32    166
  51      1     70     60    166
  52      1     43      1    365
  53      1     66     60    293
  54      1     43     91    213
  55      1     97     60    152
  56      1    244     60    244
  57      1    142     60    304
  58      1    175     91    182
  59      1    118     60    182
  60      5     47      1    365
  61      5    275      1    365
  62      1    183      1    365
  63      5    108      1    365
  64      1      8      1    365
  65      1     58      1    365
  66      1    155      1    365
  67      1      8      1    365
  68      5    149      1    365
  69      5     52      1    365
  70      1     49      1    365
  71      1     78      1    365
  72      5     45      1    365
  73      1   2172      1    365
  74      3     43     60    304
  75      5     33      1    365
  76      1     87      1    365
  77      1    111      1    365
  78      1    190      1    365
  79      3     20     60    304
  80      1    198      1    365
  81      1    158      1    365
  82      3     29     60    304
  83      3      9     60    304
  84      5     19      1    365
  85      3      9     60    304
  86      3     18     60    304
  87      3     24     60    304
  88      3     17     60    304
  89      3     76     60    304
  90      3     53     60    304
  91      3    107     60    304
  92      1     66      1    365
  93      1     14      1    365
  94      3    244     60    304
  95      3    169     60    304
  96      1     97      1    365
  97      1     12      1    365
  98      3    127     60    304
  99      3    119     60    304
 100      3     24     60    304
 101      1    134      1    365
 102      1    111      1    365
 103      1    150      1    365
 104      1     46      1    365
 105      3     12     60    304
 106      3    140     60    304
 107      3     97     60    304
 108      3    137     60    304
 109      3     60     60    304
 110      3      7     60    304
 111      3     61     60    304
 112      1     40     60    244
 113      5      6      1    365
 114      3     75     60    304
 115      3     43     60    304
 116      3     44     60    304
 117      5    126      1    365
 118      3     10     60    304
 119      3     94     60    304
 120      3      2     60    304
 121      3      1     60    304
 122      3    504     60    304
 123      3     59     60    304
 124      3    825     60    304
 125      3    335     60    304
 126      3     51     60    304
 127      3    430     60    304
 128      3    485     60    304
 129      3    438     60    304
 130      3    475     60    304
 131      5     60      1    365
 132      3    180     60    304
 133      3     77     60    304
 134      3     11     60    304
 135      3     74     60    304
 136      3     40     60    304
 137      5     36      1    196
 138      5     20      1    365
 139      3     13     60    304
 140      3    173     60    304
 141      3     97     60    304
 142      3    636     60    304
 143      3    441     60    304
 144      3    128     60    304
 145      3     12     60    304
 146      5     37      1    365
 147      3    587     60    304
 148      3    154     60    304
 149      3     26     60    304
 150      1     27      1    365
 151      1     70      1    365
 152      1     67      1    365
 153      3     31     60    304
 154      3     18     60    304
 155      5     47      1    365
 156      1    237      1    365
 157      1    163      1    365
 158      3    154     60    304
 159      5   2495      1    365
 160      5   9985      1    365
 161      5   3537      1    365
 162      1   1092      1    365
 163      1    585      1    365
 164      5      5      1    365
 165      5     11      1    365
 166      1     79     91    258
 167      5      7     60    274
 168      5     77     32    244
 169      5     20      1    365
 170      5     34      1    365
 171      3    112     60    304
 172      5     72     32    244
 173      5     33      1    365
 174      5   6855      1    365
 175      1     35      1    365
 176      3     56     60    304
 177      3    120     60    304
 178      3     56     60    304
 179      3     32     60    304
 180      3     26     60    304
 181      5     29      1    365
 182      3   1110     60    304
 183      3    770     60    304
 184      3     24     60    304
 185      3     13     60    304
 186      3     34     60    304
 187      3     29     60    304
 188      3     58     60    304
 189      3   2095     60    304
 190      3    326     60    304
 191      3    111     60    304
 192      1    166     91    244
 193      1     24     91    244
 194      1     21      1    365
 195      3    281      1    365
 196      3     59     60    304
 197      3    264     60    304
 198      3     98     60    304
 199      5      3      1    365
 200      3    155     60    304
 201      5      9      1    365
 202      3     44     60    304
 203      5    160      1    365
 204      5     77      1    365
 205      5    251      1    365
 206      5     70      1    365
 207      5     70      1    365
 208      5     53      1    365
 209      3     26     60    304
 210      1     24     32    304
 211      5    115     91    161
 212      3    181     60    304
 213      3   1579     60    304
 214      3     19     60    304
 215      5     21     60    244
 216      1     27      1    365
 217      3    118     60    304
 218      5     19      1    365
 219      5     33      1    365
 220      3     36     60    304
 221      3    741      1    365
 222      5    186     60    244
 223      5     11      1    365
 224      5    167      1    365
 225      3    197     60    304
 226      3    107     60    304
 227      5    182      1    365
 228      5     29      1    365
 229      3     26     60    304
 230      3    504     60    304
 231      3    913     60    304
 232      3    293     60    304
 233      1    121      1    365
 234      3     22     60    273
 235      3    209     60    304
 236      5   1605      1    365
 237      5    149      1    365
 238      3    774     60    304
 239      3    266     60    304
 240      3     62     60    304
 241      5     23      1    365
 242      5     43      1    365
 243      1    150      1    365
 244      1    108      1    365
 245      1    113      1    365
 246      1     74      1    365
 247      5    130     60    213
 248      5     22      1    365
 249      5    104     60    244
 250      5   1312      1    365
 251      3    342     91    288
 252      5    595      1    365
 253      1     55      1    365
 254      3     29    105    273
 999      0      0      1    365
