   1      3     64     60    304
   2      3     61     60    304
   3      3     50     60    304
   4      3     13      1    365
   5      3   1253     60    304
   6      3   1677     60    304
   7      3   1605     60    304
   8      3      7      1    365
   9      3   2929     60    304
  10      3   2920     60    304
  11      3    643     60    304
  12      5    117      1    365
  13      5     10     60    182
  14      5     36     60    213
  15      5    117      1    365
  16      5     58     60    213
  17      5      5     91    365
  18      5    140     32    365
  19      5     35      1    365
  20      5    181     60    304
  21      5    150    121    244
  22      5     74     91    213
  23      5    579     60    274
  24      5     16     91    244
  25      5    219      1    258
  26      5    162     91    213
  27      5     12     91    244
  28      5     27     32    335
  29      5     51     60    244
  30      5    347     60    244
  31      1     39      1    365
  32      1     28      1    365
  33      1     60     60    213
  34      1     31     60    274
  35      1    132      1    365
  36      1     97      1    365
  37      1     16     60    244
  38      1     69      1    365
  39      1     27     32    244
  40      1     28      1    365
  41      1     93     32    244
  42      1    137     91    365
  43      1     66     60    365
  44      1    101     60    244
  45      1    126     91    244
  46      1     36     91    213
  47      1    153      1    274
  48      1     11     91    305
  49      1    180      1    258
  50      1     90     32    166
  51      1     49     60    166
  52      1     30      1    365
  53      1     46     60    293
  54      1     30     91    213
  55      1     68     60    152
  56      1    172     60    244
  57      1     69     60    304
  58      1    123     91    182
  59      1    104     60    182
  60      5     53      1    365
  61      5    383      1    365
  62      1    161      1    365
  63      5    150      1    365
  64      1      5      1    365
  65      1     41      1    365
  66      1    109      1    365
  67      1      7      1    365
  68      5    207      1    365
  69      5     72      1    365
  70      1     43      1    365
  71      1     55      1    365
  72      5     62      1    365
  73      1   1184      1    365
  74      3     30     60    304
  75      5     47      1    365
  76      1     42      1    365
  77      1     54      1    365
  78      1     93      1    365
  79      3     14     60    304
  80      1     96      1    365
  81      1     77      1    365
  82      3     20     60    304
  83      3      6     60    304
  84      5     26      1    365
  85      3      6     60    304
  86      3     12     60    304
  87      3     33     60    304
  88      3     12     60    304
  89      3     54     60    304
  90      3     53     60    304
  91      3     71     60    304
  92      1     58      1    365
  93      1     12      1    365
  94      3    171     60    304
  95      3    169     60    304
  96      1     68      1    365
  97      1      8      1    365
  98      3    173     60    304
  99      3    161     60    304
 100      3     23     60    304
 101      1     66      1    365
 102      1     54      1    365
 103      1     73      1    365
 104      1     40      1    365
 105      3     17     60    304
 106      3     98     60    304
 107      3     97     60    304
 108      3     94     60    304
 109      3     41     60    304
 110      3      7     60    304
 111      3     83     60    304
 112      1     35     60    244
 113      5     35      1    365
 114      3    102     60    304
 115      3     43     60    304
 116      3     59     60    304
 117      5    776      1    365
 118      3      7     60    304
 119      3     64     60    304
 120      3      1     60    304
 121      3      1     60    304
 122      3    346     60    304
 123      3     59     60    304
 124      3    798     60    304
 125      3    454     60    304
 126      3     35     60    304
 127      3    286     60    304
 128      3    469     60    304
 129      3    424     60    304
 130      3    643     60    304
 131      5     83      1    365
 132      3    126     60    304
 133      3     53     60    304
 134      3      7     60    304
 135      3     49     60    304
 136      3     40     60    304
 137      5     41      1    196
 138      5     23      1    365
 139      3      9     60    304
 140      3    167     60    304
 141      3     94     60    304
 142      3    446     60    304
 143      3    441     60    304
 144      3     88     60    304
 145      3     11     60    304
 146      5    232      1    365
 147      3    391     60    304
 148      3    106     60    304
 149      3     18     60    304
 150      1     19      1    365
 151      1     49      1    365
 152      1     59      1    365
 153      3     43     60    304
 154      3     18     60    304
 155      5     53      1    365
 156      1    208      1    365
 157      1    115      1    365
 158      3    106     60    304
 159      5   2803      1    365
 160      5  11216      1    365
 161      5   3973      1    365
 162      1    961      1    365
 163      1    285      1    365
 164      5      6      1    365
 165      5     69      1    365
 166      1     70     91    258
 167      5      8     60    274
 168      5     87     32    244
 169      5     23      1    365
 170      5     38      1    365
 171      3    151     60    304
 172      5     81     32    244
 173      5     47      1    365
 174      5   7700      1    365
 175      1     25      1    365
 176      3     39     60    304
 177      3     80     60    304
 178      3     76     60    304
 179      3     32     60    304
 180      3     35     60    304
 181      5     33      1    365
 182      3    779     60    304
 183      3    770     60    304
 184      3     16     60    304
 185      3     13     60    304
 186      3     23     60    304
 187      3     20     60    304
 188      3     78     60    304
 189      3   1471     60    304
 190      3    229     60    304
 191      3     78     60    304
 192      1    147     91    244
 193      1     22     91    244
 194      1     19      1    365
 195      3    381      1    365
 196      3     80     60    304
 197      3    185     60    304
 198      3     65     60    304
 199      5      3      1    365
 200      3    103     60    304
 201      5     10      1    365
 202      3     30     60    304
 203      5    180      1    365
 204      5     87      1    365
 205      5    282      1    365
 206      5     79      1    365
 207      5     70      1    365
 208      5     60      1    365
 209      3     17     60    304
 210      1     22     32    304
 211      5    160     91    161
 212      3    120     60    304
 213      3   1052     60    304
 214      3     13     60    304
 215      5     24     60    244
 216      1     24      1    365
 217      3     79     60    304
 218      5     26      1    365
 219      5     47      1    365
 220      3     25     60    304
 221      3    717      1    365
 222      5    258     60    244
 223      5     16      1    365
 224      5    233      1    365
 225      3    132     60    304
 226      3    107     60    304
 227      5    204      1    365
 228      5     33      1    365
 229      3     17     60    304
 230      3    346     60    304
 231      3   1237     60    304
 232      3    283     60    304
 233      1    106      1    365
 234      3     15     60    273
 235      3    284     60    304
 236      5    760      1    365
 237      5    207      1    365
 238      3    749     60    304
 239      3    257     60    304
 240      3     60     60    304
 241      5     26      1    365
 242      5     48      1    365
 243      1    132      1    365
 244      1     95      1    365
 245      1     99      1    365
 246      1     74      1    365
 247      5    181     60    213
 248      5     31      1    365
 249      5    145     60    244
 250      5   2238      1    365
 251      3    234     91    288
 252      5    827      1    365
 253      1     48      1    365
 254      3     20    105    273
 999      0      0      1    365
