   1      3     71     60    304
   2      3     96     60    304
   3      3     50     60    304
   4      3     15      1    365
   5      3   1224     60    304
   6      3   1638     60    304
   7      3   1605     60    304
   8      3     12      1    365
   9      3   2860     60    304
  10      3   2851     60    304
  11      3    400     60    304
  12      5    112      1    365
  13      5      6     60    182
  14      5     35     60    213
  15      5    112      1    365
  16      5     44     60    213
  17      5      3     91    365
  18      5    134     32    365
  19      5     33      1    365
  20      5    110     60    304
  21      5    114    121    244
  22      5    183     91    213
  23      5    439     60    274
  24      5      9     91    244
  25      5    209      1    258
  26      5    123     91    213
  27      5      9     91    244
  28      5     26     32    335
  29      5     49     60    244
  30      5    263     60    244
  31      1     44      1    365
  32      1     32      1    365
  33      1     68     60    213
  34      1     35     60    274
  35      1    147      1    365
  36      1    108      1    365
  37      1     18     60    244
  38      1     77      1    365
  39      1     30     32    244
  40      1     32      1    365
  41      1    104     32    244
  42      1    132     91    365
  43      1     63     60    365
  44      1     98     60    244
  45      1    122     91    244
  46      1     34     91    213
  47      1    148      1    274
  48      1     11     91    305
  49      1    174      1    258
  50      1     87     32    166
  51      1     48     60    166
  52      1     29      1    365
  53      1     45     60    293
  54      1     29     91    213
  55      1     66     60    152
  56      1    167     60    244
  57      1    157     60    304
  58      1    119     91    182
  59      1    116     60    182
  60      5     51      1    365
  61      5    232      1    365
  62      1    181      1    365
  63      5     91      1    365
  64      1      5      1    365
  65      1     40      1    365
  66      1    106      1    365
  67      1      8      1    365
  68      5    126      1    365
  69      5     44      1    365
  70      1     48      1    365
  71      1     53      1    365
  72      5     38      1    365
  73      1   1104      1    365
  74      3     34     60    304
  75      5     28      1    365
  76      1     96      1    365
  77      1    122      1    365
  78      1    210      1    365
  79      3     21     60    304
  80      1    219      1    365
  81      1    175      1    365
  82      3     22     60    304
  83      3      7     60    304
  84      5     16      1    365
  85      3     10     60    304
  86      3     19     60    304
  87      3     21     60    304
  88      3     13     60    304
  89      3     59     60    304
  90      3     53     60    304
  91      3    111     60    304
  92      1     65      1    365
  93      1     14      1    365
  94      3    190     60    304
  95      3    169     60    304
  96      1     66      1    365
  97      1      8      1    365
  98      3    107     60    304
  99      3    100     60    304
 100      3     22     60    304
 101      1    149      1    365
 102      1    122      1    365
 103      1    166      1    365
 104      1     45      1    365
 105      3     10     60    304
 106      3    109     60    304
 107      3     97     60    304
 108      3    150     60    304
 109      3     66     60    304
 110      3      7     60    304
 111      3     52     60    304
 112      1     39     60    244
 113      5     26      1    365
 114      3     63     60    304
 115      3     43     60    304
 116      3     37     60    304
 117      5    588      1    365
 118      3      8     60    304
 119      3    103     60    304
 120      3      2     60    304
 121      3      1     60    304
 122      3    553     60    304
 123      3     59     60    304
 124      3    780     60    304
 125      3    283     60    304
 126      3     56     60    304
 127      3    447     60    304
 128      3    458     60    304
 129      3    414     60    304
 130      3    400     60    304
 131      5     50      1    365
 132      3    140     60    304
 133      3     84     60    304
 134      3     12     60    304
 135      3     77     60    304
 136      3     40     60    304
 137      5     39      1    196
 138      5     22      1    365
 139      3     10     60    304
 140      3    163     60    304
 141      3     92     60    304
 142      3    495     60    304
 143      3    441     60    304
 144      3    141     60    304
 145      3     11     60    304
 146      5    175      1    365
 147      3    610     60    304
 148      3    169     60    304
 149      3     28     60    304
 150      1     19      1    365
 151      1     48      1    365
 152      1     66      1    365
 153      3     26     60    304
 154      3     18     60    304
 155      5     51      1    365
 156      1    233      1    365
 157      1    111      1    365
 158      3    169     60    304
 159      5   2686      1    365
 160      5  10748      1    365
 161      5   3807      1    365
 162      1   1076      1    365
 163      1    647      1    365
 164      5      5      1    365
 165      5     53      1    365
 166      1     78     91    258
 167      5      8     60    274
 168      5     83     32    244
 169      5     22      1    365
 170      5     37      1    365
 171      3     94     60    304
 172      5     78     32    244
 173      5     28      1    365
 174      5   7379      1    365
 175      1     24      1    365
 176      3     44     60    304
 177      3    125     60    304
 178      3     47     60    304
 179      3     32     60    304
 180      3     22     60    304
 181      5     31      1    365
 182      3    864     60    304
 183      3    770     60    304
 184      3     25     60    304
 185      3     13     60    304
 186      3     37     60    304
 187      3     22     60    304
 188      3     49     60    304
 189      3   1632     60    304
 190      3    254     60    304
 191      3     86     60    304
 192      1    164     91    244
 193      1     24     91    244
 194      1     21      1    365
 195      3    237      1    365
 196      3     50     60    304
 197      3    205     60    304
 198      3    102     60    304
 199      5      3      1    365
 200      3    161     60    304
 201      5     10      1    365
 202      3     46     60    304
 203      5    173      1    365
 204      5     83      1    365
 205      5    270      1    365
 206      5     76      1    365
 207      5     70      1    365
 208      5     57      1    365
 209      3     27     60    304
 210      1     24     32    304
 211      5     97     91    161
 212      3    188     60    304
 213      3   1642     60    304
 214      3     15     60    304
 215      5     23     60    244
 216      1     27      1    365
 217      3    123     60    304
 218      5     16      1    365
 219      5     28      1    365
 220      3     28     60    304
 221      3    700      1    365
 222      5    157     60    244
 223      5      9      1    365
 224      5    141      1    365
 225      3    205     60    304
 226      3    107     60    304
 227      5    195      1    365
 228      5     31      1    365
 229      3     27     60    304
 230      3    553     60    304
 231      3    770     60    304
 232      3    277     60    304
 233      1    119      1    365
 234      3     17     60    273
 235      3    177     60    304
 236      5   1870      1    365
 237      5    126      1    365
 238      3    732     60    304
 239      3    251     60    304
 240      3     58     60    304
 241      5     25      1    365
 242      5     46      1    365
 243      1    147      1    365
 244      1    107      1    365
 245      1    111      1    365
 246      1     74      1    365
 247      5    110     60    213
 248      5     19      1    365
 249      5     88     60    244
 250      5   1990      1    365
 251      3    375     91    288
 252      5    503      1    365
 253      1     54      1    365
 254      3     22    105    273
 999      0      0      1    365
