   1      3     73     60    304
   2      3     80     60    304
   3      3     50     60    304
   4      3     15      1    365
   5      3   1441     60    304
   6      3   1928     60    304
   7      3   1605     60    304
   8      3     10      1    365
   9      3   3368     60    304
  10      3   3357     60    304
  11      3    571     60    304
  12      5    110      1    365
  13      5      7     60    182
  14      5     34     60    213
  15      5    110      1    365
  16      5     10     60    213
  17      5      3     91    365
  18      5    132     32    365
  19      5     33      1    365
  20      5    120     60    304
  21      5     27    121    244
  22      5    174     91    213
  23      5    104     60    274
  24      5     10     91    244
  25      5    206      1    258
  26      5     29     91    213
  27      5      2     91    244
  28      5     25     32    335
  29      5     48     60    244
  30      5     62     60    244
  31      1     30      1    365
  32      1     21      1    365
  33      1     46     60    213
  34      1     23     60    274
  35      1    100      1    365
  36      1     74      1    365
  37      1     12     60    244
  38      1     52      1    365
  39      1     20     32    244
  40      1     21      1    365
  41      1     70     32    244
  42      1    186     91    365
  43      1     89     60    365
  44      1    137     60    244
  45      1    171     91    244
  46      1     48     91    213
  47      1    208      1    274
  48      1     15     91    305
  49      1    245      1    258
  50      1    123     32    166
  51      1     67     60    166
  52      1     41      1    365
  53      1     63     60    293
  54      1     41     91    213
  55      1     93     60    152
  56      1    234     60    244
  57      1    129     60    304
  58      1    167     91    182
  59      1     79     60    182
  60      5     50      1    365
  61      5    255      1    365
  62      1    123      1    365
  63      5    100      1    365
  64      1      7      1    365
  65      1     56      1    365
  66      1    149      1    365
  67      1      5      1    365
  68      5    138      1    365
  69      5     48      1    365
  70      1     33      1    365
  71      1     74      1    365
  72      5     41      1    365
  73      1   1580      1    365
  74      3     35     60    304
  75      5     31      1    365
  76      1     79      1    365
  77      1    100      1    365
  78      1    172      1    365
  79      3     18     60    304
  80      1    179      1    365
  81      1    143      1    365
  82      3     23     60    304
  83      3      7     60    304
  84      5     17      1    365
  85      3      8     60    304
  86      3     16     60    304
  87      3     29     60    304
  88      3     14     60    304
  89      3     61     60    304
  90      3     53     60    304
  91      3     93     60    304
  92      1     44      1    365
  93      1      9      1    365
  94      3    194     60    304
  95      3    169     60    304
  96      1     93      1    365
  97      1     11      1    365
  98      3    153     60    304
  99      3    143     60    304
 100      3     26     60    304
 101      1    122      1    365
 102      1    100      1    365
 103      1    136      1    365
 104      1     31      1    365
 105      3     15     60    304
 106      3    112     60    304
 107      3     97     60    304
 108      3    166     60    304
 109      3     72     60    304
 110      3      7     60    304
 111      3     73     60    304
 112      1     27     60    244
 113      5      6      1    365
 114      3     90     60    304
 115      3     43     60    304
 116      3     52     60    304
 117      5    139      1    365
 118      3      8     60    304
 119      3    114     60    304
 120      3      2     60    304
 121      3      1     60    304
 122      3    611     60    304
 123      3     59     60    304
 124      3    918     60    304
 125      3    403     60    304
 126      3     62     60    304
 127      3    373     60    304
 128      3    539     60    304
 129      3    488     60    304
 130      3    571     60    304
 131      5     55      1    365
 132      3    144     60    304
 133      3     93     60    304
 134      3     10     60    304
 135      3     64     60    304
 136      3     40     60    304
 137      5     38      1    196
 138      5     21      1    365
 139      3     10     60    304
 140      3    192     60    304
 141      3    108     60    304
 142      3    508     60    304
 143      3    441     60    304
 144      3    155     60    304
 145      3     13     60    304
 146      5     41      1    365
 147      3    509     60    304
 148      3    186     60    304
 149      3     31     60    304
 150      1     26      1    365
 151      1     67      1    365
 152      1     45      1    365
 153      3     38     60    304
 154      3     18     60    304
 155      5     50      1    365
 156      1    158      1    365
 157      1    156      1    365
 158      3    186     60    304
 159      5   2640      1    365
 160      5  10567      1    365
 161      5   3743      1    365
 162      1    730      1    365
 163      1    529      1    365
 164      5      5      1    365
 165      5     12      1    365
 166      1     53     91    258
 167      5      7     60    274
 168      5     82     32    244
 169      5     21      1    365
 170      5     36      1    365
 171      3    134     60    304
 172      5     76     32    244
 173      5     31      1    365
 174      5   7255      1    365
 175      1     33      1    365
 176      3     45     60    304
 177      3    104     60    304
 178      3     67     60    304
 179      3     32     60    304
 180      3     31     60    304
 181      5     31      1    365
 182      3    886     60    304
 183      3    770     60    304
 184      3     21     60    304
 185      3     13     60    304
 186      3     41     60    304
 187      3     23     60    304
 188      3     69     60    304
 189      3   1673     60    304
 190      3    260     60    304
 191      3     89     60    304
 192      1    111     91    244
 193      1     16     91    244
 194      1     14      1    365
 195      3    338      1    365
 196      3     71     60    304
 197      3    211     60    304
 198      3     85     60    304
 199      5      3      1    365
 200      3    134     60    304
 201      5     10      1    365
 202      3     38     60    304
 203      5    170      1    365
 204      5     82      1    365
 205      5    265      1    365
 206      5     74      1    365
 207      5     70      1    365
 208      5     56      1    365
 209      3     22     60    304
 210      1     16     32    304
 211      5    107     91    161
 212      3    157     60    304
 213      3   1370     60    304
 214      3     15     60    304
 215      5     22     60    244
 216      1     18      1    365
 217      3    102     60    304
 218      5     17      1    365
 219      5     31      1    365
 220      3     29     60    304
 221      3    824      1    365
 222      5    172     60    244
 223      5     10      1    365
 224      5    155      1    365
 225      3    171     60    304
 226      3    107     60    304
 227      5    192      1    365
 228      5     31      1    365
 229      3     22     60    304
 230      3    611     60    304
 231      3   1098     60    304
 232      3    326     60    304
 233      1     81      1    365
 234      3     17     60    273
 235      3    252     60    304
 236      5   1781      1    365
 237      5    138      1    365
 238      3    861     60    304
 239      3    296     60    304
 240      3     68     60    304
 241      5     24      1    365
 242      5     46      1    365
 243      1    100      1    365
 244      1     72      1    365
 245      1     76      1    365
 246      1     74      1    365
 247      5    120     60    213
 248      5     21      1    365
 249      5     96     60    244
 250      5    832      1    365
 251      3    414     91    288
 252      5    550      1    365
 253      1     37      1    365
 254      3     23    105    273
 999      0      0      1    365
