   1      3     95     60    304
   2      3     63     60    304
   3      3     50     60    304
   4      3     20      1    365
   5      3   1455     60    304
   6      3   1948     60    304
   7      3   1605     60    304
   8      3      8      1    365
   9      3   3401     60    304
  10      3   3390     60    304
  11      3    438     60    304
  12      5    113      1    365
  13      5      7     60    182
  14      5     35     60    213
  15      5    113      1    365
  16      5      9     60    213
  17      5      4     91    365
  18      5    135     32    365
  19      5     34      1    365
  20      5    128     60    304
  21      5     24    121    244
  22      5    162     91    213
  23      5     92     60    274
  24      5     11     91    244
  25      5    211      1    258
  26      5     26     91    213
  27      5      2     91    244
  28      5     26     32    335
  29      5     49     60    244
  30      5     55     60    244
  31      1     46      1    365
  32      1     34      1    365
  33      1     72     60    213
  34      1     37     60    274
  35      1    157      1    365
  36      1    115      1    365
  37      1     19     60    244
  38      1     82      1    365
  39      1     32     32    244
  40      1     34      1    365
  41      1    111     32    244
  42      1    175     91    365
  43      1     84     60    365
  44      1    130     60    244
  45      1    161     91    244
  46      1     46     91    213
  47      1    196      1    274
  48      1     14     91    305
  49      1    231      1    258
  50      1    116     32    166
  51      1     63     60    166
  52      1     39      1    365
  53      1     60     60    293
  54      1     39     91    213
  55      1     88     60    152
  56      1    221     60    244
  57      1     90     60    304
  58      1    158     91    182
  59      1    123     60    182
  60      5     51      1    365
  61      5    271      1    365
  62      1    192      1    365
  63      5    106      1    365
  64      1      7      1    365
  65      1     53      1    365
  66      1    140      1    365
  67      1      8      1    365
  68      5    146      1    365
  69      5     51      1    365
  70      1     51      1    365
  71      1     70      1    365
  72      5     44      1    365
  73      1   1215      1    365
  74      3     45     60    304
  75      5     33      1    365
  76      1     55      1    365
  77      1     70      1    365
  78      1    120      1    365
  79      3     14     60    304
  80      1    125      1    365
  81      1    100      1    365
  82      3     30     60    304
  83      3      9     60    304
  84      5     18      1    365
  85      3      6     60    304
  86      3     13     60    304
  87      3     23     60    304
  88      3     18     60    304
  89      3     80     60    304
  90      3     53     60    304
  91      3     73     60    304
  92      1     69      1    365
  93      1     14      1    365
  94      3    254     60    304
  95      3    169     60    304
  96      1     88      1    365
  97      1     11      1    365
  98      3    117     60    304
  99      3    109     60    304
 100      3     27     60    304
 101      1     85      1    365
 102      1     70      1    365
 103      1     95      1    365
 104      1     48      1    365
 105      3     11     60    304
 106      3    146     60    304
 107      3     97     60    304
 108      3    136     60    304
 109      3     59     60    304
 110      3      7     60    304
 111      3     56     60    304
 112      1     42     60    244
 113      5      6      1    365
 114      3     69     60    304
 115      3     43     60    304
 116      3     40     60    304
 117      5    123      1    365
 118      3     11     60    304
 119      3     93     60    304
 120      3      1     60    304
 121      3      1     60    304
 122      3    501     60    304
 123      3     59     60    304
 124      3    927     60    304
 125      3    309     60    304
 126      3     51     60    304
 127      3    294     60    304
 128      3    545     60    304
 129      3    493     60    304
 130      3    438     60    304
 131      5     59      1    365
 132      3    188     60    304
 133      3     76     60    304
 134      3      8     60    304
 135      3     51     60    304
 136      3     40     60    304
 137      5     39      1    196
 138      5     22      1    365
 139      3     14     60    304
 140      3    194     60    304
 141      3    109     60    304
 142      3    663     60    304
 143      3    441     60    304
 144      3    127     60    304
 145      3     13     60    304
 146      5     37      1    365
 147      3    402     60    304
 148      3    153     60    304
 149      3     25     60    304
 150      1     25      1    365
 151      1     63      1    365
 152      1     70      1    365
 153      3     29     60    304
 154      3     18     60    304
 155      5     51      1    365
 156      1    248      1    365
 157      1    147      1    365
 158      3    153     60    304
 159      5   2702      1    365
 160      5  10815      1    365
 161      5   3831      1    365
 162      1   1146      1    365
 163      1    369      1    365
 164      5      5      1    365
 165      5     11      1    365
 166      1     83     91    258
 167      5      8     60    274
 168      5     84     32    244
 169      5     22      1    365
 170      5     37      1    365
 171      3    103     60    304
 172      5     78     32    244
 173      5     33      1    365
 174      5   7425      1    365
 175      1     32      1    365
 176      3     59     60    304
 177      3     82     60    304
 178      3     51     60    304
 179      3     32     60    304
 180      3     24     60    304
 181      5     31      1    365
 182      3   1158     60    304
 183      3    770     60    304
 184      3     16     60    304
 185      3     13     60    304
 186      3     34     60    304
 187      3     30     60    304
 188      3     53     60    304
 189      3   2186     60    304
 190      3    340     60    304
 191      3    116     60    304
 192      1    175     91    244
 193      1     26     91    244
 194      1     22      1    365
 195      3    259      1    365
 196      3     55     60    304
 197      3    275     60    304
 198      3     67     60    304
 199      5      3      1    365
 200      3    106     60    304
 201      5     10      1    365
 202      3     30     60    304
 203      5    174      1    365
 204      5     84      1    365
 205      5    272      1    365
 206      5     76      1    365
 207      5     70      1    365
 208      5     58      1    365
 209      3     18     60    304
 210      1     26     32    304
 211      5    113     91    161
 212      3    124     60    304
 213      3   1081     60    304
 214      3     20     60    304
 215      5     23     60    244
 216      1     29      1    365
 217      3     81     60    304
 218      5     18      1    365
 219      5     33      1    365
 220      3     38     60    304
 221      3    832      1    365
 222      5    183     60    244
 223      5     11      1    365
 224      5    165      1    365
 225      3    135     60    304
 226      3    107     60    304
 227      5    197      1    365
 228      5     31      1    365
 229      3     18     60    304
 230      3    501     60    304
 231      3    842     60    304
 232      3    329     60    304
 233      1    127      1    365
 234      3     23     60    273
 235      3    193     60    304
 236      5   1652      1    365
 237      5    146      1    365
 238      3    870     60    304
 239      3    299     60    304
 240      3     69     60    304
 241      5     25      1    365
 242      5     47      1    365
 243      1    157      1    365
 244      1    114      1    365
 245      1    119      1    365
 246      1     74      1    365
 247      5    128     60    213
 248      5     22      1    365
 249      5    102     60    244
 250      5    620      1    365
 251      3    340     91    288
 252      5    585      1    365
 253      1     58      1    365
 254      3     30    105    273
 999      0      0      1    365
