   1      3    107     60    304
   2      3    113     60    304
   3      3     50     60    304
   4      3     22      1    365
   5      3   1338     60    304
   6      3   1792     60    304
   7      3   1605     60    304
   8      3     14      1    365
   9      3   3129     60    304
  10      3   3119     60    304
  11      3    364     60    304
  12      5    105      1    365
  13      5      2     60    182
  14      5     32     60    213
  15      5    105      1    365
  16      5     16     60    213
  17      5      1     91    365
  18      5    125     32    365
  19      5     31      1    365
  20      5     38     60    304
  21      5     43    121    244
  22      5     69     91    213
  23      5    164     60    274
  24      5      3     91    244
  25      5    196      1    258
  26      5     46     91    213
  27      5      3     91    244
  28      5     24     32    335
  29      5     46     60    244
  30      5     98     60    244
  31      1     57      1    365
  32      1     41      1    365
  33      1     88     60    213
  34      1     45     60    274
  35      1    191      1    365
  36      1    140      1    365
  37      1     23     60    244
  38      1     99      1    365
  39      1     39     32    244
  40      1     41      1    365
  41      1    135     32    244
  42      1    162     91    365
  43      1     78     60    365
  44      1    120     60    244
  45      1    149     91    244
  46      1     42     91    213
  47      1    181      1    274
  48      1     13     91    305
  49      1    213      1    258
  50      1    107     32    166
  51      1     58     60    166
  52      1     36      1    365
  53      1     55     60    293
  54      1     36     91    213
  55      1     81     60    152
  56      1    204     60    244
  57      1    193     60    304
  58      1    145     91    182
  59      1    150     60    182
  60      5     48      1    365
  61      5     80      1    365
  62      1    234      1    365
  63      5     31      1    365
  64      1      6      1    365
  65      1     48      1    365
  66      1    129      1    365
  67      1     10      1    365
  68      5     43      1    365
  69      5     15      1    365
  70      1     62      1    365
  71      1     65      1    365
  72      5     13      1    365
  73      1   1810      1    365
  74      3     51     60    304
  75      5     10      1    365
  76      1    118      1    365
  77      1    150      1    365
  78      1    258      1    365
  79      3     25     60    304
  80      1    268      1    365
  81      1    215      1    365
  82      3     34     60    304
  83      3     10     60    304
  84      5      5      1    365
  85      3     11     60    304
  86      3     23     60    304
  87      3     19     60    304
  88      3     20     60    304
  89      3     90     60    304
  90      3     53     60    304
  91      3    131     60    304
  92      1     84      1    365
  93      1     18      1    365
  94      3    288     60    304
  95      3    169     60    304
  96      1     81      1    365
  97      1     10      1    365
  98      3     98     60    304
  99      3     91     60    304
 100      3     25     60    304
 101      1    182      1    365
 102      1    150      1    365
 103      1    204      1    365
 104      1     59      1    365
 105      3      9     60    304
 106      3    165     60    304
 107      3     97     60    304
 108      3    156     60    304
 109      3     68     60    304
 110      3      7     60    304
 111      3     47     60    304
 112      1     51     60    244
 113      5     10      1    365
 114      3     58     60    304
 115      3     43     60    304
 116      3     33     60    304
 117      5    219      1    365
 118      3     12     60    304
 119      3    108     60    304
 120      3      2     60    304
 121      3      1     60    304
 122      3    577     60    304
 123      3     59     60    304
 124      3    853     60    304
 125      3    257     60    304
 126      3     59     60    304
 127      3    526     60    304
 128      3    501     60    304
 129      3    453     60    304
 130      3    364     60    304
 131      5     17      1    365
 132      3    213     60    304
 133      3     88     60    304
 134      3     14     60    304
 135      3     90     60    304
 136      3     40     60    304
 137      5     36      1    196
 138      5     20      1    365
 139      3     15     60    304
 140      3    179     60    304
 141      3    100     60    304
 142      3    752     60    304
 143      3    441     60    304
 144      3    147     60    304
 145      3     12     60    304
 146      5     65      1    365
 147      3    718     60    304
 148      3    176     60    304
 149      3     29     60    304
 150      1     23      1    365
 151      1     58      1    365
 152      1     86      1    365
 153      3     24     60    304
 154      3     18     60    304
 155      5     48      1    365
 156      1    302      1    365
 157      1    136      1    365
 158      3    176     60    304
 159      5   2517      1    365
 160      5  10072      1    365
 161      5   3568      1    365
 162      1   1394      1    365
 163      1    794      1    365
 164      5      5      1    365
 165      5     20      1    365
 166      1    101     91    258
 167      5      7     60    274
 168      5     78     32    244
 169      5     20      1    365
 170      5     34      1    365
 171      3     86     60    304
 172      5     73     32    244
 173      5     10      1    365
 174      5   6915      1    365
 175      1     29      1    365
 176      3     67     60    304
 177      3    147     60    304
 178      3     43     60    304
 179      3     32     60    304
 180      3     20     60    304
 181      5     29      1    365
 182      3   1314     60    304
 183      3    770     60    304
 184      3     29     60    304
 185      3     13     60    304
 186      3     39     60    304
 187      3     34     60    304
 188      3     44     60    304
 189      3   2481     60    304
 190      3    386     60    304
 191      3    131     60    304
 192      1    213     91    244
 193      1     31     91    244
 194      1     27      1    365
 195      3    215      1    365
 196      3     45     60    304
 197      3    312     60    304
 198      3    120     60    304
 199      5      3      1    365
 200      3    190     60    304
 201      5      9      1    365
 202      3     54     60    304
 203      5    162      1    365
 204      5     78      1    365
 205      5    253      1    365
 206      5     71      1    365
 207      5     70      1    365
 208      5     54      1    365
 209      3     32     60    304
 210      1     31     32    304
 211      5     34     91    161
 212      3    221     60    304
 213      3   1933     60    304
 214      3     22     60    304
 215      5     21     60    244
 216      1     35      1    365
 217      3    144     60    304
 218      5      5      1    365
 219      5     10      1    365
 220      3     43     60    304
 221      3    766      1    365
 222      5     54     60    244
 223      5      3      1    365
 224      5     49      1    365
 225      3    242     60    304
 226      3    107     60    304
 227      5    183      1    365
 228      5     29      1    365
 229      3     32     60    304
 230      3    577     60    304
 231      3    700     60    304
 232      3    302     60    304
 233      1    154      1    365
 234      3     26     60    273
 235      3    161     60    304
 236      5    704      1    365
 237      5     43      1    365
 238      3    800     60    304
 239      3    275     60    304
 240      3     64     60    304
 241      5     23      1    365
 242      5     43      1    365
 243      1    191      1    365
 244      1    138      1    365
 245      1    144      1    365
 246      1     74      1    365
 247      5     38     60    213
 248      5      6      1    365
 249      5     30     60    244
 250      5    845      1    365
 251      3    391     91    288
 252      5    173      1    365
 253      1     70      1    365
 254      3     34    105    273
 999      0      0      1    365
