   1      3     69     60    304
   2      3    108     60    304
   3      3     50     60    304
   4      3     14      1    365
   5      3   1286     60    304
   6      3   1721     60    304
   7      3   1605     60    304
   8      3     13      1    365
   9      3   3006     60    304
  10      3   2997     60    304
  11      3    565     60    304
  12      5    108      1    365
  13      5      4     60    182
  14      5     33     60    213
  15      5    108      1    365
  16      5     21     60    213
  17      5      2     91    365
  18      5    129     32    365
  19      5     32      1    365
  20      5     67     60    304
  21      5     54    121    244
  22      5    216     91    213
  23      5    207     60    274
  24      5      6     91    244
  25      5    201      1    258
  26      5     58     91    213
  27      5      4     91    244
  28      5     25     32    335
  29      5     47     60    244
  30      5    124     60    244
  31      1     64      1    365
  32      1     46      1    365
  33      1     99     60    213
  34      1     51     60    274
  35      1    216      1    365
  36      1    159      1    365
  37      1     26     60    244
  38      1    112      1    365
  39      1     44     32    244
  40      1     46      1    365
  41      1    152     32    244
  42      1    200     91    365
  43      1     96     60    365
  44      1    148     60    244
  45      1    184     91    244
  46      1     52     91    213
  47      1    224      1    274
  48      1     16     91    305
  49      1    264      1    258
  50      1    132     32    166
  51      1     72     60    166
  52      1     44      1    365
  53      1     68     60    293
  54      1     44     91    213
  55      1    100     60    152
  56      1    252     60    244
  57      1     27     60    304
  58      1    180     91    182
  59      1    170     60    182
  60      5     49      1    365
  61      5    141      1    365
  62      1    264      1    365
  63      5     55      1    365
  64      1      8      1    365
  65      1     60      1    365
  66      1    160      1    365
  67      1     11      1    365
  68      5     76      1    365
  69      5     27      1    365
  70      1     70      1    365
  71      1     80      1    365
  72      5     23      1    365
  73      1    936      1    365
  74      3     33     60    304
  75      5     17      1    365
  76      1     16      1    365
  77      1     21      1    365
  78      1     35      1    365
  79      3     24     60    304
  80      1     37      1    365
  81      1     30      1    365
  82      3     22     60    304
  83      3      7     60    304
  84      5     10      1    365
  85      3     11     60    304
  86      3     22     60    304
  87      3     29     60    304
  88      3     13     60    304
  89      3     58     60    304
  90      3     53     60    304
  91      3    126     60    304
  92      1     95      1    365
  93      1     20      1    365
  94      3    186     60    304
  95      3    169     60    304
  96      1    100      1    365
  97      1     12      1    365
  98      3    152     60    304
  99      3    141     60    304
 100      3     24     60    304
 101      1     25      1    365
 102      1     21      1    365
 103      1     28      1    365
 104      1     66      1    365
 105      3     15     60    304
 106      3    107     60    304
 107      3     97     60    304
 108      3     74     60    304
 109      3     33     60    304
 110      3      7     60    304
 111      3     73     60    304
 112      1     57     60    244
 113      5     12      1    365
 114      3     89     60    304
 115      3     43     60    304
 116      3     52     60    304
 117      5    278      1    365
 118      3      8     60    304
 119      3     51     60    304
 120      3      2     60    304
 121      3      1     60    304
 122      3    274     60    304
 123      3     59     60    304
 124      3    819     60    304
 125      3    399     60    304
 126      3     28     60    304
 127      3    506     60    304
 128      3    482     60    304
 129      3    435     60    304
 130      3    565     60    304
 131      5     30      1    365
 132      3    137     60    304
 133      3     42     60    304
 134      3     13     60    304
 135      3     87     60    304
 136      3     40     60    304
 137      5     37      1    196
 138      5     21      1    365
 139      3     10     60    304
 140      3    172     60    304
 141      3     97     60    304
 142      3    485     60    304
 143      3    441     60    304
 144      3     70     60    304
 145      3     12     60    304
 146      5     83      1    365
 147      3    690     60    304
 148      3     84     60    304
 149      3     14     60    304
 150      1     28      1    365
 151      1     72      1    365
 152      1     97      1    365
 153      3     37     60    304
 154      3     18     60    304
 155      5     49      1    365
 156      1    341      1    365
 157      1    168      1    365
 158      3     84     60    304
 159      5   2580      1    365
 160      5  10325      1    365
 161      5   3657      1    365
 162      1   1575      1    365
 163      1    109      1    365
 164      5      5      1    365
 165      5     25      1    365
 166      1    115     91    258
 167      5      7     60    274
 168      5     80     32    244
 169      5     21      1    365
 170      5     35      1    365
 171      3    133     60    304
 172      5     75     32    244
 173      5     17      1    365
 174      5   7089      1    365
 175      1     36      1    365
 176      3     43     60    304
 177      3    141     60    304
 178      3     66     60    304
 179      3     32     60    304
 180      3     31     60    304
 181      5     30      1    365
 182      3    846     60    304
 183      3    770     60    304
 184      3     28     60    304
 185      3     13     60    304
 186      3     19     60    304
 187      3     22     60    304
 188      3     68     60    304
 189      3   1597     60    304
 190      3    248     60    304
 191      3     85     60    304
 192      1    240     91    244
 193      1     35     91    244
 194      1     31      1    365
 195      3    334      1    365
 196      3     71     60    304
 197      3    201     60    304
 198      3    115     60    304
 199      5      3      1    365
 200      3    182     60    304
 201      5      9      1    365
 202      3     52     60    304
 203      5    166      1    365
 204      5     80      1    365
 205      5    259      1    365
 206      5     73      1    365
 207      5     70      1    365
 208      5     55      1    365
 209      3     30     60    304
 210      1     35     32    304
 211      5     59     91    161
 212      3    213     60    304
 213      3   1857     60    304
 214      3     14     60    304
 215      5     22     60    244
 216      1     40      1    365
 217      3    139     60    304
 218      5     10      1    365
 219      5     17      1    365
 220      3     27     60    304
 221      3    736      1    365
 222      5     95     60    244
 223      5      6      1    365
 224      5     86      1    365
 225      3    232     60    304
 226      3    107     60    304
 227      5    188      1    365
 228      5     30      1    365
 229      3     30     60    304
 230      3    274     60    304
 231      3   1086     60    304
 232      3    291     60    304
 233      1    174      1    365
 234      3     16     60    273
 235      3    249     60    304
 236      5   2213      1    365
 237      5     76      1    365
 238      3    769     60    304
 239      3    264     60    304
 240      3     61     60    304
 241      5     24      1    365
 242      5     45      1    365
 243      1    216      1    365
 244      1    156      1    365
 245      1    163      1    365
 246      1     74      1    365
 247      5     67     60    213
 248      5     11      1    365
 249      5     53     60    244
 250      5   2737      1    365
 251      3    186     91    288
 252      5    304      1    365
 253      1     79      1    365
 254      3     22    105    273
 999      0      0      1    365
