   1      3    100     60    304
   2      3     85     60    304
   3      3     50     60    304
   4      3     21      1    365
   5      3   1281     60    304
   6      3   1714     60    304
   7      3   1605     60    304
   8      3     10      1    365
   9      3   2994     60    304
  10      3   2984     60    304
  11      3    376     60    304
  12      5    112      1    365
  13      5      4     60    182
  14      5     34     60    213
  15      5    112      1    365
  16      5     17     60    213
  17      5      2     91    365
  18      5    133     32    365
  19      5     33      1    365
  20      5     67     60    304
  21      5     45    121    244
  22      5    257     91    213
  23      5    175     60    274
  24      5      6     91    244
  25      5    208      1    258
  26      5     49     91    213
  27      5      3     91    244
  28      5     26     32    335
  29      5     48     60    244
  30      5    105     60    244
  31      1     53      1    365
  32      1     38      1    365
  33      1     82     60    213
  34      1     42     60    274
  35      1    179      1    365
  36      1    131      1    365
  37      1     22     60    244
  38      1     93      1    365
  39      1     36     32    244
  40      1     38      1    365
  41      1    126     32    244
  42      1    249     91    365
  43      1    119     60    365
  44      1    184     60    244
  45      1    229     91    244
  46      1     65     91    213
  47      1    279      1    274
  48      1     20     91    305
  49      1    328      1    258
  50      1    164     32    166
  51      1     90     60    166
  52      1     55      1    365
  53      1     85     60    293
  54      1     55     91    213
  55      1    124     60    152
  56      1    314     60    244
  57      1    130     60    304
  58      1    224     91    182
  59      1    140     60    182
  60      5     51      1    365
  61      5    142      1    365
  62      1    219      1    365
  63      5     56      1    365
  64      1     10      1    365
  65      1     75      1    365
  66      1    199      1    365
  67      1      9      1    365
  68      5     77      1    365
  69      5     27      1    365
  70      1     58      1    365
  71      1    100      1    365
  72      5     23      1    365
  73      1   1564      1    365
  74      3     48     60    304
  75      5     17      1    365
  76      1     80      1    365
  77      1    101      1    365
  78      1    174      1    365
  79      3     19     60    304
  80      1    181      1    365
  81      1    145      1    365
  82      3     32     60    304
  83      3     10     60    304
  84      5     10      1    365
  85      3      8     60    304
  86      3     17     60    304
  87      3     19     60    304
  88      3     19     60    304
  89      3     84     60    304
  90      3     53     60    304
  91      3     98     60    304
  92      1     78      1    365
  93      1     16      1    365
  94      3    269     60    304
  95      3    169     60    304
  96      1    124      1    365
  97      1     15      1    365
  98      3    101     60    304
  99      3     94     60    304
 100      3     23     60    304
 101      1    123      1    365
 102      1    101      1    365
 103      1    138      1    365
 104      1     55      1    365
 105      3     10     60    304
 106      3    154     60    304
 107      3     97     60    304
 108      3     54     60    304
 109      3     24     60    304
 110      3      7     60    304
 111      3     48     60    304
 112      1     47     60    244
 113      5     10      1    365
 114      3     59     60    304
 115      3     43     60    304
 116      3     35     60    304
 117      5    234      1    365
 118      3     11     60    304
 119      3     37     60    304
 120      3      2     60    304
 121      3      1     60    304
 122      3    201     60    304
 123      3     59     60    304
 124      3    816     60    304
 125      3    265     60    304
 126      3     20     60    304
 127      3    395     60    304
 128      3    480     60    304
 129      3    434     60    304
 130      3    376     60    304
 131      5     31      1    365
 132      3    199     60    304
 133      3     31     60    304
 134      3     10     60    304
 135      3     68     60    304
 136      3     40     60    304
 137      5     39      1    196
 138      5     21      1    365
 139      3     14     60    304
 140      3    171     60    304
 141      3     96     60    304
 142      3    702     60    304
 143      3    441     60    304
 144      3     51     60    304
 145      3     12     60    304
 146      5     70      1    365
 147      3    539     60    304
 148      3     61     60    304
 149      3     10     60    304
 150      1     35      1    365
 151      1     90      1    365
 152      1     80      1    365
 153      3     25     60    304
 154      3     18     60    304
 155      5     51      1    365
 156      1    282      1    365
 157      1    209      1    365
 158      3     61     60    304
 159      5   2674      1    365
 160      5  10701      1    365
 161      5   3790      1    365
 162      1   1303      1    365
 163      1    536      1    365
 164      5      5      1    365
 165      5     21      1    365
 166      1     95     91    258
 167      5      8     60    274
 168      5     83     32    244
 169      5     21      1    365
 170      5     37      1    365
 171      3     88     60    304
 172      5     77     32    244
 173      5     17      1    365
 174      5   7347      1    365
 175      1     45      1    365
 176      3     62     60    304
 177      3    110     60    304
 178      3     44     60    304
 179      3     32     60    304
 180      3     21     60    304
 181      5     31      1    365
 182      3   1226     60    304
 183      3    770     60    304
 184      3     22     60    304
 185      3     13     60    304
 186      3     14     60    304
 187      3     32     60    304
 188      3     46     60    304
 189      3   2316     60    304
 190      3    360     60    304
 191      3    123     60    304
 192      1    199     91    244
 193      1     29     91    244
 194      1     26      1    365
 195      3    223      1    365
 196      3     47     60    304
 197      3    291     60    304
 198      3     90     60    304
 199      5      3      1    365
 200      3    142     60    304
 201      5     10      1    365
 202      3     41     60    304
 203      5    172      1    365
 204      5     83      1    365
 205      5    269      1    365
 206      5     75      1    365
 207      5     70      1    365
 208      5     57      1    365
 209      3     24     60    304
 210      1     29     32    304
 211      5     60     91    161
 212      3    166     60    304
 213      3   1450     60    304
 214      3     21     60    304
 215      5     23     60    244
 216      1     33      1    365
 217      3    108     60    304
 218      5     10      1    365
 219      5     17      1    365
 220      3     40     60    304
 221      3    733      1    365
 222      5     96     60    244
 223      5      6      1    365
 224      5     86      1    365
 225      3    181     60    304
 226      3    107     60    304
 227      5    195      1    365
 228      5     31      1    365
 229      3     24     60    304
 230      3    201     60    304
 231      3    723     60    304
 232      3    289     60    304
 233      1    144      1    365
 234      3     24     60    273
 235      3    166     60    304
 236      5   2628      1    365
 237      5     77      1    365
 238      3    766     60    304
 239      3    263     60    304
 240      3     61     60    304
 241      5     25      1    365
 242      5     46      1    365
 243      1    179      1    365
 244      1    129      1    365
 245      1    135      1    365
 246      1     74      1    365
 247      5     67     60    213
 248      5     12      1    365
 249      5     54     60    244
 250      5    544      1    365
 251      3    136     91    288
 252      5    307      1    365
 253      1     66      1    365
 254      3     32    105    273
 999      0      0      1    365
