   1      3     85     60    304
   2      3     88     60    304
   3      3     50     60    304
   4      3     17      1    365
   5      3   1260     60    304
   6      3   1686     60    304
   7      3   1605     60    304
   8      3     11      1    365
   9      3   2945     60    304
  10      3   2935     60    304
  11      3    390     60    304
  12      5    106      1    365
  13      5      8     60    182
  14      5     32     60    213
  15      5    106      1    365
  16      5     65     60    213
  17      5      4     91    365
  18      5    126     32    365
  19      5     31      1    365
  20      5    135     60    304
  21      5    169    121    244
  22      5    154     91    213
  23      5    652     60    274
  24      5     12     91    244
  25      5    197      1    258
  26      5    183     91    213
  27      5     13     91    244
  28      5     24     32    335
  29      5     46     60    244
  30      5    391     60    244
  31      1     34      1    365
  32      1     25      1    365
  33      1     53     60    213
  34      1     27     60    274
  35      1    116      1    365
  36      1     85      1    365
  37      1     14     60    244
  38      1     60      1    365
  39      1     24     32    244
  40      1     25      1    365
  41      1     81     32    244
  42      1    213     91    365
  43      1    102     60    365
  44      1    158     60    244
  45      1    196     91    244
  46      1     55     91    213
  47      1    239      1    274
  48      1     17     91    305
  49      1    282      1    258
  50      1    141     32    166
  51      1     77     60    166
  52      1     47      1    365
  53      1     73     60    293
  54      1     47     91    213
  55      1    107     60    152
  56      1    269     60    244
  57      1    110     60    304
  58      1    192     91    182
  59      1     91     60    182
  60      5     48      1    365
  61      5    285      1    365
  62      1    142      1    365
  63      5    112      1    365
  64      1      9      1    365
  65      1     64      1    365
  66      1    171      1    365
  67      1      6      1    365
  68      5    154      1    365
  69      5     54      1    365
  70      1     38      1    365
  71      1     85      1    365
  72      5     46      1    365
  73      1    187      1    365
  74      3     40     60    304
  75      5     35      1    365
  76      1     67      1    365
  77      1     85      1    365
  78      1    146      1    365
  79      3     19     60    304
  80      1    153      1    365
  81      1    122      1    365
  82      3     27     60    304
  83      3      8     60    304
  84      5     19      1    365
  85      3      9     60    304
  86      3     18     60    304
  87      3     20     60    304
  88      3     16     60    304
  89      3     71     60    304
  90      3     53     60    304
  91      3    103     60    304
  92      1     51      1    365
  93      1     11      1    365
  94      3    227     60    304
  95      3    169     60    304
  96      1    107      1    365
  97      1     13      1    365
  98      3    105     60    304
  99      3     98     60    304
 100      3     23     60    304
 101      1    104      1    365
 102      1     85      1    365
 103      1    116      1    365
 104      1     35      1    365
 105      3     10     60    304
 106      3    130     60    304
 107      3     97     60    304
 108      3    177     60    304
 109      3     77     60    304
 110      3      7     60    304
 111      3     50     60    304
 112      1     31     60    244
 113      5     39      1    365
 114      3     62     60    304
 115      3     43     60    304
 116      3     36     60    304
 117      5    873      1    365
 118      3      9     60    304
 119      3    122     60    304
 120      3      2     60    304
 121      3      1     60    304
 122      3    653     60    304
 123      3     59     60    304
 124      3    803     60    304
 125      3    276     60    304
 126      3     66     60    304
 127      3    412     60    304
 128      3    472     60    304
 129      3    427     60    304
 130      3    390     60    304
 131      5     62      1    365
 132      3    168     60    304
 133      3    100     60    304
 134      3     11     60    304
 135      3     71     60    304
 136      3     40     60    304
 137      5     37      1    196
 138      5     20      1    365
 139      3     12     60    304
 140      3    168     60    304
 141      3     95     60    304
 142      3    593     60    304
 143      3    441     60    304
 144      3    166     60    304
 145      3     12     60    304
 146      5    261      1    365
 147      3    563     60    304
 148      3    199     60    304
 149      3     33     60    304
 150      1     30      1    365
 151      1     77      1    365
 152      1     52      1    365
 153      3     26     60    304
 154      3     18     60    304
 155      5     48      1    365
 156      1    183      1    365
 157      1    179      1    365
 158      3    199     60    304
 159      5   2525      1    365
 160      5  10105      1    365
 161      5   3579      1    365
 162      1    844      1    365
 163      1    452      1    365
 164      5      5      1    365
 165      5     78      1    365
 166      1     61     91    258
 167      5      7     60    274
 168      5     78     32    244
 169      5     20      1    365
 170      5     35      1    365
 171      3     92     60    304
 172      5     73     32    244
 173      5     35      1    365
 174      5   6937      1    365
 175      1     38      1    365
 176      3     52     60    304
 177      3    115     60    304
 178      3     46     60    304
 179      3     32     60    304
 180      3     22     60    304
 181      5     29      1    365
 182      3   1035     60    304
 183      3    770     60    304
 184      3     23     60    304
 185      3     13     60    304
 186      3     44     60    304
 187      3     27     60    304
 188      3     47     60    304
 189      3   1955     60    304
 190      3    304     60    304
 191      3    104     60    304
 192      1    129     91    244
 193      1     19     91    244
 194      1     17      1    365
 195      3    231      1    365
 196      3     49     60    304
 197      3    246     60    304
 198      3     94     60    304
 199      5      3      1    365
 200      3    149     60    304
 201      5      9      1    365
 202      3     42     60    304
 203      5    162      1    365
 204      5     78      1    365
 205      5    254      1    365
 206      5     71      1    365
 207      5     70      1    365
 208      5     54      1    365
 209      3     25     60    304
 210      1     19     32    304
 211      5    119     91    161
 212      3    173     60    304
 213      3   1515     60    304
 214      3     17     60    304
 215      5     21     60    244
 216      1     21      1    365
 217      3    113     60    304
 218      5     19      1    365
 219      5     35      1    365
 220      3     34     60    304
 221      3    721      1    365
 222      5    193     60    244
 223      5     12      1    365
 224      5    173      1    365
 225      3    189     60    304
 226      3    107     60    304
 227      5    184      1    365
 228      5     29      1    365
 229      3     25     60    304
 230      3    653     60    304
 231      3    751     60    304
 232      3    285     60    304
 233      1     93      1    365
 234      3     20     60    273
 235      3    172     60    304
 236      5   1570      1    365
 237      5    154      1    365
 238      3    753     60    304
 239      3    258     60    304
 240      3     60     60    304
 241      5     23      1    365
 242      5     44      1    365
 243      1    116      1    365
 244      1     84      1    365
 245      1     87      1    365
 246      1     74      1    365
 247      5    135     60    213
 248      5     23      1    365
 249      5    108     60    244
 250      5   2418      1    365
 251      3    443     91    288
 252      5    617      1    365
 253      1     42      1    365
 254      3     27    105    273
 999      0      0      1    365
