   1      3    112     60    304
   2      3    120     60    304
   3      3     50     60    304
   4      3     23      1    365
   5      3   1264     60    304
   6      3   1691     60    304
   7      3   1605     60    304
   8      3     14      1    365
   9      3   2954     60    304
  10      3   2944     60    304
  11      3    676     60    304
  12      5    111      1    365
  13      5      8     60    182
  14      5     34     60    213
  15      5    111      1    365
  16      5     10     60    213
  17      5      4     91    365
  18      5    132     32    365
  19      5     33      1    365
  20      5    144     60    304
  21      5     25    121    244
  22      5    122     91    213
  23      5     97     60    274
  24      5     12     91    244
  25      5    207      1    258
  26      5     27     91    213
  27      5      2     91    244
  28      5     26     32    335
  29      5     48     60    244
  30      5     58     60    244
  31      1     35      1    365
  32      1     25      1    365
  33      1     54     60    213
  34      1     28     60    274
  35      1    118      1    365
  36      1     87      1    365
  37      1     14     60    244
  38      1     61      1    365
  39      1     24     32    244
  40      1     25      1    365
  41      1     83     32    244
  42      1    192     91    365
  43      1     92     60    365
  44      1    142     60    244
  45      1    176     91    244
  46      1     50     91    213
  47      1    215      1    274
  48      1     15     91    305
  49      1    253      1    258
  50      1    127     32    166
  51      1     69     60    166
  52      1     42      1    365
  53      1     65     60    293
  54      1     42     91    213
  55      1     96     60    152
  56      1    242     60    244
  57      1    137     60    304
  58      1    173     91    182
  59      1     93     60    182
  60      5     50      1    365
  61      5    305      1    365
  62      1    144      1    365
  63      5    120      1    365
  64      1      8      1    365
  65      1     58      1    365
  66      1    153      1    365
  67      1      6      1    365
  68      5    165      1    365
  69      5     58      1    365
  70      1     39      1    365
  71      1     77      1    365
  72      5     50      1    365
  73      1    638      1    365
  74      3     54     60    304
  75      5     37      1    365
  76      1     84      1    365
  77      1    107      1    365
  78      1    183      1    365
  79      3     26     60    304
  80      1    191      1    365
  81      1    152      1    365
  82      3     36     60    304
  83      3     11     60    304
  84      5     21      1    365
  85      3     12     60    304
  86      3     24     60    304
  87      3     35     60    304
  88      3     21     60    304
  89      3     95     60    304
  90      3     53     60    304
  91      3    139     60    304
  92      1     52      1    365
  93      1     11      1    365
  94      3    302     60    304
  95      3    169     60    304
  96      1     96      1    365
  97      1     12      1    365
  98      3    181     60    304
  99      3    169     60    304
 100      3     23     60    304
 101      1    130      1    365
 102      1    107      1    365
 103      1    145      1    365
 104      1     36      1    365
 105      3     17     60    304
 106      3    173     60    304
 107      3     97     60    304
 108      3     29     60    304
 109      3     13     60    304
 110      3      7     60    304
 111      3     87     60    304
 112      1     31     60    244
 113      5      6      1    365
 114      3    107     60    304
 115      3     43     60    304
 116      3     62     60    304
 117      5    130      1    365
 118      3     12     60    304
 119      3     20     60    304
 120      3      2     60    304
 121      3      1     60    304
 122      3    108     60    304
 123      3     59     60    304
 124      3    805     60    304
 125      3    477     60    304
 126      3     11     60    304
 127      3    559     60    304
 128      3    473     60    304
 129      3    428     60    304
 130      3    676     60    304
 131      5     66      1    365
 132      3    223     60    304
 133      3     16     60    304
 134      3     14     60    304
 135      3     96     60    304
 136      3     40     60    304
 137      5     38      1    196
 138      5     21      1    365
 139      3     16     60    304
 140      3    169     60    304
 141      3     95     60    304
 142      3    787     60    304
 143      3    441     60    304
 144      3     27     60    304
 145      3     12     60    304
 146      5     39      1    365
 147      3    763     60    304
 148      3     33     60    304
 149      3      5     60    304
 150      1     27      1    365
 151      1     69      1    365
 152      1     53      1    365
 153      3     45     60    304
 154      3     18     60    304
 155      5     50      1    365
 156      1    187      1    365
 157      1    161      1    365
 158      3     33     60    304
 159      5   2650      1    365
 160      5  10605      1    365
 161      5   3757      1    365
 162      1    861      1    365
 163      1    564      1    365
 164      5      5      1    365
 165      5     12      1    365
 166      1     63     91    258
 167      5      7     60    274
 168      5     82     32    244
 169      5     21      1    365
 170      5     36      1    365
 171      3    159     60    304
 172      5     77     32    244
 173      5     37      1    365
 174      5   7281      1    365
 175      1     35      1    365
 176      3     70     60    304
 177      3    156     60    304
 178      3     79     60    304
 179      3     32     60    304
 180      3     37     60    304
 181      5     31      1    365
 182      3   1374     60    304
 183      3    770     60    304
 184      3     31     60    304
 185      3     13     60    304
 186      3      7     60    304
 187      3     36     60    304
 188      3     82     60    304
 189      3   2595     60    304
 190      3    403     60    304
 191      3    137     60    304
 192      1    131     91    244
 193      1     19     91    244
 194      1     17      1    365
 195      3    400      1    365
 196      3     84     60    304
 197      3    327     60    304
 198      3    127     60    304
 199      5      3      1    365
 200      3    202     60    304
 201      5     10      1    365
 202      3     58     60    304
 203      5    170      1    365
 204      5     82      1    365
 205      5    266      1    365
 206      5     75      1    365
 207      5     70      1    365
 208      5     56      1    365
 209      3     34     60    304
 210      1     19     32    304
 211      5    128     91    161
 212      3    235     60    304
 213      3   2055     60    304
 214      3     23     60    304
 215      5     22     60    244
 216      1     22      1    365
 217      3    154     60    304
 218      5     21      1    365
 219      5     37      1    365
 220      3     45     60    304
 221      3    723      1    365
 222      5    206     60    244
 223      5     12      1    365
 224      5    186      1    365
 225      3    257     60    304
 226      3    107     60    304
 227      5    193      1    365
 228      5     31      1    365
 229      3     34     60    304
 230      3    108     60    304
 231      3   1299     60    304
 232      3    286     60    304
 233      1     95      1    365
 234      3     27     60    273
 235      3    298     60    304
 236      5   1252      1    365
 237      5    165      1    365
 238      3    756     60    304
 239      3    259     60    304
 240      3     60     60    304
 241      5     24      1    365
 242      5     46      1    365
 243      1    118      1    365
 244      1     85      1    365
 245      1     89      1    365
 246      1     74      1    365
 247      5    144     60    213
 248      5     25      1    365
 249      5    116     60    244
 250      5    352      1    365
 251      3     73     91    288
 252      5    660      1    365
 253      1     43      1    365
 254      3     36    105    273
 999      0      0      1    365
