   1      3     65     60    304
   2      3    102     60    304
   3      3     50     60    304
   4      3     13      1    365
   5      3   1470     60    304
   6      3   1968     60    304
   7      3   1605     60    304
   8      3     12      1    365
   9      3   3438     60    304
  10      3   3426     60    304
  11      3    283     60    304
  12      5    111      1    365
  13      5      2     60    182
  14      5     34     60    213
  15      5    111      1    365
  16      5     41     60    213
  17      5      1     91    365
  18      5    132     32    365
  19      5     33      1    365
  20      5     37     60    304
  21      5    106    121    244
  22      5     95     91    213
  23      5    408     60    274
  24      5      3     91    244
  25      5    207      1    258
  26      5    114     91    213
  27      5      8     91    244
  28      5     26     32    335
  29      5     48     60    244
  30      5    245     60    244
  31      1     66      1    365
  32      1     48      1    365
  33      1    102     60    213
  34      1     52     60    274
  35      1    222      1    365
  36      1    163      1    365
  37      1     27     60    244
  38      1    115      1    365
  39      1     45     32    244
  40      1     48      1    365
  41      1    156     32    244
  42      1    180     91    365
  43      1     87     60    365
  44      1    133     60    244
  45      1    166     91    244
  46      1     47     91    213
  47      1    202      1    274
  48      1     14     91    305
  49      1    238      1    258
  50      1    119     32    166
  51      1     65     60    166
  52      1     40      1    365
  53      1     61     60    293
  54      1     40     91    213
  55      1     90     60    152
  56      1    227     60    244
  57      1    207     60    304
  58      1    162     91    182
  59      1    174     60    182
  60      5     50      1    365
  61      5     78      1    365
  62      1    272      1    365
  63      5     31      1    365
  64      1      7      1    365
  65      1     54      1    365
  66      1    144      1    365
  67      1     11      1    365
  68      5     42      1    365
  69      5     15      1    365
  70      1     72      1    365
  71      1     72      1    365
  72      5     13      1    365
  73      1   1946      1    365
  74      3     31     60    304
  75      5     10      1    365
  76      1    126      1    365
  77      1    161      1    365
  78      1    276      1    365
  79      3     22     60    304
  80      1    287      1    365
  81      1    230      1    365
  82      3     21     60    304
  83      3      6     60    304
  84      5      5      1    365
  85      3     10     60    304
  86      3     20     60    304
  87      3     15     60    304
  88      3     12     60    304
  89      3     55     60    304
  90      3     53     60    304
  91      3    118     60    304
  92      1     97      1    365
  93      1     20      1    365
  94      3    175     60    304
  95      3    169     60    304
  96      1     90      1    365
  97      1     11      1    365
  98      3     76     60    304
  99      3     71     60    304
 100      3     27     60    304
 101      1    195      1    365
 102      1    161      1    365
 103      1    218      1    365
 104      1     68      1    365
 105      3      7     60    304
 106      3    100     60    304
 107      3     97     60    304
 108      3     49     60    304
 109      3     21     60    304
 110      3      7     60    304
 111      3     36     60    304
 112      1     59     60    244
 113      5     24      1    365
 114      3     45     60    304
 115      3     43     60    304
 116      3     26     60    304
 117      5    547      1    365
 118      3      7     60    304
 119      3     34     60    304
 120      3      2     60    304
 121      3      1     60    304
 122      3    181     60    304
 123      3     59     60    304
 124      3    937     60    304
 125      3    200     60    304
 126      3     18     60    304
 127      3    475     60    304
 128      3    551     60    304
 129      3    498     60    304
 130      3    283     60    304
 131      5     17      1    365
 132      3    129     60    304
 133      3     28     60    304
 134      3     12     60    304
 135      3     81     60    304
 136      3     40     60    304
 137      5     38      1    196
 138      5     21      1    365
 139      3      9     60    304
 140      3    196     60    304
 141      3    110     60    304
 142      3    455     60    304
 143      3    441     60    304
 144      3     46     60    304
 145      3     13     60    304
 146      5    163      1    365
 147      3    648     60    304
 148      3     55     60    304
 149      3      9     60    304
 150      1     25      1    365
 151      1     65      1    365
 152      1    100      1    365
 153      3     19     60    304
 154      3     18     60    304
 155      5     50      1    365
 156      1    351      1    365
 157      1    152      1    365
 158      3     55     60    304
 159      5   2649      1    365
 160      5  10601      1    365
 161      5   3755      1    365
 162      1   1619      1    365
 163      1    850      1    365
 164      5      5      1    365
 165      5     49      1    365
 166      1    118     91    258
 167      5      7     60    274
 168      5     82     32    244
 169      5     21      1    365
 170      5     36      1    365
 171      3     67     60    304
 172      5     77     32    244
 173      5     10      1    365
 174      5   7278      1    365
 175      1     32      1    365
 176      3     40     60    304
 177      3    132     60    304
 178      3     33     60    304
 179      3     32     60    304
 180      3     16     60    304
 181      5     31      1    365
 182      3    795     60    304
 183      3    770     60    304
 184      3     26     60    304
 185      3     13     60    304
 186      3     12     60    304
 187      3     21     60    304
 188      3     34     60    304
 189      3   1502     60    304
 190      3    233     60    304
 191      3     80     60    304
 192      1    247     91    244
 193      1     36     91    244
 194      1     32      1    365
 195      3    168      1    365
 196      3     35     60    304
 197      3    189     60    304
 198      3    108     60    304
 199      5      3      1    365
 200      3    171     60    304
 201      5     10      1    365
 202      3     49     60    304
 203      5    170      1    365
 204      5     82      1    365
 205      5    266      1    365
 206      5     75      1    365
 207      5     70      1    365
 208      5     56      1    365
 209      3     29     60    304
 210      1     36     32    304
 211      5     33     91    161
 212      3    200     60    304
 213      3   1744     60    304
 214      3     13     60    304
 215      5     22     60    244
 216      1     41      1    365
 217      3    130     60    304
 218      5      5      1    365
 219      5     10      1    365
 220      3     26     60    304
 221      3    841      1    365
 222      5     53     60    244
 223      5      3      1    365
 224      5     48      1    365
 225      3    218     60    304
 226      3    107     60    304
 227      5    193      1    365
 228      5     31      1    365
 229      3     29     60    304
 230      3    181     60    304
 231      3    545     60    304
 232      3    332     60    304
 233      1    179      1    365
 234      3     15     60    273
 235      3    125     60    304
 236      5    973      1    365
 237      5     42      1    365
 238      3    879     60    304
 239      3    302     60    304
 240      3     70     60    304
 241      5     24      1    365
 242      5     46      1    365
 243      1    222      1    365
 244      1    161      1    365
 245      1    168      1    365
 246      1     74      1    365
 247      5     37     60    213
 248      5      6      1    365
 249      5     30     60    244
 250      5   1038      1    365
 251      3    123     91    288
 252      5    169      1    365
 253      1     81      1    365
 254      3     21    105    273
 999      0      0      1    365
