   1      3     68     60    304
   2      3    109     60    304
   3      3     50     60    304
   4      3     14      1    365
   5      3   1279     60    304
   6      3   1712     60    304
   7      3   1605     60    304
   8      3     13      1    365
   9      3   2989     60    304
  10      3   2980     60    304
  11      3    433     60    304
  12      5    113      1    365
  13      5      3     60    182
  14      5     35     60    213
  15      5    113      1    365
  16      5     63     60    213
  17      5      1     91    365
  18      5    134     32    365
  19      5     34      1    365
  20      5     52     60    304
  21      5    164    121    244
  22      5    224     91    213
  23      5    631     60    274
  24      5      4     91    244
  25      5    210      1    258
  26      5    177     91    213
  27      5     13     91    244
  28      5     26     32    335
  29      5     49     60    244
  30      5    379     60    244
  31      1     44      1    365
  32      1     32      1    365
  33      1     68     60    213
  34      1     35     60    274
  35      1    149      1    365
  36      1    110      1    365
  37      1     18     60    244
  38      1     78      1    365
  39      1     30     32    244
  40      1     32      1    365
  41      1    105     32    244
  42      1    215     91    365
  43      1    103     60    365
  44      1    159     60    244
  45      1    198     91    244
  46      1     56     91    213
  47      1    241      1    274
  48      1     17     91    305
  49      1    284      1    258
  50      1    142     32    166
  51      1     77     60    166
  52      1     47      1    365
  53      1     73     60    293
  54      1     47     91    213
  55      1    108     60    152
  56      1    271     60    244
  57      1    106     60    304
  58      1    194     91    182
  59      1    117     60    182
  60      5     51      1    365
  61      5    110      1    365
  62      1    183      1    365
  63      5     43      1    365
  64      1      9      1    365
  65      1     65      1    365
  66      1    172      1    365
  67      1      8      1    365
  68      5     60      1    365
  69      5     21      1    365
  70      1     49      1    365
  71      1     86      1    365
  72      5     18      1    365
  73      1    111      1    365
  74      3     32     60    304
  75      5     13      1    365
  76      1     65      1    365
  77      1     82      1    365
  78      1    141      1    365
  79      3     24     60    304
  80      1    147      1    365
  81      1    118      1    365
  82      3     22     60    304
  83      3      6     60    304
  84      5      7      1    365
  85      3     11     60    304
  86      3     22     60    304
  87      3     22     60    304
  88      3     13     60    304
  89      3     57     60    304
  90      3     53     60    304
  91      3    126     60    304
  92      1     65      1    365
  93      1     14      1    365
  94      3    183     60    304
  95      3    169     60    304
  96      1    108      1    365
  97      1     13      1    365
  98      3    116     60    304
  99      3    108     60    304
 100      3     23     60    304
 101      1    100      1    365
 102      1     82      1    365
 103      1    112      1    365
 104      1     46      1    365
 105      3     11     60    304
 106      3    105     60    304
 107      3     97     60    304
 108      3     89     60    304
 109      3     39     60    304
 110      3      7     60    304
 111      3     56     60    304
 112      1     40     60    244
 113      5     38      1    365
 114      3     68     60    304
 115      3     43     60    304
 116      3     40     60    304
 117      5    846      1    365
 118      3      8     60    304
 119      3     61     60    304
 120      3      2     60    304
 121      3      1     60    304
 122      3    327     60    304
 123      3     59     60    304
 124      3    815     60    304
 125      3    305     60    304
 126      3     33     60    304
 127      3    506     60    304
 128      3    479     60    304
 129      3    433     60    304
 130      3    433     60    304
 131      5     24      1    365
 132      3    135     60    304
 133      3     50     60    304
 134      3     13     60    304
 135      3     87     60    304
 136      3     40     60    304
 137      5     39      1    196
 138      5     22      1    365
 139      3     10     60    304
 140      3    171     60    304
 141      3     96     60    304
 142      3    478     60    304
 143      3    441     60    304
 144      3     83     60    304
 145      3     12     60    304
 146      5    252      1    365
 147      3    691     60    304
 148      3    100     60    304
 149      3     17     60    304
 150      1     30      1    365
 151      1     77      1    365
 152      1     67      1    365
 153      3     29     60    304
 154      3     18     60    304
 155      5     51      1    365
 156      1    236      1    365
 157      1    181      1    365
 158      3    100     60    304
 159      5   2697      1    365
 160      5  10795      1    365
 161      5   3824      1    365
 162      1   1088      1    365
 163      1    436      1    365
 164      5      5      1    365
 165      5     76      1    365
 166      1     79     91    258
 167      5      8     60    274
 168      5     83     32    244
 169      5     22      1    365
 170      5     37      1    365
 171      3    102     60    304
 172      5     78     32    244
 173      5     13      1    365
 174      5   7411      1    365
 175      1     39      1    365
 176      3     42     60    304
 177      3    141     60    304
 178      3     51     60    304
 179      3     32     60    304
 180      3     24     60    304
 181      5     31      1    365
 182      3    834     60    304
 183      3    770     60    304
 184      3     28     60    304
 185      3     13     60    304
 186      3     22     60    304
 187      3     22     60    304
 188      3     52     60    304
 189      3   1575     60    304
 190      3    245     60    304
 191      3     83     60    304
 192      1    166     91    244
 193      1     24     91    244
 194      1     21      1    365
 195      3    256      1    365
 196      3     54     60    304
 197      3    198     60    304
 198      3    115     60    304
 199      5      3      1    365
 200      3    183     60    304
 201      5     10      1    365
 202      3     52     60    304
 203      5    173      1    365
 204      5     83      1    365
 205      5    271      1    365
 206      5     76      1    365
 207      5     70      1    365
 208      5     57      1    365
 209      3     30     60    304
 210      1     24     32    304
 211      5     46     91    161
 212      3    213     60    304
 213      3   1861     60    304
 214      3     14     60    304
 215      5     23     60    244
 216      1     27      1    365
 217      3    139     60    304
 218      5      7      1    365
 219      5     13      1    365
 220      3     27     60    304
 221      3    732      1    365
 222      5     74     60    244
 223      5      4      1    365
 224      5     67      1    365
 225      3    233     60    304
 226      3    107     60    304
 227      5    196      1    365
 228      5     31      1    365
 229      3     30     60    304
 230      3    327     60    304
 231      3    832     60    304
 232      3    289     60    304
 233      1    120      1    365
 234      3     16     60    273
 235      3    191     60    304
 236      5   2293      1    365
 237      5     60      1    365
 238      3    765     60    304
 239      3    262     60    304
 240      3     61     60    304
 241      5     25      1    365
 242      5     47      1    365
 243      1    149      1    365
 244      1    108      1    365
 245      1    113      1    365
 246      1     74      1    365
 247      5     52     60    213
 248      5      9      1    365
 249      5     42     60    244
 250      5   1986      1    365
 251      3    222     91    288
 252      5    238      1    365
 253      1     55      1    365
 254      3     22    105    273
 999      0      0      1    365
