   1      3     64     60    304
   2      3     95     60    304
   3      3     50     60    304
   4      3     13      1    365
   5      3   1209     60    304
   6      3   1619     60    304
   7      3   1605     60    304
   8      3     11      1    365
   9      3   2827     60    304
  10      3   2818     60    304
  11      3    588     60    304
  12      5    111      1    365
  13      5     10     60    182
  14      5     34     60    213
  15      5    111      1    365
  16      5     55     60    213
  17      5      5     91    365
  18      5    132     32    365
  19      5     33      1    365
  20      5    169     60    304
  21      5    143    121    244
  22      5    234     91    213
  23      5    550     60    274
  24      5     14     91    244
  25      5    206      1    258
  26      5    154     91    213
  27      5     11     91    244
  28      5     26     32    335
  29      5     48     60    244
  30      5    330     60    244
  31      1     42      1    365
  32      1     31      1    365
  33      1     66     60    213
  34      1     34     60    274
  35      1    143      1    365
  36      1    105      1    365
  37      1     18     60    244
  38      1     75      1    365
  39      1     29     32    244
  40      1     31      1    365
  41      1    101     32    244
  42      1    108     91    365
  43      1     52     60    365
  44      1     80     60    244
  45      1    100     91    244
  46      1     28     91    213
  47      1    121      1    274
  48      1      9     91    305
  49      1    143      1    258
  50      1     72     32    166
  51      1     39     60    166
  52      1     24      1    365
  53      1     37     60    293
  54      1     24     91    213
  55      1     54     60    152
  56      1    137     60    244
  57      1     79     60    304
  58      1     98     91    182
  59      1    112     60    182
  60      5     50      1    365
  61      5    357      1    365
  62      1    175      1    365
  63      5    140      1    365
  64      1      4      1    365
  65      1     33      1    365
  66      1     87      1    365
  67      1      7      1    365
  68      5    193      1    365
  69      5     67      1    365
  70      1     47      1    365
  71      1     43      1    365
  72      5     58      1    365
  73      1   2539      1    365
  74      3     30     60    304
  75      5     43      1    365
  76      1     48      1    365
  77      1     61      1    365
  78      1    105      1    365
  79      3     21     60    304
  80      1    109      1    365
  81      1     87      1    365
  82      3     20     60    304
  83      3      6     60    304
  84      5     24      1    365
  85      3     10     60    304
  86      3     19     60    304
  87      3     30     60    304
  88      3     12     60    304
  89      3     53     60    304
  90      3     53     60    304
  91      3    111     60    304
  92      1     63      1    365
  93      1     13      1    365
  94      3    170     60    304
  95      3    169     60    304
  96      1     54      1    365
  97      1      7      1    365
  98      3    158     60    304
  99      3    147     60    304
 100      3     22     60    304
 101      1     74      1    365
 102      1     61      1    365
 103      1     83      1    365
 104      1     44      1    365
 105      3     15     60    304
 106      3     98     60    304
 107      3     97     60    304
 108      3    103     60    304
 109      3     45     60    304
 110      3      7     60    304
 111      3     76     60    304
 112      1     38     60    244
 113      5     33      1    365
 114      3     93     60    304
 115      3     43     60    304
 116      3     54     60    304
 117      5    737      1    365
 118      3      7     60    304
 119      3     71     60    304
 120      3      2     60    304
 121      3      1     60    304
 122      3    378     60    304
 123      3     59     60    304
 124      3    771     60    304
 125      3    415     60    304
 126      3     38     60    304
 127      3    445     60    304
 128      3    453     60    304
 129      3    409     60    304
 130      3    588     60    304
 131      5     77      1    365
 132      3    126     60    304
 133      3     58     60    304
 134      3     11     60    304
 135      3     76     60    304
 136      3     40     60    304
 137      5     38      1    196
 138      5     21      1    365
 139      3      9     60    304
 140      3    161     60    304
 141      3     91     60    304
 142      3    445     60    304
 143      3    441     60    304
 144      3     96     60    304
 145      3     11     60    304
 146      5    220      1    365
 147      3    607     60    304
 148      3    115     60    304
 149      3     19     60    304
 150      1     15      1    365
 151      1     39      1    365
 152      1     64      1    365
 153      3     39     60    304
 154      3     18     60    304
 155      5     50      1    365
 156      1    226      1    365
 157      1     91      1    365
 158      3    115     60    304
 159      5   2646      1    365
 160      5  10587      1    365
 161      5   3750      1    365
 162      1   1044      1    365
 163      1    323      1    365
 164      5      5      1    365
 165      5     66      1    365
 166      1     76     91    258
 167      5      7     60    274
 168      5     82     32    244
 169      5     21      1    365
 170      5     36      1    365
 171      3    138     60    304
 172      5     77     32    244
 173      5     43      1    365
 174      5   7269      1    365
 175      1     20      1    365
 176      3     39     60    304
 177      3    124     60    304
 178      3     69     60    304
 179      3     32     60    304
 180      3     32     60    304
 181      5     31      1    365
 182      3    777     60    304
 183      3    770     60    304
 184      3     25     60    304
 185      3     13     60    304
 186      3     26     60    304
 187      3     20     60    304
 188      3     71     60    304
 189      3   1467     60    304
 190      3    228     60    304
 191      3     78     60    304
 192      1    159     91    244
 193      1     23     91    244
 194      1     20      1    365
 195      3    348      1    365
 196      3     73     60    304
 197      3    185     60    304
 198      3    101     60    304
 199      5      3      1    365
 200      3    160     60    304
 201      5     10      1    365
 202      3     46     60    304
 203      5    170      1    365
 204      5     82      1    365
 205      5    266      1    365
 206      5     74      1    365
 207      5     70      1    365
 208      5     56      1    365
 209      3     27     60    304
 210      1     23     32    304
 211      5    149     91    161
 212      3    187     60    304
 213      3   1633     60    304
 214      3     13     60    304
 215      5     22     60    244
 216      1     26      1    365
 217      3    122     60    304
 218      5     24      1    365
 219      5     43      1    365
 220      3     25     60    304
 221      3    692      1    365
 222      5    241     60    244
 223      5     14      1    365
 224      5    217      1    365
 225      3    204     60    304
 226      3    107     60    304
 227      5    192      1    365
 228      5     31      1    365
 229      3     27     60    304
 230      3    378     60    304
 231      3   1130     60    304
 232      3    273     60    304
 233      1    115      1    365
 234      3     15     60    273
 235      3    259     60    304
 236      5   2391      1    365
 237      5    193      1    365
 238      3    723     60    304
 239      3    248     60    304
 240      3     57     60    304
 241      5     24      1    365
 242      5     46      1    365
 243      1    143      1    365
 244      1    104      1    365
 245      1    108      1    365
 246      1     74      1    365
 247      5    169     60    213
 248      5     29      1    365
 249      5    135     60    244
 250      5    297      1    365
 251      3    256     91    288
 252      5    771      1    365
 253      1     53      1    365
 254      3     20    105    273
 999      0      0      1    365
