   1      3     79     60    304
   2      3    112     60    304
   3      3     50     60    304
   4      3     16      1    365
   5      3   1202     60    304
   6      3   1609     60    304
   7      3   1605     60    304
   8      3     13      1    365
   9      3   2810     60    304
  10      3   2801     60    304
  11      3    461     60    304
  12      5    117      1    365
  13      5      9     60    182
  14      5     36     60    213
  15      5    117      1    365
  16      5     47     60    213
  17      5      5     91    365
  18      5    140     32    365
  19      5     35      1    365
  20      5    160     60    304
  21      5    123    121    244
  22      5     44     91    213
  23      5    472     60    274
  24      5     14     91    244
  25      5    219      1    258
  26      5    132     91    213
  27      5      9     91    244
  28      5     27     32    335
  29      5     51     60    244
  30      5    283     60    244
  31      1     32      1    365
  32      1     23      1    365
  33      1     49     60    213
  34      1     25     60    274
  35      1    108      1    365
  36      1     79      1    365
  37      1     13     60    244
  38      1     56      1    365
  39      1     22     32    244
  40      1     23      1    365
  41      1     76     32    244
  42      1    255     91    365
  43      1    123     60    365
  44      1    189     60    244
  45      1    235     91    244
  46      1     66     91    213
  47      1    286      1    274
  48      1     20     91    305
  49      1    337      1    258
  50      1    169     32    166
  51      1     92     60    166
  52      1     56      1    365
  53      1     87     60    293
  54      1     56     91    213
  55      1    128     60    152
  56      1    322     60    244
  57      1    234     60    304
  58      1    230     91    182
  59      1     85     60    182
  60      5     53      1    365
  61      5    338      1    365
  62      1    132      1    365
  63      5    133      1    365
  64      1     10      1    365
  65      1     77      1    365
  66      1    204      1    365
  67      1      5      1    365
  68      5    183      1    365
  69      5     64      1    365
  70      1     35      1    365
  71      1    102      1    365
  72      5     55      1    365
  73      1    226      1    365
  74      3     38     60    304
  75      5     41      1    365
  76      1    143      1    365
  77      1    182      1    365
  78      1    312      1    365
  79      3     25     60    304
  80      1    325      1    365
  81      1    260      1    365
  82      3     25     60    304
  83      3      8     60    304
  84      5     23      1    365
  85      3     11     60    304
  86      3     22     60    304
  87      3     24     60    304
  88      3     15     60    304
  89      3     67     60    304
  90      3     53     60    304
  91      3    129     60    304
  92      1     47      1    365
  93      1     10      1    365
  94      3    213     60    304
  95      3    169     60    304
  96      1    128      1    365
  97      1     15      1    365
  98      3    124     60    304
  99      3    115     60    304
 100      3     22     60    304
 101      1    221      1    365
 102      1    182      1    365
 103      1    247      1    365
 104      1     33      1    365
 105      3     12     60    304
 106      3    122     60    304
 107      3     97     60    304
 108      3     67     60    304
 109      3     29     60    304
 110      3      7     60    304
 111      3     59     60    304
 112      1     29     60    244
 113      5     28      1    365
 114      3     73     60    304
 115      3     43     60    304
 116      3     42     60    304
 117      5    632      1    365
 118      3      9     60    304
 119      3     46     60    304
 120      3      2     60    304
 121      3      1     60    304
 122      3    246     60    304
 123      3     59     60    304
 124      3    766     60    304
 125      3    325     60    304
 126      3     25     60    304
 127      3    520     60    304
 128      3    450     60    304
 129      3    407     60    304
 130      3    461     60    304
 131      5     73      1    365
 132      3    157     60    304
 133      3     38     60    304
 134      3     13     60    304
 135      3     89     60    304
 136      3     40     60    304
 137      5     41      1    196
 138      5     23      1    365
 139      3     11     60    304
 140      3    160     60    304
 141      3     90     60    304
 142      3    555     60    304
 143      3    441     60    304
 144      3     63     60    304
 145      3     11     60    304
 146      5    189      1    365
 147      3    709     60    304
 148      3     75     60    304
 149      3     13     60    304
 150      1     36      1    365
 151      1     92      1    365
 152      1     48      1    365
 153      3     31     60    304
 154      3     18     60    304
 155      5     53      1    365
 156      1    170      1    365
 157      1    215      1    365
 158      3     75     60    304
 159      5   2803      1    365
 160      5  11218      1    365
 161      5   3974      1    365
 162      1    786      1    365
 163      1    963      1    365
 164      5      6      1    365
 165      5     57      1    365
 166      1     57     91    258
 167      5      8     60    274
 168      5     87     32    244
 169      5     23      1    365
 170      5     38      1    365
 171      3    108     60    304
 172      5     81     32    244
 173      5     41      1    365
 174      5   7702      1    365
 175      1     46      1    365
 176      3     49     60    304
 177      3    145     60    304
 178      3     54     60    304
 179      3     32     60    304
 180      3     25     60    304
 181      5     33      1    365
 182      3    970     60    304
 183      3    770     60    304
 184      3     29     60    304
 185      3     13     60    304
 186      3     17     60    304
 187      3     25     60    304
 188      3     56     60    304
 189      3   1831     60    304
 190      3    285     60    304
 191      3     97     60    304
 192      1    120     91    244
 193      1     18     91    244
 194      1     15      1    365
 195      3    273      1    365
 196      3     58     60    304
 197      3    230     60    304
 198      3    118     60    304
 199      5      3      1    365
 200      3    187     60    304
 201      5     10      1    365
 202      3     54     60    304
 203      5    180      1    365
 204      5     87      1    365
 205      5    282      1    365
 206      5     79      1    365
 207      5     70      1    365
 208      5     60      1    365
 209      3     31     60    304
 210      1     18     32    304
 211      5    142     91    161
 212      3    219     60    304
 213      3   1909     60    304
 214      3     16     60    304
 215      5     24     60    244
 216      1     20      1    365
 217      3    143     60    304
 218      5     23      1    365
 219      5     41      1    365
 220      3     31     60    304
 221      3    688      1    365
 222      5    229     60    244
 223      5     14      1    365
 224      5    206      1    365
 225      3    239     60    304
 226      3    107     60    304
 227      5    204      1    365
 228      5     33      1    365
 229      3     31     60    304
 230      3    246     60    304
 231      3    886     60    304
 232      3    272     60    304
 233      1     87      1    365
 234      3     19     60    273
 235      3    203     60    304
 236      5    448      1    365
 237      5    183      1    365
 238      3    719     60    304
 239      3    247     60    304
 240      3     57     60    304
 241      5     26      1    365
 242      5     48      1    365
 243      1    108      1    365
 244      1     78      1    365
 245      1     81      1    365
 246      1     74      1    365
 247      5    160     60    213
 248      5     27      1    365
 249      5    128     60    244
 250      5    333      1    365
 251      3    167     91    288
 252      5    731      1    365
 253      1     40      1    365
 254      3     25    105    273
 999      0      0      1    365
