   1      3     83     60    304
   2      3    102     60    304
   3      3     50     60    304
   4      3     17      1    365
   5      3   1287     60    304
   6      3   1723     60    304
   7      3   1605     60    304
   8      3     12      1    365
   9      3   3008     60    304
  10      3   2999     60    304
  11      3    549     60    304
  12      5    105      1    365
  13      5      6     60    182
  14      5     32     60    213
  15      5    105      1    365
  16      5     37     60    213
  17      5      3     91    365
  18      5    126     32    365
  19      5     31      1    365
  20      5    108     60    304
  21      5     97    121    244
  22      5    198     91    213
  23      5    372     60    274
  24      5      9     91    244
  25      5    196      1    258
  26      5    104     91    213
  27      5      7     91    244
  28      5     24     32    335
  29      5     46     60    244
  30      5    223     60    244
  31      1     31      1    365
  32      1     22      1    365
  33      1     48     60    213
  34      1     25     60    274
  35      1    105      1    365
  36      1     77      1    365
  37      1     13     60    244
  38      1     55      1    365
  39      1     21     32    244
  40      1     22      1    365
  41      1     74     32    244
  42      1    186     91    365
  43      1     89     60    365
  44      1    138     60    244
  45      1    171     91    244
  46      1     48     91    213
  47      1    208      1    274
  48      1     15     91    305
  49      1    245      1    258
  50      1    123     32    166
  51      1     67     60    166
  52      1     41      1    365
  53      1     63     60    293
  54      1     41     91    213
  55      1     93     60    152
  56      1    234     60    244
  57      1    110     60    304
  58      1    167     91    182
  59      1     82     60    182
  60      5     48      1    365
  61      5    228      1    365
  62      1    128      1    365
  63      5     89      1    365
  64      1      7      1    365
  65      1     56      1    365
  66      1    149      1    365
  67      1      5      1    365
  68      5    123      1    365
  69      5     43      1    365
  70      1     34      1    365
  71      1     74      1    365
  72      5     37      1    365
  73      1   1993      1    365
  74      3     40     60    304
  75      5     28      1    365
  76      1     67      1    365
  77      1     85      1    365
  78      1    146      1    365
  79      3     22     60    304
  80      1    152      1    365
  81      1    122      1    365
  82      3     26     60    304
  83      3      8     60    304
  84      5     15      1    365
  85      3     10     60    304
  86      3     20     60    304
  87      3     28     60    304
  88      3     16     60    304
  89      3     70     60    304
  90      3     53     60    304
  91      3    118     60    304
  92      1     46      1    365
  93      1     10      1    365
  94      3    223     60    304
  95      3    169     60    304
  96      1     93      1    365
  97      1     11      1    365
  98      3    147     60    304
  99      3    137     60    304
 100      3     24     60    304
 101      1    103      1    365
 102      1     85      1    365
 103      1    116      1    365
 104      1     32      1    365
 105      3     14     60    304
 106      3    128     60    304
 107      3     97     60    304
 108      3     96     60    304
 109      3     42     60    304
 110      3      7     60    304
 111      3     71     60    304
 112      1     28     60    244
 113      5     22      1    365
 114      3     87     60    304
 115      3     43     60    304
 116      3     50     60    304
 117      5    498      1    365
 118      3      9     60    304
 119      3     66     60    304
 120      3      2     60    304
 121      3      1     60    304
 122      3    356     60    304
 123      3     59     60    304
 124      3    820     60    304
 125      3    387     60    304
 126      3     36     60    304
 127      3    475     60    304
 128      3    482     60    304
 129      3    436     60    304
 130      3    549     60    304
 131      5     49      1    365
 132      3    165     60    304
 133      3     54     60    304
 134      3     12     60    304
 135      3     82     60    304
 136      3     40     60    304
 137      5     36      1    196
 138      5     20      1    365
 139      3     12     60    304
 140      3    172     60    304
 141      3     97     60    304
 142      3    583     60    304
 143      3    441     60    304
 144      3     90     60    304
 145      3     12     60    304
 146      5    149      1    365
 147      3    648     60    304
 148      3    109     60    304
 149      3     18     60    304
 150      1     26      1    365
 151      1     67      1    365
 152      1     47      1    365
 153      3     36     60    304
 154      3     18     60    304
 155      5     48      1    365
 156      1    166      1    365
 157      1    156      1    365
 158      3    109     60    304
 159      5   2519      1    365
 160      5  10079      1    365
 161      5   3570      1    365
 162      1    764      1    365
 163      1    450      1    365
 164      5      5      1    365
 165      5     45      1    365
 166      1     56     91    258
 167      5      7     60    274
 168      5     78     32    244
 169      5     20      1    365
 170      5     34      1    365
 171      3    129     60    304
 172      5     73     32    244
 173      5     28      1    365
 174      5   6920      1    365
 175      1     33      1    365
 176      3     52     60    304
 177      3    132     60    304
 178      3     65     60    304
 179      3     32     60    304
 180      3     30     60    304
 181      5     29      1    365
 182      3   1018     60    304
 183      3    770     60    304
 184      3     26     60    304
 185      3     13     60    304
 186      3     24     60    304
 187      3     26     60    304
 188      3     67     60    304
 189      3   1923     60    304
 190      3    299     60    304
 191      3    102     60    304
 192      1    117     91    244
 193      1     17     91    244
 194      1     15      1    365
 195      3    325      1    365
 196      3     69     60    304
 197      3    242     60    304
 198      3    108     60    304
 199      5      3      1    365
 200      3    171     60    304
 201      5      9      1    365
 202      3     49     60    304
 203      5    162      1    365
 204      5     78      1    365
 205      5    253      1    365
 206      5     71      1    365
 207      5     70      1    365
 208      5     54      1    365
 209      3     29     60    304
 210      1     17     32    304
 211      5     95     91    161
 212      3    200     60    304
 213      3   1744     60    304
 214      3     17     60    304
 215      5     21     60    244
 216      1     19      1    365
 217      3    130     60    304
 218      5     15      1    365
 219      5     28      1    365
 220      3     33     60    304
 221      3    736      1    365
 222      5    154     60    244
 223      5      9      1    365
 224      5    139      1    365
 225      3    218     60    304
 226      3    107     60    304
 227      5    183      1    365
 228      5     29      1    365
 229      3     29     60    304
 230      3    356     60    304
 231      3   1055     60    304
 232      3    291     60    304
 233      1     84      1    365
 234      3     20     60    273
 235      3    242     60    304
 236      5   2020      1    365
 237      5    123      1    365
 238      3    770     60    304
 239      3    264     60    304
 240      3     61     60    304
 241      5     23      1    365
 242      5     44      1    365
 243      1    105      1    365
 244      1     76      1    365
 245      1     79      1    365
 246      1     74      1    365
 247      5    108     60    213
 248      5     18      1    365
 249      5     86     60    244
 250      5   1912      1    365
 251      3    241     91    288
 252      5    493      1    365
 253      1     38      1    365
 254      3     26    105    273
 999      0      0      1    365
