   1      3     72     60    304
   2      3     97     60    304
   3      3     50     60    304
   4      3     15      1    365
   5      3   1257     60    304
   6      3   1683     60    304
   7      3   1605     60    304
   8      3     12      1    365
   9      3   2939     60    304
  10      3   2930     60    304
  11      3    500     60    304
  12      5    106      1    365
  13      5      2     60    182
  14      5     33     60    213
  15      5    106      1    365
  16      5     16     60    213
  17      5      1     91    365
  18      5    126     32    365
  19      5     32      1    365
  20      5     42     60    304
  21      5     41    121    244
  22      5     65     91    213
  23      5    159     60    274
  24      5      4     91    244
  25      5    198      1    258
  26      5     44     91    213
  27      5      3     91    244
  28      5     24     32    335
  29      5     46     60    244
  30      5     95     60    244
  31      1     68      1    365
  32      1     49      1    365
  33      1    105     60    213
  34      1     54     60    274
  35      1    228      1    365
  36      1    168      1    365
  37      1     28     60    244
  38      1    119      1    365
  39      1     47     32    244
  40      1     49      1    365
  41      1    161     32    244
  42      1    249     91    365
  43      1    119     60    365
  44      1    184     60    244
  45      1    229     91    244
  46      1     65     91    213
  47      1    279      1    274
  48      1     20     91    305
  49      1    328      1    258
  50      1    164     32    166
  51      1     90     60    166
  52      1     55      1    365
  53      1     85     60    293
  54      1     55     91    213
  55      1    124     60    152
  56      1    313     60    244
  57      1    193     60    304
  58      1    224     91    182
  59      1    180     60    182
  60      5     48      1    365
  61      5     89      1    365
  62      1    280      1    365
  63      5     35      1    365
  64      1     10      1    365
  65      1     75      1    365
  66      1    199      1    365
  67      1     12      1    365
  68      5     48      1    365
  69      5     17      1    365
  70      1     75      1    365
  71      1     99      1    365
  72      5     14      1    365
  73      1   2837      1    365
  74      3     34     60    304
  75      5     11      1    365
  76      1    118      1    365
  77      1    150      1    365
  78      1    257      1    365
  79      3     21     60    304
  80      1    268      1    365
  81      1    214      1    365
  82      3     23     60    304
  83      3      7     60    304
  84      5      6      1    365
  85      3     10     60    304
  86      3     19     60    304
  87      3     26     60    304
  88      3     14     60    304
  89      3     61     60    304
  90      3     53     60    304
  91      3    113     60    304
  92      1    100      1    365
  93      1     21      1    365
  94      3    194     60    304
  95      3    169     60    304
  96      1    124      1    365
  97      1     15      1    365
  98      3    134     60    304
  99      3    125     60    304
 100      3     23     60    304
 101      1    182      1    365
 102      1    150      1    365
 103      1    204      1    365
 104      1     70      1    365
 105      3     13     60    304
 106      3    111     60    304
 107      3     97     60    304
 108      3    154     60    304
 109      3     67     60    304
 110      3      7     60    304
 111      3     64     60    304
 112      1     61     60    244
 113      5     10      1    365
 114      3     79     60    304
 115      3     43     60    304
 116      3     46     60    304
 117      5    212      1    365
 118      3      8     60    304
 119      3    106     60    304
 120      3      2     60    304
 121      3      1     60    304
 122      3    569     60    304
 123      3     59     60    304
 124      3    801     60    304
 125      3    353     60    304
 126      3     58     60    304
 127      3    454     60    304
 128      3    471     60    304
 129      3    426     60    304
 130      3    500     60    304
 131      5     19      1    365
 132      3    143     60    304
 133      3     87     60    304
 134      3     12     60    304
 135      3     78     60    304
 136      3     40     60    304
 137      5     37      1    196
 138      5     20      1    365
 139      3     10     60    304
 140      3    168     60    304
 141      3     94     60    304
 142      3    505     60    304
 143      3    441     60    304
 144      3    145     60    304
 145      3     12     60    304
 146      5     63      1    365
 147      3    620     60    304
 148      3    173     60    304
 149      3     29     60    304
 150      1     35      1    365
 151      1     90      1    365
 152      1    103      1    365
 153      3     33     60    304
 154      3     18     60    304
 155      5     48      1    365
 156      1    361      1    365
 157      1    209      1    365
 158      3    173     60    304
 159      5   2534      1    365
 160      5  10142      1    365
 161      5   3593      1    365
 162      1   1667      1    365
 163      1    793      1    365
 164      5      5      1    365
 165      5     19      1    365
 166      1    121     91    258
 167      5      7     60    274
 168      5     78     32    244
 169      5     20      1    365
 170      5     35      1    365
 171      3    118     60    304
 172      5     73     32    244
 173      5     11      1    365
 174      5   6963      1    365
 175      1     45      1    365
 176      3     45     60    304
 177      3    127     60    304
 178      3     59     60    304
 179      3     32     60    304
 180      3     28     60    304
 181      5     30      1    365
 182      3    882     60    304
 183      3    770     60    304
 184      3     25     60    304
 185      3     13     60    304
 186      3     39     60    304
 187      3     23     60    304
 188      3     61     60    304
 189      3   1665     60    304
 190      3    259     60    304
 191      3     88     60    304
 192      1    254     91    244
 193      1     37     91    244
 194      1     33      1    365
 195      3    296      1    365
 196      3     62     60    304
 197      3    210     60    304
 198      3    103     60    304
 199      5      3      1    365
 200      3    164     60    304
 201      5      9      1    365
 202      3     47     60    304
 203      5    163      1    365
 204      5     78      1    365
 205      5    255      1    365
 206      5     71      1    365
 207      5     70      1    365
 208      5     54      1    365
 209      3     27     60    304
 210      1     37     32    304
 211      5     37     91    161
 212      3    191     60    304
 213      3   1669     60    304
 214      3     15     60    304
 215      5     21     60    244
 216      1     42      1    365
 217      3    125     60    304
 218      5      6      1    365
 219      5     11      1    365
 220      3     29     60    304
 221      3    719      1    365
 222      5     60     60    244
 223      5      4      1    365
 224      5     54      1    365
 225      3    209     60    304
 226      3    107     60    304
 227      5    184      1    365
 228      5     30      1    365
 229      3     27     60    304
 230      3    569     60    304
 231      3    961     60    304
 232      3    284     60    304
 233      1    184      1    365
 234      3     17     60    273
 235      3    220     60    304
 236      5    666      1    365
 237      5     48      1    365
 238      3    752     60    304
 239      3    258     60    304
 240      3     60     60    304
 241      5     23      1    365
 242      5     44      1    365
 243      1    228      1    365
 244      1    166      1    365
 245      1    173      1    365
 246      1     74      1    365
 247      5     42     60    213
 248      5      7      1    365
 249      5     34     60    244
 250      5    243      1    365
 251      3    386     91    288
 252      5    191      1    365
 253      1     84      1    365
 254      3     23    105    273
 999      0      0      1    365
