   1      3     67     60    304
   2      3     91     60    304
   3      3     50     60    304
   4      3     14      1    365
   5      3   1343     60    304
   6      3   1798     60    304
   7      3   1605     60    304
   8      3     11      1    365
   9      3   3141     60    304
  10      3   3131     60    304
  11      3    289     60    304
  12      5    108      1    365
  13      5      6     60    182
  14      5     33     60    213
  15      5    108      1    365
  16      5     27     60    213
  17      5      3     91    365
  18      5    129     32    365
  19      5     32      1    365
  20      5    111     60    304
  21      5     71    121    244
  22      5     30     91    213
  23      5    274     60    274
  24      5     10     91    244
  25      5    201      1    258
  26      5     77     91    213
  27      5      5     91    244
  28      5     25     32    335
  29      5     47     60    244
  30      5    164     60    244
  31      1     57      1    365
  32      1     42      1    365
  33      1     89     60    213
  34      1     45     60    274
  35      1    194      1    365
  36      1    142      1    365
  37      1     24     60    244
  38      1    101      1    365
  39      1     40     32    244
  40      1     42      1    365
  41      1    136     32    244
  42      1    262     91    365
  43      1    126     60    365
  44      1    194     60    244
  45      1    241     91    244
  46      1     68     91    213
  47      1    294      1    274
  48      1     21     91    305
  49      1    346      1    258
  50      1    173     32    166
  51      1     94     60    166
  52      1     58      1    365
  53      1     89     60    293
  54      1     58     91    213
  55      1    131     60    152
  56      1    330     60    244
  57      1    249     60    304
  58      1    236     91    182
  59      1    152     60    182
  60      5     49      1    365
  61      5    234      1    365
  62      1    237      1    365
  63      5     92      1    365
  64      1     10      1    365
  65      1     79      1    365
  66      1    210      1    365
  67      1     10      1    365
  68      5    127      1    365
  69      5     44      1    365
  70      1     63      1    365
  71      1    105      1    365
  72      5     38      1    365
  73      1    798      1    365
  74      3     32     60    304
  75      5     29      1    365
  76      1    152      1    365
  77      1    194      1    365
  78      1    332      1    365
  79      3     20     60    304
  80      1    346      1    365
  81      1    277      1    365
  82      3     21     60    304
  83      3      6     60    304
  84      5     16      1    365
  85      3      9     60    304
  86      3     18     60    304
  87      3     15     60    304
  88      3     13     60    304
  89      3     57     60    304
  90      3     53     60    304
  91      3    105     60    304
  92      1     85      1    365
  93      1     18      1    365
  94      3    181     60    304
  95      3    169     60    304
  96      1    131      1    365
  97      1     16      1    365
  98      3     78     60    304
  99      3     72     60    304
 100      3     25     60    304
 101      1    236      1    365
 102      1    194      1    365
 103      1    263      1    365
 104      1     59      1    365
 105      3      7     60    304
 106      3    104     60    304
 107      3     97     60    304
 108      3    180     60    304
 109      3     79     60    304
 110      3      7     60    304
 111      3     37     60    304
 112      1     51     60    244
 113      5     16      1    365
 114      3     46     60    304
 115      3     43     60    304
 116      3     27     60    304
 117      5    367      1    365
 118      3      7     60    304
 119      3    124     60    304
 120      3      2     60    304
 121      3      1     60    304
 122      3    665     60    304
 123      3     59     60    304
 124      3    856     60    304
 125      3    204     60    304
 126      3     68     60    304
 127      3    422     60    304
 128      3    503     60    304
 129      3    455     60    304
 130      3    289     60    304
 131      5     51      1    365
 132      3    134     60    304
 133      3    101     60    304
 134      3     11     60    304
 135      3     73     60    304
 136      3     40     60    304
 137      5     37      1    196
 138      5     21      1    365
 139      3     10     60    304
 140      3    179     60    304
 141      3    101     60    304
 142      3    472     60    304
 143      3    441     60    304
 144      3    169     60    304
 145      3     12     60    304
 146      5    109      1    365
 147      3    576     60    304
 148      3    203     60    304
 149      3     34     60    304
 150      1     37      1    365
 151      1     94      1    365
 152      1     87      1    365
 153      3     19     60    304
 154      3     18     60    304
 155      5     49      1    365
 156      1    307      1    365
 157      1    220      1    365
 158      3    203     60    304
 159      5   2584      1    365
 160      5  10341      1    365
 161      5   3663      1    365
 162      1   1414      1    365
 163      1   1025      1    365
 164      5      5      1    365
 165      5     33      1    365
 166      1    103     91    258
 167      5      7     60    274
 168      5     80     32    244
 169      5     21      1    365
 170      5     35      1    365
 171      3     68     60    304
 172      5     75     32    244
 173      5     29      1    365
 174      5   7100      1    365
 175      1     47      1    365
 176      3     42     60    304
 177      3    118     60    304
 178      3     34     60    304
 179      3     32     60    304
 180      3     16     60    304
 181      5     30      1    365
 182      3    823     60    304
 183      3    770     60    304
 184      3     24     60    304
 185      3     13     60    304
 186      3     45     60    304
 187      3     21     60    304
 188      3     35     60    304
 189      3   1555     60    304
 190      3    242     60    304
 191      3     82     60    304
 192      1    216     91    244
 193      1     32     91    244
 194      1     28      1    365
 195      3    171      1    365
 196      3     36     60    304
 197      3    196     60    304
 198      3     96     60    304
 199      5      3      1    365
 200      3    152     60    304
 201      5      9      1    365
 202      3     44     60    304
 203      5    166      1    365
 204      5     80      1    365
 205      5    260      1    365
 206      5     73      1    365
 207      5     70      1    365
 208      5     55      1    365
 209      3     25     60    304
 210      1     32     32    304
 211      5     98     91    161
 212      3    178     60    304
 213      3   1552     60    304
 214      3     14     60    304
 215      5     22     60    244
 216      1     36      1    365
 217      3    116     60    304
 218      5     16      1    365
 219      5     29      1    365
 220      3     27     60    304
 221      3    769      1    365
 222      5    158     60    244
 223      5     10      1    365
 224      5    143      1    365
 225      3    194     60    304
 226      3    107     60    304
 227      5    188      1    365
 228      5     30      1    365
 229      3     25     60    304
 230      3    665     60    304
 231      3    556     60    304
 232      3    304     60    304
 233      1    156      1    365
 234      3     16     60    273
 235      3    127     60    304
 236      5    311      1    365
 237      5    127      1    365
 238      3    803     60    304
 239      3    276     60    304
 240      3     64     60    304
 241      5     24      1    365
 242      5     45      1    365
 243      1    194      1    365
 244      1    140      1    365
 245      1    146      1    365
 246      1     74      1    365
 247      5    111     60    213
 248      5     19      1    365
 249      5     89     60    244
 250      5   1099      1    365
 251      3    451     91    288
 252      5    507      1    365
 253      1     71      1    365
 254      3     21    105    273
 999      0      0      1    365
