   1      3     67     60    304
   2      3    113     60    304
   3      3     50     60    304
   4      3     14      1    365
   5      3   1374     60    304
   6      3   1839     60    304
   7      3   1605     60    304
   8      3     14      1    365
   9      3   3212     60    304
  10      3   3202     60    304
  11      3    436     60    304
  12      5    104      1    365
  13      5      9     60    182
  14      5     32     60    213
  15      5    104      1    365
  16      5     38     60    213
  17      5      5     91    365
  18      5    124     32    365
  19      5     31      1    365
  20      5    158     60    304
  21      5     99    121    244
  22      5    230     91    213
  23      5    379     60    274
  24      5     14     91    244
  25      5    194      1    258
  26      5    106     91    213
  27      5      8     91    244
  28      5     24     32    335
  29      5     45     60    244
  30      5    228     60    244
  31      1     68      1    365
  32      1     49      1    365
  33      1    105     60    213
  34      1     54     60    274
  35      1    229      1    365
  36      1    168      1    365
  37      1     28     60    244
  38      1    119      1    365
  39      1     47     32    244
  40      1     49      1    365
  41      1    161     32    244
  42      1     61     91    365
  43      1     29     60    365
  44      1     45     60    244
  45      1     56     91    244
  46      1     16     91    213
  47      1     68      1    274
  48      1      5     91    305
  49      1     81      1    258
  50      1     40     32    166
  51      1     22     60    166
  52      1     13      1    365
  53      1     21     60    293
  54      1     13     91    213
  55      1     31     60    152
  56      1     77     60    244
  57      1     57     60    304
  58      1     55     91    182
  59      1    180     60    182
  60      5     47      1    365
  61      5    335      1    365
  62      1    280      1    365
  63      5    131      1    365
  64      1      2      1    365
  65      1     18      1    365
  66      1     49      1    365
  67      1     12      1    365
  68      5    181      1    365
  69      5     63      1    365
  70      1     75      1    365
  71      1     24      1    365
  72      5     54      1    365
  73      1   1441      1    365
  74      3     32     60    304
  75      5     41      1    365
  76      1     35      1    365
  77      1     44      1    365
  78      1     76      1    365
  79      3     25     60    304
  80      1     79      1    365
  81      1     63      1    365
  82      3     21     60    304
  83      3      6     60    304
  84      5     23      1    365
  85      3     11     60    304
  86      3     23     60    304
  87      3     22     60    304
  88      3     13     60    304
  89      3     56     60    304
  90      3     53     60    304
  91      3    131     60    304
  92      1    101      1    365
  93      1     21      1    365
  94      3    179     60    304
  95      3    169     60    304
  96      1     31      1    365
  97      1      4      1    365
  98      3    117     60    304
  99      3    109     60    304
 100      3     25     60    304
 101      1     54      1    365
 102      1     44      1    365
 103      1     60      1    365
 104      1     70      1    365
 105      3     11     60    304
 106      3    103     60    304
 107      3     97     60    304
 108      3     41     60    304
 109      3     18     60    304
 110      3      7     60    304
 111      3     56     60    304
 112      1     61     60    244
 113      5     23      1    365
 114      3     69     60    304
 115      3     43     60    304
 116      3     40     60    304
 117      5    508      1    365
 118      3      7     60    304
 119      3     28     60    304
 120      3      2     60    304
 121      3      1     60    304
 122      3    150     60    304
 123      3     59     60    304
 124      3    875     60    304
 125      3    308     60    304
 126      3     15     60    304
 127      3    525     60    304
 128      3    515     60    304
 129      3    465     60    304
 130      3    436     60    304
 131      5     72      1    365
 132      3    133     60    304
 133      3     23     60    304
 134      3     14     60    304
 135      3     90     60    304
 136      3     40     60    304
 137      5     36      1    196
 138      5     20      1    365
 139      3     10     60    304
 140      3    183     60    304
 141      3    103     60    304
 142      3    468     60    304
 143      3    441     60    304
 144      3     38     60    304
 145      3     13     60    304
 146      5    152      1    365
 147      3    717     60    304
 148      3     46     60    304
 149      3      8     60    304
 150      1      9      1    365
 151      1     22      1    365
 152      1    103      1    365
 153      3     29     60    304
 154      3     18     60    304
 155      5     47      1    365
 156      1    362      1    365
 157      1     51      1    365
 158      3     46     60    304
 159      5   2491      1    365
 160      5   9970      1    365
 161      5   3532      1    365
 162      1   1671      1    365
 163      1    235      1    365
 164      5      5      1    365
 165      5     46      1    365
 166      1    122     91    258
 167      5      7     60    274
 168      5     77     32    244
 169      5     20      1    365
 170      5     34      1    365
 171      3    103     60    304
 172      5     72     32    244
 173      5     41      1    365
 174      5   6845      1    365
 175      1     11      1    365
 176      3     41     60    304
 177      3    147     60    304
 178      3     51     60    304
 179      3     32     60    304
 180      3     24     60    304
 181      5     29      1    365
 182      3    818     60    304
 183      3    770     60    304
 184      3     29     60    304
 185      3     13     60    304
 186      3     10     60    304
 187      3     21     60    304
 188      3     53     60    304
 189      3   1544     60    304
 190      3    240     60    304
 191      3     82     60    304
 192      1    255     91    244
 193      1     37     91    244
 194      1     33      1    365
 195      3    258      1    365
 196      3     55     60    304
 197      3    194     60    304
 198      3    119     60    304
 199      5      3      1    365
 200      3    189     60    304
 201      5      9      1    365
 202      3     54     60    304
 203      5    160      1    365
 204      5     77      1    365
 205      5    250      1    365
 206      5     70      1    365
 207      5     70      1    365
 208      5     53      1    365
 209      3     32     60    304
 210      1     37     32    304
 211      5    140     91    161
 212      3    221     60    304
 213      3   1930     60    304
 214      3     14     60    304
 215      5     21     60    244
 216      1     42      1    365
 217      3    144     60    304
 218      5     23      1    365
 219      5     41      1    365
 220      3     27     60    304
 221      3    786      1    365
 222      5    226     60    244
 223      5     14      1    365
 224      5    204      1    365
 225      3    241     60    304
 226      3    107     60    304
 227      5    181      1    365
 228      5     29      1    365
 229      3     32     60    304
 230      3    150     60    304
 231      3    839     60    304
 232      3    311     60    304
 233      1    185      1    365
 234      3     16     60    273
 235      3    193     60    304
 236      5   2349      1    365
 237      5    181      1    365
 238      3    822     60    304
 239      3    282     60    304
 240      3     65     60    304
 241      5     23      1    365
 242      5     43      1    365
 243      1    229      1    365
 244      1    166      1    365
 245      1    173      1    365
 246      1     74      1    365
 247      5    158     60    213
 248      5     27      1    365
 249      5    127     60    244
 250      5   2321      1    365
 251      3    101     91    288
 252      5    724      1    365
 253      1     84      1    365
 254      3     21    105    273
 999      0      0      1    365
