   1      3     65     60    304
   2      3     97     60    304
   3      3     50     60    304
   4      3     13      1    365
   5      3   1363     60    304
   6      3   1824     60    304
   7      3   1605     60    304
   8      3     12      1    365
   9      3   3186     60    304
  10      3   3175     60    304
  11      3    491     60    304
  12      5    107      1    365
  13      5      2     60    182
  14      5     33     60    213
  15      5    107      1    365
  16      5     74     60    213
  17      5      1     91    365
  18      5    128     32    365
  19      5     32      1    365
  20      5     43     60    304
  21      5    191    121    244
  22      5     28     91    213
  23      5    736     60    274
  24      5      4     91    244
  25      5    200      1    258
  26      5    206     91    213
  27      5     15     91    244
  28      5     25     32    335
  29      5     46     60    244
  30      5    441     60    244
  31      1     64      1    365
  32      1     46      1    365
  33      1     99     60    213
  34      1     51     60    274
  35      1    217      1    365
  36      1    159      1    365
  37      1     27     60    244
  38      1    113      1    365
  39      1     44     32    244
  40      1     46      1    365
  41      1    153     32    244
  42      1    141     91    365
  43      1     68     60    365
  44      1    105     60    244
  45      1    130     91    244
  46      1     37     91    213
  47      1    158      1    274
  48      1     11     91    305
  49      1    186      1    258
  50      1     93     32    166
  51      1     51     60    166
  52      1     31      1    365
  53      1     48     60    293
  54      1     31     91    213
  55      1     71     60    152
  56      1    178     60    244
  57      1    228     60    304
  58      1    127     91    182
  59      1    170     60    182
  60      5     48      1    365
  61      5     91      1    365
  62      1    265      1    365
  63      5     36      1    365
  64      1      6      1    365
  65      1     42      1    365
  66      1    113      1    365
  67      1     11      1    365
  68      5     49      1    365
  69      5     17      1    365
  70      1     71      1    365
  71      1     56      1    365
  72      5     15      1    365
  73      1   2641      1    365
  74      3     31     60    304
  75      5     11      1    365
  76      1    139      1    365
  77      1    177      1    365
  78      1    304      1    365
  79      3     21     60    304
  80      1    317      1    365
  81      1    253      1    365
  82      3     21     60    304
  83      3      6     60    304
  84      5      6      1    365
  85      3     10     60    304
  86      3     19     60    304
  87      3     25     60    304
  88      3     12     60    304
  89      3     55     60    304
  90      3     53     60    304
  91      3    112     60    304
  92      1     95      1    365
  93      1     20      1    365
  94      3    175     60    304
  95      3    169     60    304
  96      1     71      1    365
  97      1      8      1    365
  98      3    132     60    304
  99      3    123     60    304
 100      3     25     60    304
 101      1    215      1    365
 102      1    177      1    365
 103      1    241      1    365
 104      1     66      1    365
 105      3     13     60    304
 106      3    100     60    304
 107      3     97     60    304
 108      3     73     60    304
 109      3     32     60    304
 110      3      7     60    304
 111      3     63     60    304
 112      1     57     60    244
 113      5     44      1    365
 114      3     78     60    304
 115      3     43     60    304
 116      3     45     60    304
 117      5    986      1    365
 118      3      7     60    304
 119      3     50     60    304
 120      3      2     60    304
 121      3      1     60    304
 122      3    268     60    304
 123      3     59     60    304
 124      3    868     60    304
 125      3    346     60    304
 126      3     27     60    304
 127      3    451     60    304
 128      3    510     60    304
 129      3    461     60    304
 130      3    491     60    304
 131      5     20      1    365
 132      3    129     60    304
 133      3     41     60    304
 134      3     12     60    304
 135      3     77     60    304
 136      3     40     60    304
 137      5     37      1    196
 138      5     21      1    365
 139      3      9     60    304
 140      3    182     60    304
 141      3    102     60    304
 142      3    456     60    304
 143      3    441     60    304
 144      3     68     60    304
 145      3     13     60    304
 146      5    294      1    365
 147      3    616     60    304
 148      3     82     60    304
 149      3     14     60    304
 150      1     20      1    365
 151      1     51      1    365
 152      1     97      1    365
 153      3     32     60    304
 154      3     18     60    304
 155      5     48      1    365
 156      1    343      1    365
 157      1    119      1    365
 158      3     82     60    304
 159      5   2565      1    365
 160      5  10265      1    365
 161      5   3636      1    365
 162      1   1580      1    365
 163      1    937      1    365
 164      5      5      1    365
 165      5     88      1    365
 166      1    115     91    258
 167      5      7     60    274
 168      5     79     32    244
 169      5     21      1    365
 170      5     35      1    365
 171      3    115     60    304
 172      5     74     32    244
 173      5     11      1    365
 174      5   7048      1    365
 175      1     25      1    365
 176      3     40     60    304
 177      3    126     60    304
 178      3     58     60    304
 179      3     32     60    304
 180      3     27     60    304
 181      5     30      1    365
 182      3    796     60    304
 183      3    770     60    304
 184      3     25     60    304
 185      3     13     60    304
 186      3     18     60    304
 187      3     21     60    304
 188      3     60     60    304
 189      3   1502     60    304
 190      3    234     60    304
 191      3     80     60    304
 192      1    241     91    244
 193      1     35     91    244
 194      1     31      1    365
 195      3    290      1    365
 196      3     61     60    304
 197      3    189     60    304
 198      3    103     60    304
 199      5      3      1    365
 200      3    163     60    304
 201      5      9      1    365
 202      3     46     60    304
 203      5    165      1    365
 204      5     79      1    365
 205      5    258      1    365
 206      5     72      1    365
 207      5     70      1    365
 208      5     55      1    365
 209      3     27     60    304
 210      1     35     32    304
 211      5     38     91    161
 212      3    190     60    304
 213      3   1657     60    304
 214      3     13     60    304
 215      5     22     60    244
 216      1     40      1    365
 217      3    124     60    304
 218      5      6      1    365
 219      5     11      1    365
 220      3     26     60    304
 221      3    780      1    365
 222      5     62     60    244
 223      5      4      1    365
 224      5     56      1    365
 225      3    207     60    304
 226      3    107     60    304
 227      5    187      1    365
 228      5     30      1    365
 229      3     27     60    304
 230      3    268     60    304
 231      3    944     60    304
 232      3    308     60    304
 233      1    175      1    365
 234      3     15     60    273
 235      3    217     60    304
 236      5    288      1    365
 237      5     49      1    365
 238      3    815     60    304
 239      3    280     60    304
 240      3     65     60    304
 241      5     24      1    365
 242      5     44      1    365
 243      1    217      1    365
 244      1    157      1    365
 245      1    164      1    365
 246      1     74      1    365
 247      5     43     60    213
 248      5      7      1    365
 249      5     35     60    244
 250      5    234      1    365
 251      3    182     91    288
 252      5    198      1    365
 253      1     80      1    365
 254      3     21    105    273
 999      0      0      1    365
