   1      3     85     60    304
   2      3    105     60    304
   3      3     50     60    304
   4      3     17      1    365
   5      3   1335     60    304
   6      3   1787     60    304
   7      3   1605     60    304
   8      3     13      1    365
   9      3   3121     60    304
  10      3   3111     60    304
  11      3    516     60    304
  12      5    113      1    365
  13      5      5     60    182
  14      5     35     60    213
  15      5    113      1    365
  16      5     43     60    213
  17      5      3     91    365
  18      5    134     32    365
  19      5     34      1    365
  20      5     89     60    304
  21      5    111    121    244
  22      5    252     91    213
  23      5    426     60    274
  24      5      8     91    244
  25      5    210      1    258
  26      5    119     91    213
  27      5      9     91    244
  28      5     26     32    335
  29      5     49     60    244
  30      5    255     60    244
  31      1     46      1    365
  32      1     33      1    365
  33      1     71     60    213
  34      1     36     60    274
  35      1    155      1    365
  36      1    114      1    365
  37      1     19     60    244
  38      1     81      1    365
  39      1     32     32    244
  40      1     33      1    365
  41      1    109     32    244
  42      1    146     91    365
  43      1     70     60    365
  44      1    108     60    244
  45      1    134     91    244
  46      1     38     91    213
  47      1    163      1    274
  48      1     12     91    305
  49      1    192      1    258
  50      1     96     32    166
  51      1     52     60    166
  52      1     32      1    365
  53      1     50     60    293
  54      1     32     91    213
  55      1     73     60    152
  56      1    184     60    244
  57      1     93     60    304
  58      1    131     91    182
  59      1    122     60    182
  60      5     51      1    365
  61      5    187      1    365
  62      1    190      1    365
  63      5     73      1    365
  64      1      6      1    365
  65      1     44      1    365
  66      1    117      1    365
  67      1      8      1    365
  68      5    101      1    365
  69      5     35      1    365
  70      1     51      1    365
  71      1     58      1    365
  72      5     30      1    365
  73      1   1738      1    365
  74      3     40     60    304
  75      5     23      1    365
  76      1     57      1    365
  77      1     72      1    365
  78      1    124      1    365
  79      3     23     60    304
  80      1    129      1    365
  81      1    103      1    365
  82      3     27     60    304
  83      3      8     60    304
  84      5     13      1    365
  85      3     10     60    304
  86      3     21     60    304
  87      3     27     60    304
  88      3     16     60    304
  89      3     71     60    304
  90      3     53     60    304
  91      3    122     60    304
  92      1     68      1    365
  93      1     14      1    365
  94      3    227     60    304
  95      3    169     60    304
  96      1     73      1    365
  97      1      9      1    365
  98      3    139     60    304
  99      3    129     60    304
 100      3     24     60    304
 101      1     88      1    365
 102      1     72      1    365
 103      1     98      1    365
 104      1     47      1    365
 105      3     13     60    304
 106      3    131     60    304
 107      3     97     60    304
 108      3     35     60    304
 109      3     15     60    304
 110      3      7     60    304
 111      3     66     60    304
 112      1     41     60    244
 113      5     26      1    365
 114      3     82     60    304
 115      3     43     60    304
 116      3     47     60    304
 117      5    570      1    365
 118      3      9     60    304
 119      3     24     60    304
 120      3      2     60    304
 121      3      1     60    304
 122      3    128     60    304
 123      3     59     60    304
 124      3    851     60    304
 125      3    364     60    304
 126      3     13     60    304
 127      3    489     60    304
 128      3    500     60    304
 129      3    452     60    304
 130      3    516     60    304
 131      5     41      1    365
 132      3    168     60    304
 133      3     19     60    304
 134      3     13     60    304
 135      3     84     60    304
 136      3     40     60    304
 137      5     39      1    196
 138      5     22      1    365
 139      3     12     60    304
 140      3    178     60    304
 141      3    100     60    304
 142      3    593     60    304
 143      3    441     60    304
 144      3     32     60    304
 145      3     12     60    304
 146      5    170      1    365
 147      3    667     60    304
 148      3     39     60    304
 149      3      6     60    304
 150      1     20      1    365
 151      1     52      1    365
 152      1     70      1    365
 153      3     34     60    304
 154      3     18     60    304
 155      5     51      1    365
 156      1    245      1    365
 157      1    122      1    365
 158      3     39     60    304
 159      5   2698      1    365
 160      5  10796      1    365
 161      5   3824      1    365
 162      1   1130      1    365
 163      1    383      1    365
 164      5      5      1    365
 165      5     51      1    365
 166      1     82     91    258
 167      5      8     60    274
 168      5     83     32    244
 169      5     22      1    365
 170      5     37      1    365
 171      3    121     60    304
 172      5     78     32    244
 173      5     23      1    365
 174      5   7412      1    365
 175      1     26      1    365
 176      3     52     60    304
 177      3    136     60    304
 178      3     61     60    304
 179      3     32     60    304
 180      3     28     60    304
 181      5     31      1    365
 182      3   1036     60    304
 183      3    770     60    304
 184      3     27     60    304
 185      3     13     60    304
 186      3      9     60    304
 187      3     27     60    304
 188      3     63     60    304
 189      3   1956     60    304
 190      3    304     60    304
 191      3    104     60    304
 192      1    172     91    244
 193      1     25     91    244
 194      1     22      1    365
 195      3    305      1    365
 196      3     65     60    304
 197      3    246     60    304
 198      3    111     60    304
 199      5      3      1    365
 200      3    176     60    304
 201      5     10      1    365
 202      3     50     60    304
 203      5    173      1    365
 204      5     83      1    365
 205      5    271      1    365
 206      5     76      1    365
 207      5     70      1    365
 208      5     57      1    365
 209      3     29     60    304
 210      1     25     32    304
 211      5     78     91    161
 212      3    206     60    304
 213      3   1796     60    304
 214      3     17     60    304
 215      5     23     60    244
 216      1     28      1    365
 217      3    134     60    304
 218      5     13      1    365
 219      5     23      1    365
 220      3     34     60    304
 221      3    764      1    365
 222      5    127     60    244
 223      5      8      1    365
 224      5    114      1    365
 225      3    225     60    304
 226      3    107     60    304
 227      5    196      1    365
 228      5     31      1    365
 229      3     29     60    304
 230      3    128     60    304
 231      3    992     60    304
 232      3    302     60    304
 233      1    125      1    365
 234      3     20     60    273
 235      3    228     60    304
 236      5   2576      1    365
 237      5    101      1    365
 238      3    798     60    304
 239      3    274     60    304
 240      3     63     60    304
 241      5     25      1    365
 242      5     47      1    365
 243      1    155      1    365
 244      1    112      1    365
 245      1    117      1    365
 246      1     74      1    365
 247      5     89     60    213
 248      5     15      1    365
 249      5     71     60    244
 250      5     62      1    365
 251      3     87     91    288
 252      5    405      1    365
 253      1     57      1    365
 254      3     27    105    273
 999      0      0      1    365
