   1      3     92     60    304
   2      3    129     60    304
   3      3     50     60    304
   4      3     19      1    365
   5      3   1456     60    304
   6      3   1949     60    304
   7      3   1605     60    304
   8      3     16      1    365
   9      3   3404     60    304
  10      3   3393     60    304
  11      3    326     60    304
  12      5    114      1    365
  13      5      6     60    182
  14      5     35     60    213
  15      5    114      1    365
  16      5     20     60    213
  17      5      3     91    365
  18      5    136     32    365
  19      5     34      1    365
  20      5    113     60    304
  21      5     51    121    244
  22      5    111     91    213
  23      5    197     60    274
  24      5     10     91    244
  25      5    213      1    258
  26      5     55     91    213
  27      5      4     91    244
  28      5     26     32    335
  29      5     49     60    244
  30      5    118     60    244
  31      1     52      1    365
  32      1     38      1    365
  33      1     80     60    213
  34      1     41     60    274
  35      1    175      1    365
  36      1    129      1    365
  37      1     21     60    244
  38      1     91      1    365
  39      1     36     32    244
  40      1     38      1    365
  41      1    123     32    244
  42      1     88     91    365
  43      1     42     60    365
  44      1     65     60    244
  45      1     81     91    244
  46      1     23     91    213
  47      1     99      1    274
  48      1      7     91    305
  49      1    116      1    258
  50      1     58     32    166
  51      1     32     60    166
  52      1     19      1    365
  53      1     30     60    293
  54      1     19     91    213
  55      1     44     60    152
  56      1    111     60    244
  57      1    111     60    304
  58      1     79     91    182
  59      1    138     60    182
  60      5     52      1    365
  61      5    238      1    365
  62      1    214      1    365
  63      5     93      1    365
  64      1      4      1    365
  65      1     26      1    365
  66      1     71      1    365
  67      1      9      1    365
  68      5    129      1    365
  69      5     45      1    365
  70      1     57      1    365
  71      1     35      1    365
  72      5     39      1    365
  73      1     76      1    365
  74      3     44     60    304
  75      5     29      1    365
  76      1     68      1    365
  77      1     86      1    365
  78      1    148      1    365
  79      3     28     60    304
  80      1    154      1    365
  81      1    123      1    365
  82      3     29     60    304
  83      3      9     60    304
  84      5     16      1    365
  85      3     13     60    304
  86      3     26     60    304
  87      3     17     60    304
  88      3     18     60    304
  89      3     78     60    304
  90      3     53     60    304
  91      3    150     60    304
  92      1     77      1    365
  93      1     16      1    365
  94      3    247     60    304
  95      3    169     60    304
  96      1     44      1    365
  97      1      5      1    365
  98      3     88     60    304
  99      3     82     60    304
 100      3     27     60    304
 101      1    105      1    365
 102      1     86      1    365
 103      1    117      1    365
 104      1     54      1    365
 105      3      8     60    304
 106      3    142     60    304
 107      3     97     60    304
 108      3    146     60    304
 109      3     64     60    304
 110      3      7     60    304
 111      3     42     60    304
 112      1     46     60    244
 113      5     12      1    365
 114      3     52     60    304
 115      3     43     60    304
 116      3     30     60    304
 117      5    264      1    365
 118      3     10     60    304
 119      3    100     60    304
 120      3      3     60    304
 121      3      1     60    304
 122      3    538     60    304
 123      3     59     60    304
 124      3    928     60    304
 125      3    230     60    304
 126      3     55     60    304
 127      3    602     60    304
 128      3    545     60    304
 129      3    493     60    304
 130      3    326     60    304
 131      5     51      1    365
 132      3    183     60    304
 133      3     82     60    304
 134      3     16     60    304
 135      3    103     60    304
 136      3     40     60    304
 137      5     40      1    196
 138      5     22      1    365
 139      3     13     60    304
 140      3    194     60    304
 141      3    109     60    304
 142      3    645     60    304
 143      3    441     60    304
 144      3    137     60    304
 145      3     13     60    304
 146      5     79      1    365
 147      3    822     60    304
 148      3    164     60    304
 149      3     27     60    304
 150      1     12      1    365
 151      1     32      1    365
 152      1     79      1    365
 153      3     22     60    304
 154      3     18     60    304
 155      5     52      1    365
 156      1    277      1    365
 157      1     74      1    365
 158      3    164     60    304
 159      5   2733      1    365
 160      5  10937      1    365
 161      5   3874      1    365
 162      1   1278      1    365
 163      1    457      1    365
 164      5      5      1    365
 165      5     24      1    365
 166      1     93     91    258
 167      5      8     60    274
 168      5     85     32    244
 169      5     22      1    365
 170      5     37      1    365
 171      3     77     60    304
 172      5     79     32    244
 173      5     29      1    365
 174      5   7509      1    365
 175      1     16      1    365
 176      3     57     60    304
 177      3    168     60    304
 178      3     38     60    304
 179      3     32     60    304
 180      3     18     60    304
 181      5     32      1    365
 182      3   1127     60    304
 183      3    770     60    304
 184      3     34     60    304
 185      3     13     60    304
 186      3     36     60    304
 187      3     29     60    304
 188      3     40     60    304
 189      3   2128     60    304
 190      3    331     60    304
 191      3    113     60    304
 192      1    195     91    244
 193      1     29     91    244
 194      1     25      1    365
 195      3    193      1    365
 196      3     41     60    304
 197      3    268     60    304
 198      3    137     60    304
 199      5      3      1    365
 200      3    217     60    304
 201      5     10      1    365
 202      3     62     60    304
 203      5    176      1    365
 204      5     85      1    365
 205      5    275      1    365
 206      5     77      1    365
 207      5     70      1    365
 208      5     58      1    365
 209      3     36     60    304
 210      1     29     32    304
 211      5    100     91    161
 212      3    253     60    304
 213      3   2213     60    304
 214      3     19     60    304
 215      5     23     60    244
 216      1     32      1    365
 217      3    165     60    304
 218      5     16      1    365
 219      5     29      1    365
 220      3     37     60    304
 221      3    833      1    365
 222      5    161     60    244
 223      5     10      1    365
 224      5    145      1    365
 225      3    277     60    304
 226      3    107     60    304
 227      5    199      1    365
 228      5     32      1    365
 229      3     36     60    304
 230      3    538     60    304
 231      3    628     60    304
 232      3    329     60    304
 233      1    141      1    365
 234      3     22     60    273
 235      3    144     60    304
 236      5   1131      1    365
 237      5    129      1    365
 238      3    871     60    304
 239      3    299     60    304
 240      3     69     60    304
 241      5     25      1    365
 242      5     47      1    365
 243      1    175      1    365
 244      1    127      1    365
 245      1    132      1    365
 246      1     74      1    365
 247      5    113     60    213
 248      5     19      1    365
 249      5     90     60    244
 250      5    376      1    365
 251      3    365     91    288
 252      5    515      1    365
 253      1     64      1    365
 254      3     29    105    273
 999      0      0      1    365
