   1      3     78     60    304
   2      3     97     60    304
   3      3     50     60    304
   4      3     16      1    365
   5      3   1394     60    304
   6      3   1867     60    304
   7      3   1605     60    304
   8      3     12      1    365
   9      3   3260     60    304
  10      3   3249     60    304
  11      3    637     60    304
  12      5    104      1    365
  13      5      6     60    182
  14      5     32     60    213
  15      5    104      1    365
  16      5     50     60    213
  17      5      3     91    365
  18      5    124     32    365
  19      5     31      1    365
  20      5    104     60    304
  21      5    130    121    244
  22      5    120     91    213
  23      5    499     60    274
  24      5      9     91    244
  25      5    194      1    258
  26      5    140     91    213
  27      5     10     91    244
  28      5     24     32    335
  29      5     45     60    244
  30      5    300     60    244
  31      1     37      1    365
  32      1     27      1    365
  33      1     57     60    213
  34      1     29     60    274
  35      1    125      1    365
  36      1     92      1    365
  37      1     15     60    244
  38      1     65      1    365
  39      1     25     32    244
  40      1     27      1    365
  41      1     88     32    244
  42      1    162     91    365
  43      1     78     60    365
  44      1    120     60    244
  45      1    149     91    244
  46      1     42     91    213
  47      1    182      1    274
  48      1     13     91    305
  49      1    214      1    258
  50      1    107     32    166
  51      1     58     60    166
  52      1     36      1    365
  53      1     55     60    293
  54      1     36     91    213
  55      1     81     60    152
  56      1    204     60    244
  57      1     84     60    304
  58      1    146     91    182
  59      1     98     60    182
  60      5     47      1    365
  61      5    220      1    365
  62      1    153      1    365
  63      5     86      1    365
  64      1      6      1    365
  65      1     49      1    365
  66      1    130      1    365
  67      1      6      1    365
  68      5    119      1    365
  69      5     42      1    365
  70      1     41      1    365
  71      1     65      1    365
  72      5     36      1    365
  73      1   2794      1    365
  74      3     37     60    304
  75      5     27      1    365
  76      1     52      1    365
  77      1     66      1    365
  78      1    113      1    365
  79      3     21     60    304
  80      1    117      1    365
  81      1     94      1    365
  82      3     25     60    304
  83      3      7     60    304
  84      5     15      1    365
  85      3     10     60    304
  86      3     19     60    304
  87      3     33     60    304
  88      3     15     60    304
  89      3     66     60    304
  90      3     53     60    304
  91      3    112     60    304
  92      1     55      1    365
  93      1     11      1    365
  94      3    211     60    304
  95      3    169     60    304
  96      1     81      1    365
  97      1     10      1    365
  98      3    171     60    304
  99      3    159     60    304
 100      3     26     60    304
 101      1     80      1    365
 102      1     66      1    365
 103      1     89      1    365
 104      1     38      1    365
 105      3     16     60    304
 106      3    121     60    304
 107      3     97     60    304
 108      3    121     60    304
 109      3     53     60    304
 110      3      7     60    304
 111      3     82     60    304
 112      1     33     60    244
 113      5     30      1    365
 114      3    101     60    304
 115      3     43     60    304
 116      3     59     60    304
 117      5    669      1    365
 118      3      9     60    304
 119      3     83     60    304
 120      3      2     60    304
 121      3      1     60    304
 122      3    446     60    304
 123      3     59     60    304
 124      3    889     60    304
 125      3    450     60    304
 126      3     45     60    304
 127      3    451     60    304
 128      3    522     60    304
 129      3    472     60    304
 130      3    637     60    304
 131      5     48      1    365
 132      3    156     60    304
 133      3     68     60    304
 134      3     12     60    304
 135      3     77     60    304
 136      3     40     60    304
 137      5     36      1    196
 138      5     20      1    365
 139      3     11     60    304
 140      3    186     60    304
 141      3    105     60    304
 142      3    549     60    304
 143      3    441     60    304
 144      3    113     60    304
 145      3     13     60    304
 146      5    200      1    365
 147      3    616     60    304
 148      3    136     60    304
 149      3     23     60    304
 150      1     23      1    365
 151      1     58      1    365
 152      1     56      1    365
 153      3     42     60    304
 154      3     18     60    304
 155      5     47      1    365
 156      1    197      1    365
 157      1    136      1    365
 158      3    136     60    304
 159      5   2488      1    365
 160      5   9957      1    365
 161      5   3527      1    365
 162      1    909      1    365
 163      1    347      1    365
 164      5      5      1    365
 165      5     60      1    365
 166      1     66     91    258
 167      5      7     60    274
 168      5     77     32    244
 169      5     20      1    365
 170      5     34      1    365
 171      3    150     60    304
 172      5     72     32    244
 173      5     27      1    365
 174      5   6836      1    365
 175      1     29      1    365
 176      3     49     60    304
 177      3    126     60    304
 178      3     75     60    304
 179      3     32     60    304
 180      3     35     60    304
 181      5     29      1    365
 182      3    959     60    304
 183      3    770     60    304
 184      3     25     60    304
 185      3     13     60    304
 186      3     30     60    304
 187      3     25     60    304
 188      3     77     60    304
 189      3   1811     60    304
 190      3    282     60    304
 191      3     96     60    304
 192      1    139     91    244
 193      1     20     91    244
 194      1     18      1    365
 195      3    377      1    365
 196      3     80     60    304
 197      3    228     60    304
 198      3    103     60    304
 199      5      3      1    365
 200      3    163     60    304
 201      5      9      1    365
 202      3     46     60    304
 203      5    160      1    365
 204      5     77      1    365
 205      5    250      1    365
 206      5     70      1    365
 207      5     70      1    365
 208      5     53      1    365
 209      3     27     60    304
 210      1     20     32    304
 211      5     92     91    161
 212      3    190     60    304
 213      3   1657     60    304
 214      3     16     60    304
 215      5     21     60    244
 216      1     23      1    365
 217      3    124     60    304
 218      5     15      1    365
 219      5     27      1    365
 220      3     31     60    304
 221      3    798      1    365
 222      5    149     60    244
 223      5      9      1    365
 224      5    134      1    365
 225      3    207     60    304
 226      3    107     60    304
 227      5    181      1    365
 228      5     29      1    365
 229      3     27     60    304
 230      3    446     60    304
 231      3   1225     60    304
 232      3    315     60    304
 233      1    100      1    365
 234      3     19     60    273
 235      3    281     60    304
 236      5   1229      1    365
 237      5    119      1    365
 238      3    834     60    304
 239      3    286     60    304
 240      3     66     60    304
 241      5     23      1    365
 242      5     43      1    365
 243      1    125      1    365
 244      1     90      1    365
 245      1     94      1    365
 246      1     74      1    365
 247      5    104     60    213
 248      5     18      1    365
 249      5     83     60    244
 250      5    376      1    365
 251      3    302     91    288
 252      5    476      1    365
 253      1     46      1    365
 254      3     25    105    273
 999      0      0      1    365
