   1      3    102     60    304
   2      3     69     60    304
   3      3     50     60    304
   4      3     21      1    365
   5      3   1374     60    304
   6      3   1839     60    304
   7      3   1605     60    304
   8      3      8      1    365
   9      3   3212     60    304
  10      3   3202     60    304
  11      3    328     60    304
  12      5    107      1    365
  13      5      6     60    182
  14      5     33     60    213
  15      5    107      1    365
  16      5     15     60    213
  17      5      3     91    365
  18      5    127     32    365
  19      5     32      1    365
  20      5    108     60    304
  21      5     40    121    244
  22      5     90     91    213
  23      5    154     60    274
  24      5      9     91    244
  25      5    199      1    258
  26      5     43     91    213
  27      5      3     91    244
  28      5     25     32    335
  29      5     46     60    244
  30      5     93     60    244
  31      1     45      1    365
  32      1     33      1    365
  33      1     70     60    213
  34      1     36     60    274
  35      1    153      1    365
  36      1    113      1    365
  37      1     19     60    244
  38      1     80      1    365
  39      1     31     32    244
  40      1     33      1    365
  41      1    108     32    244
  42      1    196     91    365
  43      1     94     60    365
  44      1    145     60    244
  45      1    180     91    244
  46      1     51     91    213
  47      1    219      1    274
  48      1     16     91    305
  49      1    258      1    258
  50      1    129     32    166
  51      1     70     60    166
  52      1     43      1    365
  53      1     67     60    293
  54      1     43     91    213
  55      1     98     60    152
  56      1    247     60    244
  57      1    203     60    304
  58      1    176     91    182
  59      1    120     60    182
  60      5     48      1    365
  61      5    229      1    365
  62      1    188      1    365
  63      5     90      1    365
  64      1      8      1    365
  65      1     59      1    365
  66      1    157      1    365
  67      1      8      1    365
  68      5    124      1    365
  69      5     43      1    365
  70      1     50      1    365
  71      1     78      1    365
  72      5     37      1    365
  73      1   2280      1    365
  74      3     48     60    304
  75      5     28      1    365
  76      1    124      1    365
  77      1    158      1    365
  78      1    271      1    365
  79      3     15     60    304
  80      1    282      1    365
  81      1    226      1    365
  82      3     32     60    304
  83      3     10     60    304
  84      5     15      1    365
  85      3      7     60    304
  86      3     14     60    304
  87      3     17     60    304
  88      3     19     60    304
  89      3     86     60    304
  90      3     53     60    304
  91      3     80     60    304
  92      1     67      1    365
  93      1     14      1    365
  94      3    273     60    304
  95      3    169     60    304
  96      1     98      1    365
  97      1     12      1    365
  98      3     88     60    304
  99      3     82     60    304
 100      3     25     60    304
 101      1    192      1    365
 102      1    158      1    365
 103      1    215      1    365
 104      1     47      1    365
 105      3      8     60    304
 106      3    157     60    304
 107      3     97     60    304
 108      3     96     60    304
 109      3     42     60    304
 110      3      7     60    304
 111      3     42     60    304
 112      1     41     60    244
 113      5      9      1    365
 114      3     52     60    304
 115      3     43     60    304
 116      3     30     60    304
 117      5    207      1    365
 118      3     11     60    304
 119      3     66     60    304
 120      3      1     60    304
 121      3      1     60    304
 122      3    353     60    304
 123      3     59     60    304
 124      3    875     60    304
 125      3    232     60    304
 126      3     36     60    304
 127      3    319     60    304
 128      3    515     60    304
 129      3    465     60    304
 130      3    328     60    304
 131      5     49      1    365
 132      3    202     60    304
 133      3     54     60    304
 134      3      8     60    304
 135      3     55     60    304
 136      3     40     60    304
 137      5     37      1    196
 138      5     21      1    365
 139      3     15     60    304
 140      3    183     60    304
 141      3    103     60    304
 142      3    713     60    304
 143      3    441     60    304
 144      3     90     60    304
 145      3     13     60    304
 146      5     62      1    365
 147      3    436     60    304
 148      3    108     60    304
 149      3     18     60    304
 150      1     27      1    365
 151      1     70      1    365
 152      1     69      1    365
 153      3     22     60    304
 154      3     18     60    304
 155      5     48      1    365
 156      1    242      1    365
 157      1    164      1    365
 158      3    108     60    304
 159      5   2552      1    365
 160      5  10214      1    365
 161      5   3618      1    365
 162      1   1118      1    365
 163      1    836      1    365
 164      5      5      1    365
 165      5     19      1    365
 166      1     81     91    258
 167      5      7     60    274
 168      5     79     32    244
 169      5     21      1    365
 170      5     35      1    365
 171      3     77     60    304
 172      5     74     32    244
 173      5     28      1    365
 174      5   7013      1    365
 175      1     35      1    365
 176      3     63     60    304
 177      3     89     60    304
 178      3     39     60    304
 179      3     32     60    304
 180      3     18     60    304
 181      5     30      1    365
 182      3   1244     60    304
 183      3    770     60    304
 184      3     18     60    304
 185      3     13     60    304
 186      3     24     60    304
 187      3     32     60    304
 188      3     40     60    304
 189      3   2350     60    304
 190      3    365     60    304
 191      3    124     60    304
 192      1    170     91    244
 193      1     25     91    244
 194      1     22      1    365
 195      3    194      1    365
 196      3     41     60    304
 197      3    296     60    304
 198      3     73     60    304
 199      5      3      1    365
 200      3    115     60    304
 201      5      9      1    365
 202      3     33     60    304
 203      5    164      1    365
 204      5     79      1    365
 205      5    256      1    365
 206      5     72      1    365
 207      5     70      1    365
 208      5     54      1    365
 209      3     19     60    304
 210      1     25     32    304
 211      5     96     91    161
 212      3    134     60    304
 213      3   1174     60    304
 214      3     21     60    304
 215      5     22     60    244
 216      1     28      1    365
 217      3     88     60    304
 218      5     15      1    365
 219      5     28      1    365
 220      3     40     60    304
 221      3    786      1    365
 222      5    155     60    244
 223      5      9      1    365
 224      5    139      1    365
 225      3    147     60    304
 226      3    107     60    304
 227      5    186      1    365
 228      5     30      1    365
 229      3     19     60    304
 230      3    353     60    304
 231      3    631     60    304
 232      3    311     60    304
 233      1    123      1    365
 234      3     24     60    273
 235      3    145     60    304
 236      5    922      1    365
 237      5    124      1    365
 238      3    822     60    304
 239      3    282     60    304
 240      3     65     60    304
 241      5     24      1    365
 242      5     44      1    365
 243      1    153      1    365
 244      1    111      1    365
 245      1    116      1    365
 246      1     74      1    365
 247      5    108     60    213
 248      5     19      1    365
 249      5     87     60    244
 250      5   1916      1    365
 251      3    239     91    288
 252      5    495      1    365
 253      1     56      1    365
 254      3     32    105    273
 999      0      0      1    365
