   1      3     81     60    304
   2      3     55     60    304
   3      3     50     60    304
   4      3     17      1    365
   5      3   1316     60    304
   6      3   1761     60    304
   7      3   1605     60    304
   8      3      7      1    365
   9      3   3076     60    304
  10      3   3066     60    304
  11      3    295     60    304
  12      5    113      1    365
  13      5      8     60    182
  14      5     35     60    213
  15      5    113      1    365
  16      5     57     60    213
  17      5      4     91    365
  18      5    135     32    365
  19      5     34      1    365
  20      5    132     60    304
  21      5    148    121    244
  22      5    181     91    213
  23      5    570     60    274
  24      5     11     91    244
  25      5    211      1    258
  26      5    160     91    213
  27      5     11     91    244
  28      5     26     32    335
  29      5     49     60    244
  30      5    342     60    244
  31      1     35      1    365
  32      1     25      1    365
  33      1     55     60    213
  34      1     28     60    274
  35      1    119      1    365
  36      1     87      1    365
  37      1     15     60    244
  38      1     62      1    365
  39      1     24     32    244
  40      1     25      1    365
  41      1     84     32    244
  42      1    216     91    365
  43      1    104     60    365
  44      1    160     60    244
  45      1    199     91    244
  46      1     56     91    213
  47      1    242      1    274
  48      1     17     91    305
  49      1    285      1    258
  50      1    143     32    166
  51      1     78     60    166
  52      1     48      1    365
  53      1     74     60    293
  54      1     48     91    213
  55      1    108     60    152
  56      1    272     60    244
  57      1    176     60    304
  58      1    195     91    182
  59      1     93     60    182
  60      5     51      1    365
  61      5    279      1    365
  62      1    146      1    365
  63      5    109      1    365
  64      1      9      1    365
  65      1     65      1    365
  66      1    173      1    365
  67      1      6      1    365
  68      5    151      1    365
  69      5     53      1    365
  70      1     39      1    365
  71      1     87      1    365
  72      5     45      1    365
  73      1   1039      1    365
  74      3     39     60    304
  75      5     34      1    365
  76      1    108      1    365
  77      1    137      1    365
  78      1    235      1    365
  79      3     12     60    304
  80      1    245      1    365
  81      1    196      1    365
  82      3     26     60    304
  83      3      8     60    304
  84      5     19      1    365
  85      3      6     60    304
  86      3     11     60    304
  87      3     15     60    304
  88      3     15     60    304
  89      3     68     60    304
  90      3     53     60    304
  91      3     64     60    304
  92      1     52      1    365
  93      1     11      1    365
  94      3    218     60    304
  95      3    169     60    304
  96      1    108      1    365
  97      1     13      1    365
  98      3     79     60    304
  99      3     74     60    304
 100      3     24     60    304
 101      1    166      1    365
 102      1    137      1    365
 103      1    186      1    365
 104      1     36      1    365
 105      3      8     60    304
 106      3    125     60    304
 107      3     97     60    304
 108      3     91     60    304
 109      3     40     60    304
 110      3      7     60    304
 111      3     38     60    304
 112      1     32     60    244
 113      5     34      1    365
 114      3     47     60    304
 115      3     43     60    304
 116      3     27     60    304
 117      5    764      1    365
 118      3      9     60    304
 119      3     62     60    304
 120      3      1     60    304
 121      3      1     60    304
 122      3    335     60    304
 123      3     59     60    304
 124      3    838     60    304
 125      3    208     60    304
 126      3     34     60    304
 127      3    258     60    304
 128      3    493     60    304
 129      3    445     60    304
 130      3    295     60    304
 131      5     60      1    365
 132      3    161     60    304
 133      3     51     60    304
 134      3      7     60    304
 135      3     44     60    304
 136      3     40     60    304
 137      5     39      1    196
 138      5     22      1    365
 139      3     12     60    304
 140      3    176     60    304
 141      3     99     60    304
 142      3    569     60    304
 143      3    441     60    304
 144      3     85     60    304
 145      3     12     60    304
 146      5    228      1    365
 147      3    353     60    304
 148      3    102     60    304
 149      3     17     60    304
 150      1     30      1    365
 151      1     78      1    365
 152      1     53      1    365
 153      3     20     60    304
 154      3     18     60    304
 155      5     51      1    365
 156      1    188      1    365
 157      1    182      1    365
 158      3    102     60    304
 159      5   2700      1    365
 160      5  10805      1    365
 161      5   3827      1    365
 162      1    867      1    365
 163      1    724      1    365
 164      5      5      1    365
 165      5     68      1    365
 166      1     63     91    258
 167      5      8     60    274
 168      5     84     32    244
 169      5     22      1    365
 170      5     37      1    365
 171      3     69     60    304
 172      5     78     32    244
 173      5     34      1    365
 174      5   7418      1    365
 175      1     39      1    365
 176      3     50     60    304
 177      3     72     60    304
 178      3     35     60    304
 179      3     32     60    304
 180      3     16     60    304
 181      5     31      1    365
 182      3    994     60    304
 183      3    770     60    304
 184      3     14     60    304
 185      3     13     60    304
 186      3     23     60    304
 187      3     26     60    304
 188      3     36     60    304
 189      3   1877     60    304
 190      3    292     60    304
 191      3     99     60    304
 192      1    132     91    244
 193      1     19     91    244
 194      1     17      1    365
 195      3    175      1    365
 196      3     37     60    304
 197      3    236     60    304
 198      3     59     60    304
 199      5      3      1    365
 200      3     93     60    304
 201      5     10      1    365
 202      3     27     60    304
 203      5    174      1    365
 204      5     84      1    365
 205      5    271      1    365
 206      5     76      1    365
 207      5     70      1    365
 208      5     58      1    365
 209      3     16     60    304
 210      1     19     32    304
 211      5    117     91    161
 212      3    109     60    304
 213      3    949     60    304
 214      3     17     60    304
 215      5     23     60    244
 216      1     22      1    365
 217      3     71     60    304
 218      5     19      1    365
 219      5     34      1    365
 220      3     32     60    304
 221      3    753      1    365
 222      5    188     60    244
 223      5     11      1    365
 224      5    170      1    365
 225      3    119     60    304
 226      3    107     60    304
 227      5    196      1    365
 228      5     31      1    365
 229      3     16     60    304
 230      3    335     60    304
 231      3    568     60    304
 232      3    297     60    304
 233      1     96      1    365
 234      3     19     60    273
 235      3    130     60    304
 236      5   1851      1    365
 237      5    151      1    365
 238      3    787     60    304
 239      3    270     60    304
 240      3     63     60    304
 241      5     25      1    365
 242      5     47      1    365
 243      1    119      1    365
 244      1     86      1    365
 245      1     90      1    365
 246      1     74      1    365
 247      5    132     60    213
 248      5     23      1    365
 249      5    106     60    244
 250      5   2097      1    365
 251      3    227     91    288
 252      5    603      1    365
 253      1     44      1    365
 254      3     26    105    273
 999      0      0      1    365
