   1      3     74     60    304
   2      3    100     60    304
   3      3     50     60    304
   4      3     15      1    365
   5      3   1274     60    304
   6      3   1706     60    304
   7      3   1605     60    304
   8      3     12      1    365
   9      3   2979     60    304
  10      3   2969     60    304
  11      3    510     60    304
  12      5    112      1    365
  13      5      3     60    182
  14      5     34     60    213
  15      5    112      1    365
  16      5     64     60    213
  17      5      1     91    365
  18      5    133     32    365
  19      5     33      1    365
  20      5     50     60    304
  21      5    166    121    244
  22      5     12     91    213
  23      5    638     60    274
  24      5      4     91    244
  25      5    209      1    258
  26      5    179     91    213
  27      5     13     91    244
  28      5     26     32    335
  29      5     48     60    244
  30      5    383     60    244
  31      1     50      1    365
  32      1     36      1    365
  33      1     77     60    213
  34      1     39     60    274
  35      1    167      1    365
  36      1    123      1    365
  37      1     20     60    244
  38      1     87      1    365
  39      1     34     32    244
  40      1     36      1    365
  41      1    118     32    244
  42      1     58     91    365
  43      1     28     60    365
  44      1     43     60    244
  45      1     53     91    244
  46      1     15     91    213
  47      1     65      1    274
  48      1      5     91    305
  49      1     76      1    258
  50      1     38     32    166
  51      1     21     60    166
  52      1     13      1    365
  53      1     20     60    293
  54      1     13     91    213
  55      1     29     60    152
  56      1     73     60    244
  57      1    272     60    304
  58      1     52     91    182
  59      1    132     60    182
  60      5     51      1    365
  61      5    107      1    365
  62      1    205      1    365
  63      5     42      1    365
  64      1      2      1    365
  65      1     17      1    365
  66      1     46      1    365
  67      1      9      1    365
  68      5     58      1    365
  69      5     20      1    365
  70      1     55      1    365
  71      1     23      1    365
  72      5     17      1    365
  73      1    711      1    365
  74      3     35     60    304
  75      5     13      1    365
  76      1    166      1    365
  77      1    212      1    365
  78      1    363      1    365
  79      3     22     60    304
  80      1    378      1    365
  81      1    302      1    365
  82      3     24     60    304
  83      3      7     60    304
  84      5      7      1    365
  85      3     10     60    304
  86      3     20     60    304
  87      3     26     60    304
  88      3     14     60    304
  89      3     62     60    304
  90      3     53     60    304
  91      3    115     60    304
  92      1     73      1    365
  93      1     15      1    365
  94      3    199     60    304
  95      3    169     60    304
  96      1     29      1    365
  97      1      3      1    365
  98      3    137     60    304
  99      3    127     60    304
 100      3     23     60    304
 101      1    257      1    365
 102      1    212      1    365
 103      1    287      1    365
 104      1     51      1    365
 105      3     13     60    304
 106      3    114     60    304
 107      3     97     60    304
 108      3    171     60    304
 109      3     75     60    304
 110      3      7     60    304
 111      3     66     60    304
 112      1     44     60    244
 113      5     38      1    365
 114      3     81     60    304
 115      3     43     60    304
 116      3     47     60    304
 117      5    855      1    365
 118      3      8     60    304
 119      3    118     60    304
 120      3      2     60    304
 121      3      1     60    304
 122      3    631     60    304
 123      3     59     60    304
 124      3    812     60    304
 125      3    360     60    304
 126      3     64     60    304
 127      3    464     60    304
 128      3    477     60    304
 129      3    431     60    304
 130      3    510     60    304
 131      5     23      1    365
 132      3    147     60    304
 133      3     96     60    304
 134      3     12     60    304
 135      3     80     60    304
 136      3     40     60    304
 137      5     39      1    196
 138      5     22      1    365
 139      3     11     60    304
 140      3    170     60    304
 141      3     96     60    304
 142      3    519     60    304
 143      3    441     60    304
 144      3    160     60    304
 145      3     12     60    304
 146      5    255      1    365
 147      3    633     60    304
 148      3    192     60    304
 149      3     32     60    304
 150      1      8      1    365
 151      1     21      1    365
 152      1     75      1    365
 153      3     34     60    304
 154      3     18     60    304
 155      5     51      1    365
 156      1    265      1    365
 157      1     48      1    365
 158      3    192     60    304
 159      5   2676      1    365
 160      5  10711      1    365
 161      5   3794      1    365
 162      1   1221      1    365
 163      1   1118      1    365
 164      5      5      1    365
 165      5     77      1    365
 166      1     89     91    258
 167      5      8     60    274
 168      5     83     32    244
 169      5     22      1    365
 170      5     37      1    365
 171      3    120     60    304
 172      5     77     32    244
 173      5     13      1    365
 174      5   7354      1    365
 175      1     10      1    365
 176      3     46     60    304
 177      3    129     60    304
 178      3     60     60    304
 179      3     32     60    304
 180      3     28     60    304
 181      5     31      1    365
 182      3    906     60    304
 183      3    770     60    304
 184      3     26     60    304
 185      3     13     60    304
 186      3     43     60    304
 187      3     24     60    304
 188      3     62     60    304
 189      3   1710     60    304
 190      3    266     60    304
 191      3     91     60    304
 192      1    186     91    244
 193      1     27     91    244
 194      1     24      1    365
 195      3    302      1    365
 196      3     64     60    304
 197      3    215     60    304
 198      3    106     60    304
 199      5      3      1    365
 200      3    167     60    304
 201      5     10      1    365
 202      3     48     60    304
 203      5    172      1    365
 204      5     83      1    365
 205      5    269      1    365
 206      5     75      1    365
 207      5     70      1    365
 208      5     57      1    365
 209      3     28     60    304
 210      1     27     32    304
 211      5     45     91    161
 212      3    195     60    304
 213      3   1705     60    304
 214      3     15     60    304
 215      5     23     60    244
 216      1     31      1    365
 217      3    127     60    304
 218      5      7      1    365
 219      5     13      1    365
 220      3     29     60    304
 221      3    729      1    365
 222      5     72     60    244
 223      5      4      1    365
 224      5     65      1    365
 225      3    213     60    304
 226      3    107     60    304
 227      5    195      1    365
 228      5     31      1    365
 229      3     28     60    304
 230      3    631     60    304
 231      3    980     60    304
 232      3    288     60    304
 233      1    135      1    365
 234      3     18     60    273
 235      3    225     60    304
 236      5    122      1    365
 237      5     58      1    365
 238      3    762     60    304
 239      3    261     60    304
 240      3     61     60    304
 241      5     25      1    365
 242      5     46      1    365
 243      1    167      1    365
 244      1    121      1    365
 245      1    126      1    365
 246      1     74      1    365
 247      5     50     60    213
 248      5      9      1    365
 249      5     40     60    244
 250      5   1718      1    365
 251      3    428     91    288
 252      5    231      1    365
 253      1     61      1    365
 254      3     24    105    273
 999      0      0      1    365
