   1      3     86     60    304
   2      3     83     60    304
   3      3     50     60    304
   4      3     18      1    365
   5      3   1400     60    304
   6      3   1874     60    304
   7      3   1605     60    304
   8      3     10      1    365
   9      3   3273     60    304
  10      3   3262     60    304
  11      3    376     60    304
  12      5    107      1    365
  13      5      3     60    182
  14      5     33     60    213
  15      5    107      1    365
  16      5     30     60    213
  17      5      2     91    365
  18      5    128     32    365
  19      5     32      1    365
  20      5     54     60    304
  21      5     77    121    244
  22      5    206     91    213
  23      5    298     60    274
  24      5      5     91    244
  25      5    200      1    258
  26      5     83     91    213
  27      5      6     91    244
  28      5     25     32    335
  29      5     46     60    244
  30      5    179     60    244
  31      1     39      1    365
  32      1     28      1    365
  33      1     60     60    213
  34      1     31     60    274
  35      1    130      1    365
  36      1     96      1    365
  37      1     16     60    244
  38      1     68      1    365
  39      1     27     32    244
  40      1     28      1    365
  41      1     92     32    244
  42      1    201     91    365
  43      1     97     60    365
  44      1    149     60    244
  45      1    185     91    244
  46      1     52     91    213
  47      1    225      1    274
  48      1     16     91    305
  49      1    265      1    258
  50      1    133     32    166
  51      1     72     60    166
  52      1     44      1    365
  53      1     68     60    293
  54      1     44     91    213
  55      1    101     60    152
  56      1    253     60    244
  57      1    159     60    304
  58      1    181     91    182
  59      1    102     60    182
  60      5     48      1    365
  61      5    114      1    365
  62      1    159      1    365
  63      5     45      1    365
  64      1      8      1    365
  65      1     60      1    365
  66      1    161      1    365
  67      1      7      1    365
  68      5     61      1    365
  69      5     22      1    365
  70      1     42      1    365
  71      1     80      1    365
  72      5     18      1    365
  73      1   1914      1    365
  74      3     41     60    304
  75      5     14      1    365
  76      1     97      1    365
  77      1    124      1    365
  78      1    212      1    365
  79      3     18     60    304
  80      1    221      1    365
  81      1    177      1    365
  82      3     27     60    304
  83      3      8     60    304
  84      5      8      1    365
  85      3      8     60    304
  86      3     17     60    304
  87      3     19     60    304
  88      3     16     60    304
  89      3     72     60    304
  90      3     53     60    304
  91      3     97     60    304
  92      1     57      1    365
  93      1     12      1    365
  94      3    231     60    304
  95      3    169     60    304
  96      1    101      1    365
  97      1     12      1    365
  98      3    101     60    304
  99      3     94     60    304
 100      3     26     60    304
 101      1    150      1    365
 102      1    124      1    365
 103      1    168      1    365
 104      1     40      1    365
 105      3     10     60    304
 106      3    132     60    304
 107      3     97     60    304
 108      3    147     60    304
 109      3     64     60    304
 110      3      7     60    304
 111      3     48     60    304
 112      1     35     60    244
 113      5     18      1    365
 114      3     59     60    304
 115      3     43     60    304
 116      3     35     60    304
 117      5    399      1    365
 118      3     10     60    304
 119      3    101     60    304
 120      3      2     60    304
 121      3      1     60    304
 122      3    543     60    304
 123      3     59     60    304
 124      3    892     60    304
 125      3    265     60    304
 126      3     55     60    304
 127      3    388     60    304
 128      3    524     60    304
 129      3    474     60    304
 130      3    376     60    304
 131      5     25      1    365
 132      3    171     60    304
 133      3     83     60    304
 134      3     10     60    304
 135      3     67     60    304
 136      3     40     60    304
 137      5     37      1    196
 138      5     21      1    365
 139      3     12     60    304
 140      3    187     60    304
 141      3    105     60    304
 142      3    602     60    304
 143      3    441     60    304
 144      3    138     60    304
 145      3     13     60    304
 146      5    119      1    365
 147      3    529     60    304
 148      3    166     60    304
 149      3     28     60    304
 150      1     28      1    365
 151      1     72      1    365
 152      1     58      1    365
 153      3     25     60    304
 154      3     18     60    304
 155      5     48      1    365
 156      1    206      1    365
 157      1    169      1    365
 158      3    166     60    304
 159      5   2566      1    365
 160      5  10269      1    365
 161      5   3637      1    365
 162      1    949      1    365
 163      1    654      1    365
 164      5      5      1    365
 165      5     36      1    365
 166      1     69     91    258
 167      5      7     60    274
 168      5     79     32    244
 169      5     21      1    365
 170      5     35      1    365
 171      3     88     60    304
 172      5     74     32    244
 173      5     14      1    365
 174      5   7050      1    365
 175      1     36      1    365
 176      3     53     60    304
 177      3    108     60    304
 178      3     44     60    304
 179      3     32     60    304
 180      3     21     60    304
 181      5     30      1    365
 182      3   1051     60    304
 183      3    770     60    304
 184      3     22     60    304
 185      3     13     60    304
 186      3     37     60    304
 187      3     27     60    304
 188      3     46     60    304
 189      3   1985     60    304
 190      3    309     60    304
 191      3    105     60    304
 192      1    145     91    244
 193      1     21     91    244
 194      1     19      1    365
 195      3    222      1    365
 196      3     47     60    304
 197      3    250     60    304
 198      3     88     60    304
 199      5      3      1    365
 200      3    140     60    304
 201      5      9      1    365
 202      3     40     60    304
 203      5    165      1    365
 204      5     79      1    365
 205      5    258      1    365
 206      5     72      1    365
 207      5     70      1    365
 208      5     55      1    365
 209      3     23     60    304
 210      1     21     32    304
 211      5     48     91    161
 212      3    163     60    304
 213      3   1425     60    304
 214      3     18     60    304
 215      5     22     60    244
 216      1     24      1    365
 217      3    107     60    304
 218      5      8      1    365
 219      5     14      1    365
 220      3     34     60    304
 221      3    801      1    365
 222      5     77     60    244
 223      5      5      1    365
 224      5     69      1    365
 225      3    178     60    304
 226      3    107     60    304
 227      5    187      1    365
 228      5     30      1    365
 229      3     23     60    304
 230      3    543     60    304
 231      3    722     60    304
 232      3    316     60    304
 233      1    105      1    365
 234      3     20     60    273
 235      3    166     60    304
 236      5   2103      1    365
 237      5     61      1    365
 238      3    837     60    304
 239      3    287     60    304
 240      3     67     60    304
 241      5     24      1    365
 242      5     44      1    365
 243      1    130      1    365
 244      1     94      1    365
 245      1     98      1    365
 246      1     74      1    365
 247      5     54     60    213
 248      5      9      1    365
 249      5     43     60    244
 250      5   1200      1    365
 251      3    368     91    288
 252      5    246      1    365
 253      1     48      1    365
 254      3     27    105    273
 999      0      0      1    365
