   1      3     66     60    304
   2      3    119     60    304
   3      3     50     60    304
   4      3     14      1    365
   5      3   1304     60    304
   6      3   1746     60    304
   7      3   1605     60    304
   8      3     14      1    365
   9      3   3049     60    304
  10      3   3039     60    304
  11      3    522     60    304
  12      5    112      1    365
  13      5      8     60    182
  14      5     34     60    213
  15      5    112      1    365
  16      5     14     60    213
  17      5      4     91    365
  18      5    133     32    365
  19      5     33      1    365
  20      5    146     60    304
  21      5     35    121    244
  22      5     76     91    213
  23      5    136     60    274
  24      5     12     91    244
  25      5    208      1    258
  26      5     38     91    213
  27      5      3     91    244
  28      5     26     32    335
  29      5     48     60    244
  30      5     81     60    244
  31      1     35      1    365
  32      1     25      1    365
  33      1     54     60    213
  34      1     28     60    274
  35      1    119      1    365
  36      1     87      1    365
  37      1     15     60    244
  38      1     62      1    365
  39      1     24     32    244
  40      1     25      1    365
  41      1     83     32    244
  42      1    213     91    365
  43      1    102     60    365
  44      1    158     60    244
  45      1    196     91    244
  46      1     55     91    213
  47      1    239      1    274
  48      1     17     91    305
  49      1    281      1    258
  50      1    141     32    166
  51      1     77     60    166
  52      1     47      1    365
  53      1     72     60    293
  54      1     47     91    213
  55      1    106     60    152
  56      1    268     60    244
  57      1     37     60    304
  58      1    192     91    182
  59      1     93     60    182
  60      5     50      1    365
  61      5    308      1    365
  62      1    145      1    365
  63      5    121      1    365
  64      1      9      1    365
  65      1     64      1    365
  66      1    170      1    365
  67      1      6      1    365
  68      5    166      1    365
  69      5     58      1    365
  70      1     39      1    365
  71      1     85      1    365
  72      5     50      1    365
  73      1   2370      1    365
  74      3     31     60    304
  75      5     37      1    365
  76      1     23      1    365
  77      1     29      1    365
  78      1     50      1    365
  79      3     26     60    304
  80      1     52      1    365
  81      1     42      1    365
  82      3     21     60    304
  83      3      6     60    304
  84      5     21      1    365
  85      3     12     60    304
  86      3     24     60    304
  87      3     27     60    304
  88      3     12     60    304
  89      3     55     60    304
  90      3     53     60    304
  91      3    138     60    304
  92      1     52      1    365
  93      1     11      1    365
  94      3    176     60    304
  95      3    169     60    304
  96      1    106      1    365
  97      1     13      1    365
  98      3    140     60    304
  99      3    131     60    304
 100      3     24     60    304
 101      1     35      1    365
 102      1     29      1    365
 103      1     40      1    365
 104      1     36      1    365
 105      3     13     60    304
 106      3    101     60    304
 107      3     97     60    304
 108      3     73     60    304
 109      3     32     60    304
 110      3      7     60    304
 111      3     67     60    304
 112      1     31     60    244
 113      5      8      1    365
 114      3     83     60    304
 115      3     43     60    304
 116      3     48     60    304
 117      5    182      1    365
 118      3      7     60    304
 119      3     50     60    304
 120      3      2     60    304
 121      3      1     60    304
 122      3    269     60    304
 123      3     59     60    304
 124      3    831     60    304
 125      3    369     60    304
 126      3     27     60    304
 127      3    554     60    304
 128      3    488     60    304
 129      3    442     60    304
 130      3    522     60    304
 131      5     67      1    365
 132      3    130     60    304
 133      3     41     60    304
 134      3     14     60    304
 135      3     95     60    304
 136      3     40     60    304
 137      5     39      1    196
 138      5     21      1    365
 139      3      9     60    304
 140      3    174     60    304
 141      3     98     60    304
 142      3    459     60    304
 143      3    441     60    304
 144      3     68     60    304
 145      3     12     60    304
 146      5     54      1    365
 147      3    756     60    304
 148      3     82     60    304
 149      3     14     60    304
 150      1     30      1    365
 151      1     77      1    365
 152      1     53      1    365
 153      3     35     60    304
 154      3     18     60    304
 155      5     50      1    365
 156      1    188      1    365
 157      1    179      1    365
 158      3     82     60    304
 159      5   2668      1    365
 160      5  10677      1    365
 161      5   3782      1    365
 162      1    865      1    365
 163      1    154      1    365
 164      5      5      1    365
 165      5     16      1    365
 166      1     63     91    258
 167      5      8     60    274
 168      5     83     32    244
 169      5     21      1    365
 170      5     36      1    365
 171      3    123     60    304
 172      5     77     32    244
 173      5     37      1    365
 174      5   7331      1    365
 175      1     38      1    365
 176      3     41     60    304
 177      3    155     60    304
 178      3     61     60    304
 179      3     32     60    304
 180      3     29     60    304
 181      5     31      1    365
 182      3    801     60    304
 183      3    770     60    304
 184      3     31     60    304
 185      3     13     60    304
 186      3     18     60    304
 187      3     21     60    304
 188      3     63     60    304
 189      3   1512     60    304
 190      3    235     60    304
 191      3     80     60    304
 192      1    132     91    244
 193      1     19     91    244
 194      1     17      1    365
 195      3    309      1    365
 196      3     65     60    304
 197      3    190     60    304
 198      3    126     60    304
 199      5      3      1    365
 200      3    200     60    304
 201      5     10      1    365
 202      3     57     60    304
 203      5    172      1    365
 204      5     83      1    365
 205      5    268      1    365
 206      5     75      1    365
 207      5     70      1    365
 208      5     57      1    365
 209      3     33     60    304
 210      1     19     32    304
 211      5    129     91    161
 212      3    233     60    304
 213      3   2035     60    304
 214      3     14     60    304
 215      5     23     60    244
 216      1     22      1    365
 217      3    152     60    304
 218      5     21      1    365
 219      5     37      1    365
 220      3     26     60    304
 221      3    746      1    365
 222      5    208     60    244
 223      5     12      1    365
 224      5    187      1    365
 225      3    254     60    304
 226      3    107     60    304
 227      5    194      1    365
 228      5     31      1    365
 229      3     33     60    304
 230      3    269     60    304
 231      3   1004     60    304
 232      3    295     60    304
 233      1     96      1    365
 234      3     16     60    273
 235      3    230     60    304
 236      5    775      1    365
 237      5    166      1    365
 238      3    780     60    304
 239      3    268     60    304
 240      3     62     60    304
 241      5     25      1    365
 242      5     46      1    365
 243      1    119      1    365
 244      1     86      1    365
 245      1     90      1    365
 246      1     74      1    365
 247      5    146     60    213
 248      5     25      1    365
 249      5    117     60    244
 250      5   2710      1    365
 251      3    182     91    288
 252      5    666      1    365
 253      1     44      1    365
 254      3     21    105    273
 999      0      0      1    365
