   1      3     73     60    304
   2      3     73     60    304
   3      3     50     60    304
   4      3     15      1    365
   5      3   1414     60    304
   6      3   1893     60    304
   7      3   1605     60    304
   8      3      9      1    365
   9      3   3307     60    304
  10      3   3296     60    304
  11      3    502     60    304
  12      5    108      1    365
  13      5      9     60    182
  14      5     33     60    213
  15      5    108      1    365
  16      5     61     60    213
  17      5      4     91    365
  18      5    128     32    365
  19      5     32      1    365
  20      5    152     60    304
  21      5    158    121    244
  22      5    132     91    213
  23      5    606     60    274
  24      5     13     91    244
  25      5    201      1    258
  26      5    170     91    213
  27      5     12     91    244
  28      5     25     32    335
  29      5     47     60    244
  30      5    364     60    244
  31      1     60      1    365
  32      1     44      1    365
  33      1     94     60    213
  34      1     48     60    274
  35      1    204      1    365
  36      1    150      1    365
  37      1     25     60    244
  38      1    106      1    365
  39      1     42     32    244
  40      1     44      1    365
  41      1    144     32    244
  42      1     87     91    365
  43      1     42     60    365
  44      1     64     60    244
  45      1     80     91    244
  46      1     23     91    213
  47      1     98      1    274
  48      1      7     91    305
  49      1    115      1    258
  50      1     58     32    166
  51      1     31     60    166
  52      1     19      1    365
  53      1     30     60    293
  54      1     19     91    213
  55      1     44     60    152
  56      1    110     60    244
  57      1     39     60    304
  58      1     78     91    182
  59      1    161     60    182
  60      5     49      1    365
  61      5    322      1    365
  62      1    250      1    365
  63      5    126      1    365
  64      1      3      1    365
  65      1     26      1    365
  66      1     70      1    365
  67      1     10      1    365
  68      5    174      1    365
  69      5     61      1    365
  70      1     67      1    365
  71      1     35      1    365
  72      5     52      1    365
  73      1   1096      1    365
  74      3     35     60    304
  75      5     39      1    365
  76      1     24      1    365
  77      1     31      1    365
  78      1     52      1    365
  79      3     16     60    304
  80      1     55      1    365
  81      1     44      1    365
  82      3     23     60    304
  83      3      7     60    304
  84      5     22      1    365
  85      3      7     60    304
  86      3     15     60    304
  87      3     26     60    304
  88      3     14     60    304
  89      3     61     60    304
  90      3     53     60    304
  91      3     85     60    304
  92      1     90      1    365
  93      1     19      1    365
  94      3    195     60    304
  95      3    169     60    304
  96      1     44      1    365
  97      1      5      1    365
  98      3    135     60    304
  99      3    125     60    304
 100      3     26     60    304
 101      1     37      1    365
 102      1     31      1    365
 103      1     41      1    365
 104      1     63      1    365
 105      3     13     60    304
 106      3    112     60    304
 107      3     97     60    304
 108      3    114     60    304
 109      3     50     60    304
 110      3      7     60    304
 111      3     65     60    304
 112      1     54     60    244
 113      5     36      1    365
 114      3     79     60    304
 115      3     43     60    304
 116      3     46     60    304
 117      5    812      1    365
 118      3      8     60    304
 119      3     78     60    304
 120      3      1     60    304
 121      3      1     60    304
 122      3    419     60    304
 123      3     59     60    304
 124      3    901     60    304
 125      3    354     60    304
 126      3     43     60    304
 127      3    340     60    304
 128      3    530     60    304
 129      3    479     60    304
 130      3    502     60    304
 131      5     70      1    365
 132      3    144     60    304
 133      3     64     60    304
 134      3      9     60    304
 135      3     58     60    304
 136      3     40     60    304
 137      5     37      1    196
 138      5     21      1    365
 139      3     10     60    304
 140      3    189     60    304
 141      3    106     60    304
 142      3    510     60    304
 143      3    441     60    304
 144      3    106     60    304
 145      3     13     60    304
 146      5    243      1    365
 147      3    463     60    304
 148      3    128     60    304
 149      3     21     60    304
 150      1     12      1    365
 151      1     31      1    365
 152      1     92      1    365
 153      3     33     60    304
 154      3     18     60    304
 155      5     49      1    365
 156      1    323      1    365
 157      1     73      1    365
 158      3    128     60    304
 159      5   2574      1    365
 160      5  10302      1    365
 161      5   3649      1    365
 162      1   1491      1    365
 163      1    162      1    365
 164      5      5      1    365
 165      5     73      1    365
 166      1    108     91    258
 167      5      7     60    274
 168      5     80     32    244
 169      5     21      1    365
 170      5     35      1    365
 171      3    118     60    304
 172      5     74     32    244
 173      5     39      1    365
 174      5   7073      1    365
 175      1     16      1    365
 176      3     45     60    304
 177      3     95     60    304
 178      3     59     60    304
 179      3     32     60    304
 180      3     28     60    304
 181      5     30      1    365
 182      3    890     60    304
 183      3    770     60    304
 184      3     19     60    304
 185      3     13     60    304
 186      3     28     60    304
 187      3     23     60    304
 188      3     61     60    304
 189      3   1680     60    304
 190      3    261     60    304
 191      3     89     60    304
 192      1    227     91    244
 193      1     33     91    244
 194      1     29      1    365
 195      3    297      1    365
 196      3     63     60    304
 197      3    211     60    304
 198      3     77     60    304
 199      5      3      1    365
 200      3    122     60    304
 201      5      9      1    365
 202      3     35     60    304
 203      5    166      1    365
 204      5     80      1    365
 205      5    259      1    365
 206      5     72      1    365
 207      5     70      1    365
 208      5     55      1    365
 209      3     20     60    304
 210      1     33     32    304
 211      5    135     91    161
 212      3    143     60    304
 213      3   1247     60    304
 214      3     15     60    304
 215      5     22     60    244
 216      1     38      1    365
 217      3     93     60    304
 218      5     22      1    365
 219      5     39      1    365
 220      3     29     60    304
 221      3    809      1    365
 222      5    217     60    244
 223      5     13      1    365
 224      5    196      1    365
 225      3    156     60    304
 226      3    107     60    304
 227      5    187      1    365
 228      5     30      1    365
 229      3     20     60    304
 230      3    419     60    304
 231      3    965     60    304
 232      3    320     60    304
 233      1    165      1    365
 234      3     17     60    273
 235      3    221     60    304
 236      5   1353      1    365
 237      5    174      1    365
 238      3    846     60    304
 239      3    290     60    304
 240      3     67     60    304
 241      5     24      1    365
 242      5     44      1    365
 243      1    204      1    365
 244      1    148      1    365
 245      1    154      1    365
 246      1     74      1    365
 247      5    152     60    213
 248      5     26      1    365
 249      5    122     60    244
 250      5   1776      1    365
 251      3    284     91    288
 252      5    695      1    365
 253      1     75      1    365
 254      3     23    105    273
 999      0      0      1    365
