   1      3     87     60    304
   2      3    105     60    304
   3      3     50     60    304
   4      3     18      1    365
   5      3   1255     60    304
   6      3   1680     60    304
   7      3   1605     60    304
   8      3     13      1    365
   9      3   2934     60    304
  10      3   2925     60    304
  11      3    560     60    304
  12      5    104      1    365
  13      5      8     60    182
  14      5     32     60    213
  15      5    104      1    365
  16      5     42     60    213
  17      5      4     91    365
  18      5    124     32    365
  19      5     31      1    365
  20      5    141     60    304
  21      5    108    121    244
  22      5     40     91    213
  23      5    417     60    274
  24      5     12     91    244
  25      5    194      1    258
  26      5    117     91    213
  27      5      8     91    244
  28      5     24     32    335
  29      5     45     60    244
  30      5    250     60    244
  31      1     49      1    365
  32      1     35      1    365
  33      1     76     60    213
  34      1     39     60    274
  35      1    165      1    365
  36      1    121      1    365
  37      1     20     60    244
  38      1     86      1    365
  39      1     34     32    244
  40      1     35      1    365
  41      1    116     32    244
  42      1    134     91    365
  43      1     64     60    365
  44      1     99     60    244
  45      1    123     91    244
  46      1     35     91    213
  47      1    150      1    274
  48      1     11     91    305
  49      1    177      1    258
  50      1     88     32    166
  51      1     48     60    166
  52      1     29      1    365
  53      1     45     60    293
  54      1     29     91    213
  55      1     67     60    152
  56      1    169     60    244
  57      1    158     60    304
  58      1    120     91    182
  59      1    130     60    182
  60      5     47      1    365
  61      5    299      1    365
  62      1    202      1    365
  63      5    117      1    365
  64      1      5      1    365
  65      1     40      1    365
  66      1    107      1    365
  67      1      8      1    365
  68      5    161      1    365
  69      5     57      1    365
  70      1     54      1    365
  71      1     53      1    365
  72      5     48      1    365
  73      1   1367      1    365
  74      3     41     60    304
  75      5     36      1    365
  76      1     97      1    365
  77      1    123      1    365
  78      1    211      1    365
  79      3     23     60    304
  80      1    220      1    365
  81      1    176      1    365
  82      3     28     60    304
  83      3      8     60    304
  84      5     20      1    365
  85      3     10     60    304
  86      3     21     60    304
  87      3     29     60    304
  88      3     17     60    304
  89      3     73     60    304
  90      3     53     60    304
  91      3    121     60    304
  92      1     72      1    365
  93      1     15      1    365
  94      3    233     60    304
  95      3    169     60    304
  96      1     67      1    365
  97      1      8      1    365
  98      3    150     60    304
  99      3    140     60    304
 100      3     23     60    304
 101      1    149      1    365
 102      1    123      1    365
 103      1    167      1    365
 104      1     50      1    365
 105      3     14     60    304
 106      3    134     60    304
 107      3     97     60    304
 108      3    105     60    304
 109      3     46     60    304
 110      3      7     60    304
 111      3     72     60    304
 112      1     44     60    244
 113      5     25      1    365
 114      3     89     60    304
 115      3     43     60    304
 116      3     52     60    304
 117      5    559      1    365
 118      3     10     60    304
 119      3     72     60    304
 120      3      2     60    304
 121      3      1     60    304
 122      3    389     60    304
 123      3     59     60    304
 124      3    800     60    304
 125      3    396     60    304
 126      3     40     60    304
 127      3    487     60    304
 128      3    470     60    304
 129      3    425     60    304
 130      3    560     60    304
 131      5     65      1    365
 132      3    172     60    304
 133      3     59     60    304
 134      3     13     60    304
 135      3     84     60    304
 136      3     40     60    304
 137      5     36      1    196
 138      5     20      1    365
 139      3     12     60    304
 140      3    167     60    304
 141      3     94     60    304
 142      3    608     60    304
 143      3    441     60    304
 144      3     99     60    304
 145      3     12     60    304
 146      5    167      1    365
 147      3    665     60    304
 148      3    119     60    304
 149      3     20     60    304
 150      1     19      1    365
 151      1     48      1    365
 152      1     74      1    365
 153      3     37     60    304
 154      3     18     60    304
 155      5     47      1    365
 156      1    261      1    365
 157      1    112      1    365
 158      3    119     60    304
 159      5   2488      1    365
 160      5   9959      1    365
 161      5   3528      1    365
 162      1   1203      1    365
 163      1    651      1    365
 164      5      5      1    365
 165      5     50      1    365
 166      1     88     91    258
 167      5      7     60    274
 168      5     77     32    244
 169      5     20      1    365
 170      5     34      1    365
 171      3    132     60    304
 172      5     72     32    244
 173      5     36      1    365
 174      5   6837      1    365
 175      1     24      1    365
 176      3     54     60    304
 177      3    136     60    304
 178      3     66     60    304
 179      3     32     60    304
 180      3     31     60    304
 181      5     29      1    365
 182      3   1062     60    304
 183      3    770     60    304
 184      3     27     60    304
 185      3     13     60    304
 186      3     26     60    304
 187      3     28     60    304
 188      3     68     60    304
 189      3   2006     60    304
 190      3    312     60    304
 191      3    106     60    304
 192      1    183     91    244
 193      1     27     91    244
 194      1     24      1    365
 195      3    332      1    365
 196      3     70     60    304
 197      3    252     60    304
 198      3    111     60    304
 199      5      3      1    365
 200      3    176     60    304
 201      5      9      1    365
 202      3     50     60    304
 203      5    160      1    365
 204      5     77      1    365
 205      5    250      1    365
 206      5     70      1    365
 207      5     70      1    365
 208      5     53      1    365
 209      3     29     60    304
 210      1     27     32    304
 211      5    125     91    161
 212      3    205     60    304
 213      3   1791     60    304
 214      3     18     60    304
 215      5     21     60    244
 216      1     30      1    365
 217      3    134     60    304
 218      5     20      1    365
 219      5     36      1    365
 220      3     34     60    304
 221      3    718      1    365
 222      5    202     60    244
 223      5     12      1    365
 224      5    182      1    365
 225      3    224     60    304
 226      3    107     60    304
 227      5    181      1    365
 228      5     29      1    365
 229      3     29     60    304
 230      3    389     60    304
 231      3   1077     60    304
 232      3    284     60    304
 233      1    133      1    365
 234      3     21     60    273
 235      3    247     60    304
 236      5    404      1    365
 237      5    161      1    365
 238      3    751     60    304
 239      3    258     60    304
 240      3     60     60    304
 241      5     23      1    365
 242      5     43      1    365
 243      1    165      1    365
 244      1    119      1    365
 245      1    125      1    365
 246      1     74      1    365
 247      5    141     60    213
 248      5     24      1    365
 249      5    113     60    244
 250      5   2224      1    365
 251      3    264     91    288
 252      5    646      1    365
 253      1     61      1    365
 254      3     28    105    273
 999      0      0      1    365
