   1      3     81     60    304
   2      3     95     60    304
   3      3     50     60    304
   4      3     17      1    365
   5      3   1381     60    304
   6      3   1848     60    304
   7      3   1605     60    304
   8      3     11      1    365
   9      3   3228     60    304
  10      3   3218     60    304
  11      3    605     60    304
  12      5    107      1    365
  13      5      3     60    182
  14      5     33     60    213
  15      5    107      1    365
  16      5     10     60    213
  17      5      2     91    365
  18      5    127     32    365
  19      5     32      1    365
  20      5     59     60    304
  21      5     27    121    244
  22      5     36     91    213
  23      5    103     60    274
  24      5      5     91    244
  25      5    199      1    258
  26      5     29     91    213
  27      5      2     91    244
  28      5     25     32    335
  29      5     46     60    244
  30      5     62     60    244
  31      1     50      1    365
  32      1     36      1    365
  33      1     77     60    213
  34      1     39     60    274
  35      1    167      1    365
  36      1    123      1    365
  37      1     21     60    244
  38      1     87      1    365
  39      1     34     32    244
  40      1     36      1    365
  41      1    118     32    244
  42      1    106     91    365
  43      1     51     60    365
  44      1     79     60    244
  45      1     98     91    244
  46      1     28     91    213
  47      1    119      1    274
  48      1      8     91    305
  49      1    140      1    258
  50      1     70     32    166
  51      1     38     60    166
  52      1     23      1    365
  53      1     36     60    293
  54      1     23     91    213
  55      1     53     60    152
  56      1    134     60    244
  57      1     61     60    304
  58      1     95     91    182
  59      1    132     60    182
  60      5     48      1    365
  61      5    124      1    365
  62      1    205      1    365
  63      5     49      1    365
  64      1      4      1    365
  65      1     32      1    365
  66      1     85      1    365
  67      1      9      1    365
  68      5     67      1    365
  69      5     23      1    365
  70      1     55      1    365
  71      1     42      1    365
  72      5     20      1    365
  73      1   2799      1    365
  74      3     39     60    304
  75      5     15      1    365
  76      1     37      1    365
  77      1     47      1    365
  78      1     81      1    365
  79      3     21     60    304
  80      1     84      1    365
  81      1     67      1    365
  82      3     26     60    304
  83      3      8     60    304
  84      5      8      1    365
  85      3     10     60    304
  86      3     19     60    304
  87      3     31     60    304
  88      3     15     60    304
  89      3     68     60    304
  90      3     53     60    304
  91      3    111     60    304
  92      1     73      1    365
  93      1     15      1    365
  94      3    217     60    304
  95      3    169     60    304
  96      1     53      1    365
  97      1      6      1    365
  98      3    162     60    304
  99      3    151     60    304
 100      3     25     60    304
 101      1     57      1    365
 102      1     47      1    365
 103      1     64      1    365
 104      1     51      1    365
 105      3     16     60    304
 106      3    125     60    304
 107      3     97     60    304
 108      3    171     60    304
 109      3     75     60    304
 110      3      7     60    304
 111      3     78     60    304
 112      1     44     60    244
 113      5      6      1    365
 114      3     96     60    304
 115      3     43     60    304
 116      3     56     60    304
 117      5    139      1    365
 118      3      9     60    304
 119      3    117     60    304
 120      3      2     60    304
 121      3      1     60    304
 122      3    630     60    304
 123      3     59     60    304
 124      3    880     60    304
 125      3    427     60    304
 126      3     64     60    304
 127      3    445     60    304
 128      3    517     60    304
 129      3    468     60    304
 130      3    605     60    304
 131      5     27      1    365
 132      3    161     60    304
 133      3     96     60    304
 134      3     11     60    304
 135      3     76     60    304
 136      3     40     60    304
 137      5     37      1    196
 138      5     21      1    365
 139      3     12     60    304
 140      3    184     60    304
 141      3    104     60    304
 142      3    566     60    304
 143      3    441     60    304
 144      3    160     60    304
 145      3     13     60    304
 146      5     41      1    365
 147      3    607     60    304
 148      3    192     60    304
 149      3     32     60    304
 150      1     15      1    365
 151      1     38      1    365
 152      1     75      1    365
 153      3     40     60    304
 154      3     18     60    304
 155      5     48      1    365
 156      1    265      1    365
 157      1     89      1    365
 158      3    192     60    304
 159      5   2556      1    365
 160      5  10229      1    365
 161      5   3623      1    365
 162      1   1221      1    365
 163      1    249      1    365
 164      5      5      1    365
 165      5     12      1    365
 166      1     89     91    258
 167      5      7     60    274
 168      5     79     32    244
 169      5     21      1    365
 170      5     35      1    365
 171      3    142     60    304
 172      5     74     32    244
 173      5     15      1    365
 174      5   7023      1    365
 175      1     19      1    365
 176      3     50     60    304
 177      3    124     60    304
 178      3     71     60    304
 179      3     32     60    304
 180      3     33     60    304
 181      5     30      1    365
 182      3    989     60    304
 183      3    770     60    304
 184      3     25     60    304
 185      3     13     60    304
 186      3     43     60    304
 187      3     26     60    304
 188      3     73     60    304
 189      3   1867     60    304
 190      3    290     60    304
 191      3     99     60    304
 192      1    186     91    244
 193      1     27     91    244
 194      1     24      1    365
 195      3    358      1    365
 196      3     76     60    304
 197      3    235     60    304
 198      3    101     60    304
 199      5      3      1    365
 200      3    160     60    304
 201      5      9      1    365
 202      3     46     60    304
 203      5    164      1    365
 204      5     79      1    365
 205      5    257      1    365
 206      5     72      1    365
 207      5     70      1    365
 208      5     54      1    365
 209      3     27     60    304
 210      1     27     32    304
 211      5     52     91    161
 212      3    187     60    304
 213      3   1635     60    304
 214      3     17     60    304
 215      5     22     60    244
 216      1     31      1    365
 217      3    122     60    304
 218      5      8      1    365
 219      5     15      1    365
 220      3     32     60    304
 221      3    790      1    365
 222      5     84     60    244
 223      5      5      1    365
 224      5     76      1    365
 225      3    204     60    304
 226      3    107     60    304
 227      5    186      1    365
 228      5     30      1    365
 229      3     27     60    304
 230      3    630     60    304
 231      3   1163     60    304
 232      3    312     60    304
 233      1    135      1    365
 234      3     19     60    273
 235      3    267     60    304
 236      5    368      1    365
 237      5     67      1    365
 238      3    826     60    304
 239      3    283     60    304
 240      3     66     60    304
 241      5     24      1    365
 242      5     44      1    365
 243      1    167      1    365
 244      1    121      1    365
 245      1    126      1    365
 246      1     74      1    365
 247      5     59     60    213
 248      5     10      1    365
 249      5     47     60    244
 250      5   2699      1    365
 251      3    427     91    288
 252      5    268      1    365
 253      1     62      1    365
 254      3     26    105    273
 999      0      0      1    365
