   1      3     72     60    304
   2      3     60     60    304
   3      3     50     60    304
   4      3     15      1    365
   5      3   1350     60    304
   6      3   1808     60    304
   7      3   1605     60    304
   8      3      7      1    365
   9      3   3157     60    304
  10      3   3147     60    304
  11      3    408     60    304
  12      5    104      1    365
  13      5      7     60    182
  14      5     32     60    213
  15      5    104      1    365
  16      5     91     60    213
  17      5      4     91    365
  18      5    124     32    365
  19      5     31      1    365
  20      5    125     60    304
  21      5    236    121    244
  22      5     46     91    213
  23      5    909     60    274
  24      5     11     91    244
  25      5    195      1    258
  26      5    255     91    213
  27      5     18     91    244
  28      5     24     32    335
  29      5     45     60    244
  30      5    546     60    244
  31      1     43      1    365
  32      1     31      1    365
  33      1     67     60    213
  34      1     34     60    274
  35      1    146      1    365
  36      1    107      1    365
  37      1     18     60    244
  38      1     76      1    365
  39      1     30     32    244
  40      1     31      1    365
  41      1    103     32    244
  42      1    182     91    365
  43      1     88     60    365
  44      1    135     60    244
  45      1    168     91    244
  46      1     47     91    213
  47      1    204      1    274
  48      1     15     91    305
  49      1    241      1    258
  50      1    120     32    166
  51      1     66     60    166
  52      1     40      1    365
  53      1     62     60    293
  54      1     40     91    213
  55      1     91     60    152
  56      1    230     60    244
  57      1    237     60    304
  58      1    164     91    182
  59      1    115     60    182
  60      5     47      1    365
  61      5    265      1    365
  62      1    178      1    365
  63      5    104      1    365
  64      1      7      1    365
  65      1     55      1    365
  66      1    146      1    365
  67      1      7      1    365
  68      5    143      1    365
  69      5     50      1    365
  70      1     48      1    365
  71      1     73      1    365
  72      5     43      1    365
  73      1   2188      1    365
  74      3     34     60    304
  75      5     32      1    365
  76      1    145      1    365
  77      1    185      1    365
  78      1    316      1    365
  79      3     13     60    304
  80      1    330      1    365
  81      1    264      1    365
  82      3     23     60    304
  83      3      7     60    304
  84      5     18      1    365
  85      3      6     60    304
  86      3     12     60    304
  87      3     21     60    304
  88      3     14     60    304
  89      3     61     60    304
  90      3     53     60    304
  91      3     70     60    304
  92      1     64      1    365
  93      1     13      1    365
  94      3    193     60    304
  95      3    169     60    304
  96      1     91      1    365
  97      1     11      1    365
  98      3    110     60    304
  99      3    102     60    304
 100      3     25     60    304
 101      1    224      1    365
 102      1    185      1    365
 103      1    250      1    365
 104      1     45      1    365
 105      3     11     60    304
 106      3    111     60    304
 107      3     97     60    304
 108      3     40     60    304
 109      3     17     60    304
 110      3      7     60    304
 111      3     53     60    304
 112      1     39     60    244
 113      5     55      1    365
 114      3     65     60    304
 115      3     43     60    304
 116      3     38     60    304
 117      5   1219      1    365
 118      3      8     60    304
 119      3     27     60    304
 120      3      1     60    304
 121      3      1     60    304
 122      3    146     60    304
 123      3     59     60    304
 124      3    860     60    304
 125      3    288     60    304
 126      3     15     60    304
 127      3    281     60    304
 128      3    506     60    304
 129      3    457     60    304
 130      3    408     60    304
 131      5     57      1    365
 132      3    143     60    304
 133      3     22     60    304
 134      3      7     60    304
 135      3     48     60    304
 136      3     40     60    304
 137      5     36      1    196
 138      5     20      1    365
 139      3     10     60    304
 140      3    180     60    304
 141      3    101     60    304
 142      3    504     60    304
 143      3    441     60    304
 144      3     37     60    304
 145      3     12     60    304
 146      5    364      1    365
 147      3    383     60    304
 148      3     45     60    304
 149      3      7     60    304
 150      1     26      1    365
 151      1     66      1    365
 152      1     65      1    365
 153      3     27     60    304
 154      3     18     60    304
 155      5     47      1    365
 156      1    231      1    365
 157      1    153      1    365
 158      3     45     60    304
 159      5   2496      1    365
 160      5   9991      1    365
 161      5   3539      1    365
 162      1   1063      1    365
 163      1    975      1    365
 164      5      5      1    365
 165      5    109      1    365
 166      1     77     91    258
 167      5      7     60    274
 168      5     77     32    244
 169      5     20      1    365
 170      5     34      1    365
 171      3     96     60    304
 172      5     72     32    244
 173      5     32      1    365
 174      5   6859      1    365
 175      1     33      1    365
 176      3     45     60    304
 177      3     78     60    304
 178      3     48     60    304
 179      3     32     60    304
 180      3     23     60    304
 181      5     29      1    365
 182      3    880     60    304
 183      3    770     60    304
 184      3     16     60    304
 185      3     13     60    304
 186      3     10     60    304
 187      3     23     60    304
 188      3     50     60    304
 189      3   1662     60    304
 190      3    258     60    304
 191      3     88     60    304
 192      1    162     91    244
 193      1     24     91    244
 194      1     21      1    365
 195      3    242      1    365
 196      3     51     60    304
 197      3    209     60    304
 198      3     64     60    304
 199      5      3      1    365
 200      3    101     60    304
 201      5      9      1    365
 202      3     29     60    304
 203      5    161      1    365
 204      5     77      1    365
 205      5    251      1    365
 206      5     70      1    365
 207      5     70      1    365
 208      5     53      1    365
 209      3     17     60    304
 210      1     24     32    304
 211      5    111     91    161
 212      3    118     60    304
 213      3   1031     60    304
 214      3     15     60    304
 215      5     21     60    244
 216      1     27      1    365
 217      3     77     60    304
 218      5     18      1    365
 219      5     32      1    365
 220      3     29     60    304
 221      3    773      1    365
 222      5    179     60    244
 223      5     11      1    365
 224      5    161      1    365
 225      3    129     60    304
 226      3    107     60    304
 227      5    182      1    365
 228      5     29      1    365
 229      3     17     60    304
 230      3    146     60    304
 231      3    785     60    304
 232      3    305     60    304
 233      1    118      1    365
 234      3     17     60    273
 235      3    180     60    304
 236      5    472      1    365
 237      5    143      1    365
 238      3    807     60    304
 239      3    277     60    304
 240      3     64     60    304
 241      5     23      1    365
 242      5     43      1    365
 243      1    146      1    365
 244      1    106      1    365
 245      1    110      1    365
 246      1     74      1    365
 247      5    125     60    213
 248      5     21      1    365
 249      5    100     60    244
 250      5   2272      1    365
 251      3     99     91    288
 252      5    572      1    365
 253      1     54      1    365
 254      3     23    105    273
 999      0      0      1    365
