   1      3     85     60    304
   2      3     99     60    304
   3      3     50     60    304
   4      3     18      1    365
   5      3   1286     60    304
   6      3   1721     60    304
   7      3   1605     60    304
   8      3     12      1    365
   9      3   3006     60    304
  10      3   2996     60    304
  11      3    406     60    304
  12      5    109      1    365
  13      5      9     60    182
  14      5     34     60    213
  15      5    109      1    365
  16      5     25     60    213
  17      5      5     91    365
  18      5    130     32    365
  19      5     33      1    365
  20      5    159     60    304
  21      5     64    121    244
  22      5     24     91    213
  23      5    248     60    274
  24      5     14     91    244
  25      5    204      1    258
  26      5     69     91    213
  27      5      5     91    244
  28      5     25     32    335
  29      5     47     60    244
  30      5    149     60    244
  31      1     53      1    365
  32      1     38      1    365
  33      1     82     60    213
  34      1     42     60    274
  35      1    178      1    365
  36      1    131      1    365
  37      1     22     60    244
  38      1     93      1    365
  39      1     36     32    244
  40      1     38      1    365
  41      1    126     32    244
  42      1    180     91    365
  43      1     86     60    365
  44      1    133     60    244
  45      1    165     91    244
  46      1     47     91    213
  47      1    201      1    274
  48      1     14     91    305
  49      1    237      1    258
  50      1    119     32    166
  51      1     65     60    166
  52      1     40      1    365
  53      1     61     60    293
  54      1     40     91    213
  55      1     90     60    152
  56      1    227     60    244
  57      1    125     60    304
  58      1    162     91    182
  59      1    140     60    182
  60      5     49      1    365
  61      5    337      1    365
  62      1    218      1    365
  63      5    132      1    365
  64      1      7      1    365
  65      1     54      1    365
  66      1    144      1    365
  67      1      9      1    365
  68      5    182      1    365
  69      5     64      1    365
  70      1     58      1    365
  71      1     72      1    365
  72      5     55      1    365
  73      1   1936      1    365
  74      3     41     60    304
  75      5     41      1    365
  76      1     77      1    365
  77      1     97      1    365
  78      1    167      1    365
  79      3     22     60    304
  80      1    174      1    365
  81      1    139      1    365
  82      3     27     60    304
  83      3      8     60    304
  84      5     23      1    365
  85      3     10     60    304
  86      3     20     60    304
  87      3     21     60    304
  88      3     16     60    304
  89      3     72     60    304
  90      3     53     60    304
  91      3    115     60    304
  92      1     78      1    365
  93      1     16      1    365
  94      3    229     60    304
  95      3    169     60    304
  96      1     90      1    365
  97      1     11      1    365
  98      3    109     60    304
  99      3    102     60    304
 100      3     24     60    304
 101      1    118      1    365
 102      1     97      1    365
 103      1    132      1    365
 104      1     55      1    365
 105      3     10     60    304
 106      3    132     60    304
 107      3     97     60    304
 108      3    119     60    304
 109      3     52     60    304
 110      3      7     60    304
 111      3     52     60    304
 112      1     47     60    244
 113      5     15      1    365
 114      3     64     60    304
 115      3     43     60    304
 116      3     37     60    304
 117      5    332      1    365
 118      3      9     60    304
 119      3     82     60    304
 120      3      2     60    304
 121      3      1     60    304
 122      3    439     60    304
 123      3     59     60    304
 124      3    819     60    304
 125      3    287     60    304
 126      3     45     60    304
 127      3    462     60    304
 128      3    482     60    304
 129      3    435     60    304
 130      3    406     60    304
 131      5     73      1    365
 132      3    170     60    304
 133      3     67     60    304
 134      3     12     60    304
 135      3     79     60    304
 136      3     40     60    304
 137      5     38      1    196
 138      5     21      1    365
 139      3     12     60    304
 140      3    172     60    304
 141      3     97     60    304
 142      3    598     60    304
 143      3    441     60    304
 144      3    112     60    304
 145      3     12     60    304
 146      5     99      1    365
 147      3    630     60    304
 148      3    134     60    304
 149      3     22     60    304
 150      1     25      1    365
 151      1     65      1    365
 152      1     80      1    365
 153      3     27     60    304
 154      3     18     60    304
 155      5     49      1    365
 156      1    282      1    365
 157      1    151      1    365
 158      3    134     60    304
 159      5   2610      1    365
 160      5  10446      1    365
 161      5   3700      1    365
 162      1   1301      1    365
 163      1    515      1    365
 164      5      5      1    365
 165      5     30      1    365
 166      1     95     91    258
 167      5      7     60    274
 168      5     81     32    244
 169      5     21      1    365
 170      5     36      1    365
 171      3     96     60    304
 172      5     76     32    244
 173      5     41      1    365
 174      5   7172      1    365
 175      1     32      1    365
 176      3     53     60    304
 177      3    129     60    304
 178      3     48     60    304
 179      3     32     60    304
 180      3     22     60    304
 181      5     30      1    365
 182      3   1045     60    304
 183      3    770     60    304
 184      3     26     60    304
 185      3     13     60    304
 186      3     30     60    304
 187      3     27     60    304
 188      3     49     60    304
 189      3   1973     60    304
 190      3    307     60    304
 191      3    104     60    304
 192      1    198     91    244
 193      1     29     91    244
 194      1     25      1    365
 195      3    240      1    365
 196      3     51     60    304
 197      3    248     60    304
 198      3    105     60    304
 199      5      3      1    365
 200      3    166     60    304
 201      5      9      1    365
 202      3     48     60    304
 203      5    168      1    365
 204      5     81      1    365
 205      5    262      1    365
 206      5     73      1    365
 207      5     70      1    365
 208      5     56      1    365
 209      3     28     60    304
 210      1     29     32    304
 211      5    141     91    161
 212      3    194     60    304
 213      3   1697     60    304
 214      3     18     60    304
 215      5     22     60    244
 216      1     33      1    365
 217      3    127     60    304
 218      5     23      1    365
 219      5     41      1    365
 220      3     34     60    304
 221      3    736      1    365
 222      5    228     60    244
 223      5     14      1    365
 224      5    205      1    365
 225      3    212     60    304
 226      3    107     60    304
 227      5    190      1    365
 228      5     30      1    365
 229      3     28     60    304
 230      3    439     60    304
 231      3    781     60    304
 232      3    291     60    304
 233      1    144      1    365
 234      3     20     60    273
 235      3    179     60    304
 236      5    249      1    365
 237      5    182      1    365
 238      3    769     60    304
 239      3    264     60    304
 240      3     61     60    304
 241      5     24      1    365
 242      5     45      1    365
 243      1    178      1    365
 244      1    129      1    365
 245      1    135      1    365
 246      1     74      1    365
 247      5    159     60    213
 248      5     27      1    365
 249      5    127     60    244
 250      5   1367      1    365
 251      3    298     91    288
 252      5    728      1    365
 253      1     66      1    365
 254      3     27    105    273
 999      0      0      1    365
