   1      3     66     60    304
   2      3     68     60    304
   3      3     50     60    304
   4      3     14      1    365
   5      3   1463     60    304
   6      3   1958     60    304
   7      3   1605     60    304
   8      3      8      1    365
   9      3   3420     60    304
  10      3   3409     60    304
  11      3    273     60    304
  12      5    113      1    365
  13      5      6     60    182
  14      5     35     60    213
  15      5    113      1    365
  16      5     26     60    213
  17      5      3     91    365
  18      5    135     32    365
  19      5     34      1    365
  20      5     97     60    304
  21      5     68    121    244
  22      5     83     91    213
  23      5    263     60    274
  24      5      8     91    244
  25      5    212      1    258
  26      5     74     91    213
  27      5      5     91    244
  28      5     26     32    335
  29      5     49     60    244
  30      5    158     60    244
  31      1     40      1    365
  32      1     29      1    365
  33      1     62     60    213
  34      1     32     60    274
  35      1    135      1    365
  36      1     99      1    365
  37      1     17     60    244
  38      1     70      1    365
  39      1     28     32    244
  40      1     29      1    365
  41      1     95     32    244
  42      1    108     91    365
  43      1     52     60    365
  44      1     80     60    244
  45      1     99     91    244
  46      1     28     91    213
  47      1    121      1    274
  48      1      9     91    305
  49      1    143      1    258
  50      1     71     32    166
  51      1     39     60    166
  52      1     24      1    365
  53      1     37     60    293
  54      1     24     91    213
  55      1     54     60    152
  56      1    136     60    244
  57      1    345     60    304
  58      1     97     91    182
  59      1    106     60    182
  60      5     51      1    365
  61      5    204      1    365
  62      1    165      1    365
  63      5     80      1    365
  64      1      4      1    365
  65      1     32      1    365
  66      1     86      1    365
  67      1      7      1    365
  68      5    110      1    365
  69      5     39      1    365
  70      1     44      1    365
  71      1     43      1    365
  72      5     33      1    365
  73      1    470      1    365
  74      3     31     60    304
  75      5     25      1    365
  76      1    211      1    365
  77      1    269      1    365
  78      1    460      1    365
  79      3     15     60    304
  80      1    480      1    365
  81      1    384      1    365
  82      3     21     60    304
  83      3      6     60    304
  84      5     14      1    365
  85      3      7     60    304
  86      3     14     60    304
  87      3     14     60    304
  88      3     13     60    304
  89      3     55     60    304
  90      3     53     60    304
  91      3     79     60    304
  92      1     59      1    365
  93      1     12      1    365
  94      3    177     60    304
  95      3    169     60    304
  96      1     54      1    365
  97      1      6      1    365
  98      3     73     60    304
  99      3     68     60    304
 100      3     27     60    304
 101      1    326      1    365
 102      1    269      1    365
 103      1    365      1    365
 104      1     41      1    365
 105      3      7     60    304
 106      3    102     60    304
 107      3     97     60    304
 108      3    278     60    304
 109      3    122     60    304
 110      3      7     60    304
 111      3     35     60    304
 112      1     36     60    244
 113      5     16      1    365
 114      3     43     60    304
 115      3     43     60    304
 116      3     25     60    304
 117      5    352      1    365
 118      3      7     60    304
 119      3    191     60    304
 120      3      1     60    304
 121      3      1     60    304
 122      3   1025     60    304
 123      3     59     60    304
 124      3    932     60    304
 125      3    193     60    304
 126      3    104     60    304
 127      3    315     60    304
 128      3    548     60    304
 129      3    495     60    304
 130      3    273     60    304
 131      5     44      1    365
 132      3    131     60    304
 133      3    156     60    304
 134      3      8     60    304
 135      3     54     60    304
 136      3     40     60    304
 137      5     39      1    196
 138      5     22      1    365
 139      3      9     60    304
 140      3    195     60    304
 141      3    110     60    304
 142      3    462     60    304
 143      3    441     60    304
 144      3    260     60    304
 145      3     13     60    304
 146      5    105      1    365
 147      3    431     60    304
 148      3    313     60    304
 149      3     52     60    304
 150      1     15      1    365
 151      1     39      1    365
 152      1     61      1    365
 153      3     18     60    304
 154      3     18     60    304
 155      5     51      1    365
 156      1    213      1    365
 157      1     91      1    365
 158      3    313     60    304
 159      5   2715      1    365
 160      5  10865      1    365
 161      5   3849      1    365
 162      1    984      1    365
 163      1   1420      1    365
 164      5      5      1    365
 165      5     32      1    365
 166      1     72     91    258
 167      5      8     60    274
 168      5     84     32    244
 169      5     22      1    365
 170      5     37      1    365
 171      3     64     60    304
 172      5     79     32    244
 173      5     25      1    365
 174      5   7460      1    365
 175      1     19      1    365
 176      3     41     60    304
 177      3     88     60    304
 178      3     32     60    304
 179      3     32     60    304
 180      3     15     60    304
 181      5     32      1    365
 182      3    806     60    304
 183      3    770     60    304
 184      3     18     60    304
 185      3     13     60    304
 186      3     69     60    304
 187      3     21     60    304
 188      3     33     60    304
 189      3   1522     60    304
 190      3    237     60    304
 191      3     81     60    304
 192      1    150     91    244
 193      1     22     91    244
 194      1     19      1    365
 195      3    162      1    365
 196      3     34     60    304
 197      3    192     60    304
 198      3     72     60    304
 199      5      3      1    365
 200      3    114     60    304
 201      5     10      1    365
 202      3     32     60    304
 203      5    175      1    365
 204      5     84      1    365
 205      5    273      1    365
 206      5     76      1    365
 207      5     70      1    365
 208      5     58      1    365
 209      3     19     60    304
 210      1     22     32    304
 211      5     86     91    161
 212      3    133     60    304
 213      3   1159     60    304
 214      3     14     60    304
 215      5     23     60    244
 216      1     25      1    365
 217      3     87     60    304
 218      5     14      1    365
 219      5     25      1    365
 220      3     26     60    304
 221      3    837      1    365
 222      5    138     60    244
 223      5      8      1    365
 224      5    124      1    365
 225      3    145     60    304
 226      3    107     60    304
 227      5    198      1    365
 228      5     32      1    365
 229      3     19     60    304
 230      3   1025     60    304
 231      3    525     60    304
 232      3    331     60    304
 233      1    109      1    365
 234      3     16     60    273
 235      3    120     60    304
 236      5    850      1    365
 237      5    110      1    365
 238      3    875     60    304
 239      3    300     60    304
 240      3     70     60    304
 241      5     25      1    365
 242      5     47      1    365
 243      1    135      1    365
 244      1     98      1    365
 245      1    102      1    365
 246      1     74      1    365
 247      5     97     60    213
 248      5     17      1    365
 249      5     77     60    244
 250      5    470      1    365
 251      3    695     91    288
 252      5    441      1    365
 253      1     50      1    365
 254      3     21    105    273
 999      0      0      1    365
