   1      3     99     60    304
   2      3     88     60    304
   3      3     50     60    304
   4      3     20      1    365
   5      3   1331     60    304
   6      3   1782     60    304
   7      3   1605     60    304
   8      3     11      1    365
   9      3   3112     60    304
  10      3   3102     60    304
  11      3    349     60    304
  12      5    107      1    365
  13      5      9     60    182
  14      5     33     60    213
  15      5    107      1    365
  16      5     46     60    213
  17      5      4     91    365
  18      5    127     32    365
  19      5     32      1    365
  20      5    150     60    304
  21      5    120    121    244
  22      5    224     91    213
  23      5    463     60    274
  24      5     13     91    244
  25      5    199      1    258
  26      5    130     91    213
  27      5      9     91    244
  28      5     25     32    335
  29      5     46     60    244
  30      5    278     60    244
  31      1     44      1    365
  32      1     32      1    365
  33      1     69     60    213
  34      1     35     60    274
  35      1    150      1    365
  36      1    110      1    365
  37      1     18     60    244
  38      1     78      1    365
  39      1     31     32    244
  40      1     32      1    365
  41      1    105     32    244
  42      1    168     91    365
  43      1     81     60    365
  44      1    124     60    244
  45      1    154     91    244
  46      1     44     91    213
  47      1    188      1    274
  48      1     13     91    305
  49      1    222      1    258
  50      1    111     32    166
  51      1     60     60    166
  52      1     37      1    365
  53      1     57     60    293
  54      1     37     91    213
  55      1     84     60    152
  56      1    211     60    244
  57      1    130     60    304
  58      1    151     91    182
  59      1    118     60    182
  60      5     48      1    365
  61      5    318      1    365
  62      1    183      1    365
  63      5    124      1    365
  64      1      7      1    365
  65      1     50      1    365
  66      1    134      1    365
  67      1      8      1    365
  68      5    172      1    365
  69      5     60      1    365
  70      1     49      1    365
  71      1     67      1    365
  72      5     52      1    365
  73      1   1554      1    365
  74      3     47     60    304
  75      5     39      1    365
  76      1     79      1    365
  77      1    101      1    365
  78      1    173      1    365
  79      3     19     60    304
  80      1    180      1    365
  81      1    144      1    365
  82      3     31     60    304
  83      3      9     60    304
  84      5     21      1    365
  85      3      9     60    304
  86      3     18     60    304
  87      3     18     60    304
  88      3     19     60    304
  89      3     83     60    304
  90      3     53     60    304
  91      3    102     60    304
  92      1     66      1    365
  93      1     14      1    365
  94      3    265     60    304
  95      3    169     60    304
  96      1     84      1    365
  97      1     10      1    365
  98      3     94     60    304
  99      3     87     60    304
 100      3     24     60    304
 101      1    122      1    365
 102      1    101      1    365
 103      1    137      1    365
 104      1     46      1    365
 105      3      9     60    304
 106      3    152     60    304
 107      3     97     60    304
 108      3     85     60    304
 109      3     37     60    304
 110      3      7     60    304
 111      3     45     60    304
 112      1     40     60    244
 113      5     28      1    365
 114      3     55     60    304
 115      3     43     60    304
 116      3     32     60    304
 117      5    621      1    365
 118      3     11     60    304
 119      3     58     60    304
 120      3      2     60    304
 121      3      1     60    304
 122      3    314     60    304
 123      3     59     60    304
 124      3    848     60    304
 125      3    246     60    304
 126      3     32     60    304
 127      3    410     60    304
 128      3    498     60    304
 129      3    451     60    304
 130      3    349     60    304
 131      5     69      1    365
 132      3    196     60    304
 133      3     48     60    304
 134      3     11     60    304
 135      3     70     60    304
 136      3     40     60    304
 137      5     37      1    196
 138      5     21      1    365
 139      3     14     60    304
 140      3    178     60    304
 141      3    100     60    304
 142      3    691     60    304
 143      3    441     60    304
 144      3     80     60    304
 145      3     12     60    304
 146      5    185      1    365
 147      3    560     60    304
 148      3     96     60    304
 149      3     16     60    304
 150      1     23      1    365
 151      1     60      1    365
 152      1     67      1    365
 153      3     23     60    304
 154      3     18     60    304
 155      5     48      1    365
 156      1    237      1    365
 157      1    141      1    365
 158      3     96     60    304
 159      5   2553      1    365
 160      5  10216      1    365
 161      5   3619      1    365
 162      1   1091      1    365
 163      1    533      1    365
 164      5      5      1    365
 165      5     56      1    365
 166      1     79     91    258
 167      5      7     60    274
 168      5     79     32    244
 169      5     21      1    365
 170      5     35      1    365
 171      3     82     60    304
 172      5     74     32    244
 173      5     39      1    365
 174      5   7014      1    365
 175      1     30      1    365
 176      3     61     60    304
 177      3    114     60    304
 178      3     41     60    304
 179      3     32     60    304
 180      3     19     60    304
 181      5     30      1    365
 182      3   1206     60    304
 183      3    770     60    304
 184      3     23     60    304
 185      3     13     60    304
 186      3     21     60    304
 187      3     31     60    304
 188      3     42     60    304
 189      3   2278     60    304
 190      3    354     60    304
 191      3    121     60    304
 192      1    166     91    244
 193      1     24     91    244
 194      1     21      1    365
 195      3    206      1    365
 196      3     44     60    304
 197      3    287     60    304
 198      3     93     60    304
 199      5      3      1    365
 200      3    148     60    304
 201      5      9      1    365
 202      3     42     60    304
 203      5    164      1    365
 204      5     79      1    365
 205      5    257      1    365
 206      5     72      1    365
 207      5     70      1    365
 208      5     54      1    365
 209      3     25     60    304
 210      1     24     32    304
 211      5    133     91    161
 212      3    173     60    304
 213      3   1507     60    304
 214      3     20     60    304
 215      5     22     60    244
 216      1     27      1    365
 217      3    113     60    304
 218      5     21      1    365
 219      5     39      1    365
 220      3     39     60    304
 221      3    762      1    365
 222      5    215     60    244
 223      5     13      1    365
 224      5    193      1    365
 225      3    188     60    304
 226      3    107     60    304
 227      5    186      1    365
 228      5     30      1    365
 229      3     25     60    304
 230      3    314     60    304
 231      3    671     60    304
 232      3    301     60    304
 233      1    121      1    365
 234      3     24     60    273
 235      3    154     60    304
 236      5   2295      1    365
 237      5    172      1    365
 238      3    796     60    304
 239      3    273     60    304
 240      3     63     60    304
 241      5     24      1    365
 242      5     44      1    365
 243      1    150      1    365
 244      1    108      1    365
 245      1    113      1    365
 246      1     74      1    365
 247      5    150     60    213
 248      5     26      1    365
 249      5    120     60    244
 250      5    312      1    365
 251      3    213     91    288
 252      5    687      1    365
 253      1     55      1    365
 254      3     31    105    273
 999      0      0      1    365
