   1      3     99     60    304
   2      3     73     60    304
   3      3     50     60    304
   4      3     21      1    365
   5      3   1418     60    304
   6      3   1898     60    304
   7      3   1605     60    304
   8      3      9      1    365
   9      3   3314     60    304
  10      3   3303     60    304
  11      3    425     60    304
  12      5    114      1    365
  13      5      7     60    182
  14      5     35     60    213
  15      5    114      1    365
  16      5     15     60    213
  17      5      3     91    365
  18      5    136     32    365
  19      5     34      1    365
  20      5    117     60    304
  21      5     39    121    244
  22      5    178     91    213
  23      5    149     60    274
  24      5     10     91    244
  25      5    213      1    258
  26      5     42     91    213
  27      5      3     91    244
  28      5     26     32    335
  29      5     49     60    244
  30      5     89     60    244
  31      1     39      1    365
  32      1     28      1    365
  33      1     60     60    213
  34      1     31     60    274
  35      1    130      1    365
  36      1     96      1    365
  37      1     16     60    244
  38      1     68      1    365
  39      1     27     32    244
  40      1     28      1    365
  41      1     92     32    244
  42      1     70     91    365
  43      1     34     60    365
  44      1     52     60    244
  45      1     64     91    244
  46      1     18     91    213
  47      1     78      1    274
  48      1      6     91    305
  49      1     92      1    258
  50      1     46     32    166
  51      1     25     60    166
  52      1     15      1    365
  53      1     24     60    293
  54      1     15     91    213
  55      1     35     60    152
  56      1     88     60    244
  57      1     63     60    304
  58      1     63     91    182
  59      1    102     60    182
  60      5     52      1    365
  61      5    248      1    365
  62      1    160      1    365
  63      5     97      1    365
  64      1      3      1    365
  65      1     21      1    365
  66      1     56      1    365
  67      1      7      1    365
  68      5    134      1    365
  69      5     47      1    365
  70      1     43      1    365
  71      1     28      1    365
  72      5     40      1    365
  73      1   1151      1    365
  74      3     47     60    304
  75      5     30      1    365
  76      1     39      1    365
  77      1     49      1    365
  78      1     84      1    365
  79      3     16     60    304
  80      1     88      1    365
  81      1     70      1    365
  82      3     32     60    304
  83      3      9     60    304
  84      5     17      1    365
  85      3      7     60    304
  86      3     15     60    304
  87      3     22     60    304
  88      3     19     60    304
  89      3     84     60    304
  90      3     53     60    304
  91      3     85     60    304
  92      1     57      1    365
  93      1     12      1    365
  94      3    267     60    304
  95      3    169     60    304
  96      1     35      1    365
  97      1      4      1    365
  98      3    114     60    304
  99      3    106     60    304
 100      3     26     60    304
 101      1     60      1    365
 102      1     49      1    365
 103      1     67      1    365
 104      1     40      1    365
 105      3     11     60    304
 106      3    153     60    304
 107      3     97     60    304
 108      3    157     60    304
 109      3     69     60    304
 110      3      7     60    304
 111      3     55     60    304
 112      1     35     60    244
 113      5      9      1    365
 114      3     67     60    304
 115      3     43     60    304
 116      3     39     60    304
 117      5    199      1    365
 118      3     11     60    304
 119      3    108     60    304
 120      3      1     60    304
 121      3      1     60    304
 122      3    579     60    304
 123      3     59     60    304
 124      3    903     60    304
 125      3    300     60    304
 126      3     59     60    304
 127      3    341     60    304
 128      3    531     60    304
 129      3    480     60    304
 130      3    425     60    304
 131      5     54      1    365
 132      3    197     60    304
 133      3     88     60    304
 134      3      9     60    304
 135      3     59     60    304
 136      3     40     60    304
 137      5     39      1    196
 138      5     22      1    365
 139      3     14     60    304
 140      3    189     60    304
 141      3    106     60    304
 142      3    696     60    304
 143      3    441     60    304
 144      3    147     60    304
 145      3     13     60    304
 146      5     59      1    365
 147      3    466     60    304
 148      3    177     60    304
 149      3     29     60    304
 150      1     10      1    365
 151      1     25      1    365
 152      1     58      1    365
 153      3     28     60    304
 154      3     18     60    304
 155      5     52      1    365
 156      1    206      1    365
 157      1     59      1    365
 158      3    177     60    304
 159      5   2729      1    365
 160      5  10921      1    365
 161      5   3868      1    365
 162      1    951      1    365
 163      1    259      1    365
 164      5      5      1    365
 165      5     18      1    365
 166      1     69     91    258
 167      5      8     60    274
 168      5     84     32    244
 169      5     22      1    365
 170      5     37      1    365
 171      3    100     60    304
 172      5     79     32    244
 173      5     30      1    365
 174      5   7498      1    365
 175      1     13      1    365
 176      3     62     60    304
 177      3     95     60    304
 178      3     50     60    304
 179      3     32     60    304
 180      3     23     60    304
 181      5     32      1    365
 182      3   1215     60    304
 183      3    770     60    304
 184      3     19     60    304
 185      3     13     60    304
 186      3     39     60    304
 187      3     32     60    304
 188      3     52     60    304
 189      3   2295     60    304
 190      3    357     60    304
 191      3    122     60    304
 192      1    145     91    244
 193      1     21     91    244
 194      1     19      1    365
 195      3    252      1    365
 196      3     53     60    304
 197      3    289     60    304
 198      3     78     60    304
 199      5      3      1    365
 200      3    123     60    304
 201      5     10      1    365
 202      3     35     60    304
 203      5    175      1    365
 204      5     84      1    365
 205      5    274      1    365
 206      5     77      1    365
 207      5     70      1    365
 208      5     58      1    365
 209      3     21     60    304
 210      1     21     32    304
 211      5    104     91    161
 212      3    144     60    304
 213      3   1254     60    304
 214      3     21     60    304
 215      5     23     60    244
 216      1     24      1    365
 217      3     94     60    304
 218      5     17      1    365
 219      5     30      1    365
 220      3     39     60    304
 221      3    811      1    365
 222      5    168     60    244
 223      5     10      1    365
 224      5    151      1    365
 225      3    157     60    304
 226      3    107     60    304
 227      5    199      1    365
 228      5     32      1    365
 229      3     21     60    304
 230      3    579     60    304
 231      3    817     60    304
 232      3    320     60    304
 233      1    105      1    365
 234      3     24     60    273
 235      3    187     60    304
 236      5   1818      1    365
 237      5    134      1    365
 238      3    848     60    304
 239      3    291     60    304
 240      3     67     60    304
 241      5     25      1    365
 242      5     47      1    365
 243      1    130      1    365
 244      1     94      1    365
 245      1     98      1    365
 246      1     74      1    365
 247      5    117     60    213
 248      5     20      1    365
 249      5     94     60    244
 250      5   2064      1    365
 251      3    393     91    288
 252      5    536      1    365
 253      1     48      1    365
 254      3     32    105    273
 999      0      0      1    365
