   1      3     92     60    304
   2      3     77     60    304
   3      3     50     60    304
   4      3     19      1    365
   5      3   1267     60    304
   6      3   1695     60    304
   7      3   1605     60    304
   8      3      9      1    365
   9      3   2961     60    304
  10      3   2952     60    304
  11      3    552     60    304
  12      5    111      1    365
  13      5      8     60    182
  14      5     34     60    213
  15      5    111      1    365
  16      5     37     60    213
  17      5      4     91    365
  18      5    133     32    365
  19      5     33      1    365
  20      5    137     60    304
  21      5     96    121    244
  22      5     46     91    213
  23      5    370     60    274
  24      5     12     91    244
  25      5    208      1    258
  26      5    104     91    213
  27      5      7     91    244
  28      5     26     32    335
  29      5     48     60    244
  30      5    222     60    244
  31      1     51      1    365
  32      1     37      1    365
  33      1     79     60    213
  34      1     40     60    274
  35      1    172      1    365
  36      1    127      1    365
  37      1     21     60    244
  38      1     90      1    365
  39      1     35     32    244
  40      1     37      1    365
  41      1    121     32    244
  42      1     56     91    365
  43      1     27     60    365
  44      1     42     60    244
  45      1     52     91    244
  46      1     15     91    213
  47      1     63      1    274
  48      1      4     91    305
  49      1     74      1    258
  50      1     37     32    166
  51      1     20     60    166
  52      1     12      1    365
  53      1     19     60    293
  54      1     12     91    213
  55      1     28     60    152
  56      1     71     60    244
  57      1    152     60    304
  58      1     50     91    182
  59      1    135     60    182
  60      5     50      1    365
  61      5    290      1    365
  62      1    211      1    365
  63      5    114      1    365
  64      1      2      1    365
  65      1     17      1    365
  66      1     45      1    365
  67      1      9      1    365
  68      5    157      1    365
  69      5     55      1    365
  70      1     56      1    365
  71      1     22      1    365
  72      5     47      1    365
  73      1   2172      1    365
  74      3     44     60    304
  75      5     35      1    365
  76      1     93      1    365
  77      1    118      1    365
  78      1    202      1    365
  79      3     17     60    304
  80      1    211      1    365
  81      1    169      1    365
  82      3     29     60    304
  83      3      9     60    304
  84      5     20      1    365
  85      3      8     60    304
  86      3     15     60    304
  87      3     28     60    304
  88      3     18     60    304
  89      3     78     60    304
  90      3     53     60    304
  91      3     90     60    304
  92      1     76      1    365
  93      1     16      1    365
  94      3    248     60    304
  95      3    169     60    304
  96      1     28      1    365
  97      1      3      1    365
  98      3    148     60    304
  99      3    138     60    304
 100      3     23     60    304
 101      1    143      1    365
 102      1    118      1    365
 103      1    160      1    365
 104      1     53      1    365
 105      3     14     60    304
 106      3    142     60    304
 107      3     97     60    304
 108      3    123     60    304
 109      3     54     60    304
 110      3      7     60    304
 111      3     71     60    304
 112      1     46     60    244
 113      5     22      1    365
 114      3     87     60    304
 115      3     43     60    304
 116      3     51     60    304
 117      5    496      1    365
 118      3     10     60    304
 119      3     84     60    304
 120      3      2     60    304
 121      3      1     60    304
 122      3    452     60    304
 123      3     59     60    304
 124      3    807     60    304
 125      3    390     60    304
 126      3     46     60    304
 127      3    360     60    304
 128      3    474     60    304
 129      3    429     60    304
 130      3    552     60    304
 131      5     63      1    365
 132      3    183     60    304
 133      3     69     60    304
 134      3      9     60    304
 135      3     62     60    304
 136      3     40     60    304
 137      5     39      1    196
 138      5     21      1    365
 139      3     13     60    304
 140      3    169     60    304
 141      3     95     60    304
 142      3    647     60    304
 143      3    441     60    304
 144      3    115     60    304
 145      3     12     60    304
 146      5    148      1    365
 147      3    491     60    304
 148      3    138     60    304
 149      3     23     60    304
 150      1      8      1    365
 151      1     20      1    365
 152      1     77      1    365
 153      3     37     60    304
 154      3     18     60    304
 155      5     50      1    365
 156      1    273      1    365
 157      1     47      1    365
 158      3    138     60    304
 159      5   2664      1    365
 160      5  10662      1    365
 161      5   3777      1    365
 162      1   1258      1    365
 163      1    624      1    365
 164      5      5      1    365
 165      5     44      1    365
 166      1     91     91    258
 167      5      7     60    274
 168      5     82     32    244
 169      5     21      1    365
 170      5     36      1    365
 171      3    130     60    304
 172      5     77     32    244
 173      5     35      1    365
 174      5   7320      1    365
 175      1     10      1    365
 176      3     57     60    304
 177      3    100     60    304
 178      3     65     60    304
 179      3     32     60    304
 180      3     30     60    304
 181      5     31      1    365
 182      3   1130     60    304
 183      3    770     60    304
 184      3     20     60    304
 185      3     13     60    304
 186      3     31     60    304
 187      3     29     60    304
 188      3     67     60    304
 189      3   2134     60    304
 190      3    332     60    304
 191      3    113     60    304
 192      1    192     91    244
 193      1     28     91    244
 194      1     25      1    365
 195      3    327      1    365
 196      3     69     60    304
 197      3    269     60    304
 198      3     82     60    304
 199      5      3      1    365
 200      3    130     60    304
 201      5     10      1    365
 202      3     37     60    304
 203      5    171      1    365
 204      5     82      1    365
 205      5    268      1    365
 206      5     75      1    365
 207      5     70      1    365
 208      5     57      1    365
 209      3     22     60    304
 210      1     28     32    304
 211      5    121     91    161
 212      3    151     60    304
 213      3   1321     60    304
 214      3     19     60    304
 215      5     22     60    244
 216      1     32      1    365
 217      3     99     60    304
 218      5     20      1    365
 219      5     35      1    365
 220      3     37     60    304
 221      3    725      1    365
 222      5    196     60    244
 223      5     12      1    365
 224      5    176      1    365
 225      3    165     60    304
 226      3    107     60    304
 227      5    194      1    365
 228      5     31      1    365
 229      3     22     60    304
 230      3    452     60    304
 231      3   1061     60    304
 232      3    286     60    304
 233      1    139      1    365
 234      3     22     60    273
 235      3    243     60    304
 236      5    474      1    365
 237      5    157      1    365
 238      3    757     60    304
 239      3    260     60    304
 240      3     60     60    304
 241      5     25      1    365
 242      5     46      1    365
 243      1    172      1    365
 244      1    125      1    365
 245      1    130      1    365
 246      1     74      1    365
 247      5    137     60    213
 248      5     24      1    365
 249      5    110     60    244
 250      5   1347      1    365
 251      3    307     91    288
 252      5    627      1    365
 253      1     63      1    365
 254      3     29    105    273
 999      0      0      1    365
