   1      3     87     60    304
   2      3    106     60    304
   3      3     50     60    304
   4      3     18      1    365
   5      3   1489     60    304
   6      3   1993     60    304
   7      3   1605     60    304
   8      3     13      1    365
   9      3   3481     60    304
  10      3   3470     60    304
  11      3    541     60    304
  12      5    112      1    365
  13      5      3     60    182
  14      5     35     60    213
  15      5    112      1    365
  16      5      6     60    213
  17      5      1     91    365
  18      5    134     32    365
  19      5     33      1    365
  20      5     48     60    304
  21      5     16    121    244
  22      5     66     91    213
  23      5     61     60    274
  24      5      4     91    244
  25      5    209      1    258
  26      5     17     91    213
  27      5      1     91    244
  28      5     26     32    335
  29      5     49     60    244
  30      5     37     60    244
  31      1     33      1    365
  32      1     24      1    365
  33      1     51     60    213
  34      1     26     60    274
  35      1    110      1    365
  36      1     81      1    365
  37      1     14     60    244
  38      1     57      1    365
  39      1     23     32    244
  40      1     24      1    365
  41      1     78     32    244
  42      1    150     91    365
  43      1     72     60    365
  44      1    111     60    244
  45      1    138     91    244
  46      1     39     91    213
  47      1    168      1    274
  48      1     12     91    305
  49      1    197      1    258
  50      1     99     32    166
  51      1     54     60    166
  52      1     33      1    365
  53      1     51     60    293
  54      1     33     91    213
  55      1     75     60    152
  56      1    188     60    244
  57      1    102     60    304
  58      1    135     91    182
  59      1     87     60    182
  60      5     51      1    365
  61      5    101      1    365
  62      1    135      1    365
  63      5     40      1    365
  64      1      6      1    365
  65      1     45      1    365
  66      1    120      1    365
  67      1      6      1    365
  68      5     55      1    365
  69      5     19      1    365
  70      1     36      1    365
  71      1     60      1    365
  72      5     16      1    365
  73      1   2578      1    365
  74      3     42     60    304
  75      5     12      1    365
  76      1     62      1    365
  77      1     79      1    365
  78      1    136      1    365
  79      3     23     60    304
  80      1    142      1    365
  81      1    113      1    365
  82      3     28     60    304
  83      3      8     60    304
  84      5      7      1    365
  85      3     11     60    304
  86      3     21     60    304
  87      3     28     60    304
  88      3     17     60    304
  89      3     73     60    304
  90      3     53     60    304
  91      3    123     60    304
  92      1     48      1    365
  93      1     10      1    365
  94      3    234     60    304
  95      3    169     60    304
  96      1     75      1    365
  97      1      9      1    365
  98      3    145     60    304
  99      3    135     60    304
 100      3     27     60    304
 101      1     96      1    365
 102      1     79      1    365
 103      1    108      1    365
 104      1     34      1    365
 105      3     14     60    304
 106      3    134     60    304
 107      3     97     60    304
 108      3     94     60    304
 109      3     41     60    304
 110      3      7     60    304
 111      3     70     60    304
 112      1     29     60    244
 113      5      4      1    365
 114      3     85     60    304
 115      3     43     60    304
 116      3     50     60    304
 117      5     82      1    365
 118      3     10     60    304
 119      3     65     60    304
 120      3      2     60    304
 121      3      1     60    304
 122      3    348     60    304
 123      3     59     60    304
 124      3    949     60    304
 125      3    382     60    304
 126      3     35     60    304
 127      3    495     60    304
 128      3    558     60    304
 129      3    504     60    304
 130      3    541     60    304
 131      5     22      1    365
 132      3    173     60    304
 133      3     53     60    304
 134      3     13     60    304
 135      3     85     60    304
 136      3     40     60    304
 137      5     39      1    196
 138      5     22      1    365
 139      3     12     60    304
 140      3    199     60    304
 141      3    112     60    304
 142      3    611     60    304
 143      3    441     60    304
 144      3     89     60    304
 145      3     14     60    304
 146      5     24      1    365
 147      3    676     60    304
 148      3    106     60    304
 149      3     18     60    304
 150      1     21      1    365
 151      1     54      1    365
 152      1     50      1    365
 153      3     36     60    304
 154      3     18     60    304
 155      5     51      1    365
 156      1    175      1    365
 157      1    126      1    365
 158      3    106     60    304
 159      5   2682      1    365
 160      5  10735      1    365
 161      5   3803      1    365
 162      1    805      1    365
 163      1    420      1    365
 164      5      5      1    365
 165      5      7      1    365
 166      1     59     91    258
 167      5      8     60    274
 168      5     83     32    244
 169      5     22      1    365
 170      5     37      1    365
 171      3    127     60    304
 172      5     78     32    244
 173      5     12      1    365
 174      5   7370      1    365
 175      1     27      1    365
 176      3     54     60    304
 177      3    138     60    304
 178      3     64     60    304
 179      3     32     60    304
 180      3     30     60    304
 181      5     31      1    365
 182      3   1067     60    304
 183      3    770     60    304
 184      3     28     60    304
 185      3     13     60    304
 186      3     24     60    304
 187      3     28     60    304
 188      3     66     60    304
 189      3   2015     60    304
 190      3    313     60    304
 191      3    107     60    304
 192      1    123     91    244
 193      1     18     91    244
 194      1     16      1    365
 195      3    320      1    365
 196      3     68     60    304
 197      3    254     60    304
 198      3    113     60    304
 199      5      3      1    365
 200      3    178     60    304
 201      5     10      1    365
 202      3     51     60    304
 203      5    173      1    365
 204      5     83      1    365
 205      5    270      1    365
 206      5     75      1    365
 207      5     70      1    365
 208      5     57      1    365
 209      3     30     60    304
 210      1     18     32    304
 211      5     43     91    161
 212      3    208     60    304
 213      3   1819     60    304
 214      3     18     60    304
 215      5     23     60    244
 216      1     20      1    365
 217      3    136     60    304
 218      5      7      1    365
 219      5     12      1    365
 220      3     35     60    304
 221      3    852      1    365
 222      5     69     60    244
 223      5      4      1    365
 224      5     62      1    365
 225      3    227     60    304
 226      3    107     60    304
 227      5    195      1    365
 228      5     31      1    365
 229      3     30     60    304
 230      3    348     60    304
 231      3   1039     60    304
 232      3    337     60    304
 233      1     89      1    365
 234      3     21     60    273
 235      3    238     60    304
 236      5    670      1    365
 237      5     55      1    365
 238      3    890     60    304
 239      3    305     60    304
 240      3     71     60    304
 241      5     25      1    365
 242      5     46      1    365
 243      1    110      1    365
 244      1     80      1    365
 245      1     83      1    365
 246      1     74      1    365
 247      5     48     60    213
 248      5      8      1    365
 249      5     38     60    244
 250      5   1673      1    365
 251      3    236     91    288
 252      5    219      1    365
 253      1     41      1    365
 254      3     28    105    273
 999      0      0      1    365
