   1      3     73     60    304
   2      3     97     60    304
   3      3     50     60    304
   4      3     15      1    365
   5      3   1442     60    304
   6      3   1930     60    304
   7      3   1605     60    304
   8      3     12      1    365
   9      3   3371     60    304
  10      3   3360     60    304
  11      3    398     60    304
  12      5    105      1    365
  13      5      8     60    182
  14      5     32     60    213
  15      5    105      1    365
  16      5     48     60    213
  17      5      4     91    365
  18      5    126     32    365
  19      5     31      1    365
  20      5    147     60    304
  21      5    125    121    244
  22      5    161     91    213
  23      5    480     60    274
  24      5     13     91    244
  25      5    196      1    258
  26      5    134     91    213
  27      5     10     91    244
  28      5     24     32    335
  29      5     46     60    244
  30      5    288     60    244
  31      1     39      1    365
  32      1     28      1    365
  33      1     60     60    213
  34      1     31     60    274
  35      1    131      1    365
  36      1     96      1    365
  37      1     16     60    244
  38      1     68      1    365
  39      1     27     32    244
  40      1     28      1    365
  41      1     92     32    244
  42      1    204     91    365
  43      1     98     60    365
  44      1    151     60    244
  45      1    188     91    244
  46      1     53     91    213
  47      1    229      1    274
  48      1     16     91    305
  49      1    270      1    258
  50      1    135     32    166
  51      1     74     60    166
  52      1     45      1    365
  53      1     69     60    293
  54      1     45     91    213
  55      1    102     60    152
  56      1    257     60    244
  57      1     81     60    304
  58      1    184     91    182
  59      1    103     60    182
  60      5     48      1    365
  61      5    311      1    365
  62      1    160      1    365
  63      5    122      1    365
  64      1      8      1    365
  65      1     61      1    365
  66      1    163      1    365
  67      1      7      1    365
  68      5    168      1    365
  69      5     59      1    365
  70      1     43      1    365
  71      1     82      1    365
  72      5     50      1    365
  73      1   1344      1    365
  74      3     35     60    304
  75      5     38      1    365
  76      1     49      1    365
  77      1     63      1    365
  78      1    108      1    365
  79      3     21     60    304
  80      1    112      1    365
  81      1     90      1    365
  82      3     23     60    304
  83      3      7     60    304
  84      5     21      1    365
  85      3     10     60    304
  86      3     19     60    304
  87      3     20     60    304
  88      3     14     60    304
  89      3     62     60    304
  90      3     53     60    304
  91      3    112     60    304
  92      1     57      1    365
  93      1     12      1    365
  94      3    197     60    304
  95      3    169     60    304
  96      1    102      1    365
  97      1     12      1    365
  98      3    107     60    304
  99      3     99     60    304
 100      3     26     60    304
 101      1     76      1    365
 102      1     63      1    365
 103      1     85      1    365
 104      1     40      1    365
 105      3     10     60    304
 106      3    113     60    304
 107      3     97     60    304
 108      3    172     60    304
 109      3     75     60    304
 110      3      7     60    304
 111      3     51     60    304
 112      1     35     60    244
 113      5     29      1    365
 114      3     63     60    304
 115      3     43     60    304
 116      3     37     60    304
 117      5    643      1    365
 118      3      8     60    304
 119      3    118     60    304
 120      3      2     60    304
 121      3      1     60    304
 122      3    634     60    304
 123      3     59     60    304
 124      3    919     60    304
 125      3    281     60    304
 126      3     64     60    304
 127      3    450     60    304
 128      3    540     60    304
 129      3    488     60    304
 130      3    398     60    304
 131      5     67      1    365
 132      3    145     60    304
 133      3     97     60    304
 134      3     12     60    304
 135      3     77     60    304
 136      3     40     60    304
 137      5     36      1    196
 138      5     20      1    365
 139      3     10     60    304
 140      3    192     60    304
 141      3    108     60    304
 142      3    513     60    304
 143      3    441     60    304
 144      3    161     60    304
 145      3     13     60    304
 146      5    192      1    365
 147      3    615     60    304
 148      3    193     60    304
 149      3     32     60    304
 150      1     29      1    365
 151      1     74      1    365
 152      1     59      1    365
 153      3     26     60    304
 154      3     18     60    304
 155      5     48      1    365
 156      1    207      1    365
 157      1    172      1    365
 158      3    193     60    304
 159      5   2520      1    365
 160      5  10083      1    365
 161      5   3572      1    365
 162      1    955      1    365
 163      1    332      1    365
 164      5      5      1    365
 165      5     58      1    365
 166      1     69     91    258
 167      5      7     60    274
 168      5     78     32    244
 169      5     20      1    365
 170      5     34      1    365
 171      3     94     60    304
 172      5     73     32    244
 173      5     38      1    365
 174      5   6923      1    365
 175      1     37      1    365
 176      3     45     60    304
 177      3    126     60    304
 178      3     47     60    304
 179      3     32     60    304
 180      3     22     60    304
 181      5     29      1    365
 182      3    896     60    304
 183      3    770     60    304
 184      3     25     60    304
 185      3     13     60    304
 186      3     43     60    304
 187      3     23     60    304
 188      3     48     60    304
 189      3   1692     60    304
 190      3    263     60    304
 191      3     90     60    304
 192      1    146     91    244
 193      1     21     91    244
 194      1     19      1    365
 195      3    236      1    365
 196      3     50     60    304
 197      3    213     60    304
 198      3    102     60    304
 199      5      3      1    365
 200      3    162     60    304
 201      5      9      1    365
 202      3     46     60    304
 203      5    162      1    365
 204      5     78      1    365
 205      5    253      1    365
 206      5     71      1    365
 207      5     70      1    365
 208      5     54      1    365
 209      3     27     60    304
 210      1     21     32    304
 211      5    130     91    161
 212      3    189     60    304
 213      3   1655     60    304
 214      3     15     60    304
 215      5     21     60    244
 216      1     24      1    365
 217      3    124     60    304
 218      5     21      1    365
 219      5     38      1    365
 220      3     29     60    304
 221      3    825      1    365
 222      5    210     60    244
 223      5     13      1    365
 224      5    189      1    365
 225      3    207     60    304
 226      3    107     60    304
 227      5    183      1    365
 228      5     29      1    365
 229      3     27     60    304
 230      3    634     60    304
 231      3    765     60    304
 232      3    326     60    304
 233      1    106      1    365
 234      3     17     60    273
 235      3    176     60    304
 236      5   1646      1    365
 237      5    168      1    365
 238      3    862     60    304
 239      3    296     60    304
 240      3     69     60    304
 241      5     23      1    365
 242      5     44      1    365
 243      1    131      1    365
 244      1     95      1    365
 245      1     99      1    365
 246      1     74      1    365
 247      5    147     60    213
 248      5     25      1    365
 249      5    118     60    244
 250      5    393      1    365
 251      3    430     91    288
 252      5    672      1    365
 253      1     48      1    365
 254      3     23    105    273
 999      0      0      1    365
