   1      3    107     60    304
   2      3     94     60    304
   3      3     50     60    304
   4      3     22      1    365
   5      3   1227     60    304
   6      3   1642     60    304
   7      3   1605     60    304
   8      3     11      1    365
   9      3   2867     60    304
  10      3   2858     60    304
  11      3    375     60    304
  12      5    107      1    365
  13      5      5     60    182
  14      5     33     60    213
  15      5    107      1    365
  16      5     19     60    213
  17      5      2     91    365
  18      5    127     32    365
  19      5     32      1    365
  20      5     83     60    304
  21      5     48    121    244
  22      5    199     91    213
  23      5    185     60    274
  24      5      7     91    244
  25      5    199      1    258
  26      5     52     91    213
  27      5      4     91    244
  28      5     25     32    335
  29      5     46     60    244
  30      5    111     60    244
  31      1     60      1    365
  32      1     43      1    365
  33      1     93     60    213
  34      1     48     60    274
  35      1    203      1    365
  36      1    149      1    365
  37      1     25     60    244
  38      1    106      1    365
  39      1     41     32    244
  40      1     43      1    365
  41      1    143     32    244
  42      1    251     91    365
  43      1    121     60    365
  44      1    186     60    244
  45      1    231     91    244
  46      1     65     91    213
  47      1    282      1    274
  48      1     20     91    305
  49      1    332      1    258
  50      1    166     32    166
  51      1     90     60    166
  52      1     55      1    365
  53      1     85     60    293
  54      1     55     91    213
  55      1    126     60    152
  56      1    317     60    244
  57      1     27     60    304
  58      1    226     91    182
  59      1    159     60    182
  60      5     48      1    365
  61      5    176      1    365
  62      1    248      1    365
  63      5     69      1    365
  64      1     10      1    365
  65      1     75      1    365
  66      1    201      1    365
  67      1     10      1    365
  68      5     95      1    365
  69      5     33      1    365
  70      1     66      1    365
  71      1    101      1    365
  72      5     29      1    365
  73      1   2713      1    365
  74      3     51     60    304
  75      5     21      1    365
  76      1     17      1    365
  77      1     21      1    365
  78      1     36      1    365
  79      3     21     60    304
  80      1     38      1    365
  81      1     30      1    365
  82      3     34     60    304
  83      3     10     60    304
  84      5     12      1    365
  85      3      9     60    304
  86      3     19     60    304
  87      3     19     60    304
  88      3     20     60    304
  89      3     90     60    304
  90      3     53     60    304
  91      3    109     60    304
  92      1     89      1    365
  93      1     19      1    365
  94      3    286     60    304
  95      3    169     60    304
  96      1    126      1    365
  97      1     15      1    365
  98      3    101     60    304
  99      3     94     60    304
 100      3     23     60    304
 101      1     26      1    365
 102      1     21      1    365
 103      1     29      1    365
 104      1     62      1    365
 105      3     10     60    304
 106      3    164     60    304
 107      3     97     60    304
 108      3    119     60    304
 109      3     52     60    304
 110      3      7     60    304
 111      3     48     60    304
 112      1     54     60    244
 113      5     11      1    365
 114      3     59     60    304
 115      3     43     60    304
 116      3     34     60    304
 117      5    248      1    365
 118      3     12     60    304
 119      3     82     60    304
 120      3      2     60    304
 121      3      1     60    304
 122      3    440     60    304
 123      3     59     60    304
 124      3    782     60    304
 125      3    265     60    304
 126      3     45     60    304
 127      3    439     60    304
 128      3    459     60    304
 129      3    415     60    304
 130      3    375     60    304
 131      5     38      1    365
 132      3    212     60    304
 133      3     67     60    304
 134      3     11     60    304
 135      3     75     60    304
 136      3     40     60    304
 137      5     37      1    196
 138      5     21      1    365
 139      3     15     60    304
 140      3    164     60    304
 141      3     92     60    304
 142      3    748     60    304
 143      3    441     60    304
 144      3    112     60    304
 145      3     11     60    304
 146      5     74      1    365
 147      3    599     60    304
 148      3    134     60    304
 149      3     22     60    304
 150      1     35      1    365
 151      1     90      1    365
 152      1     91      1    365
 153      3     25     60    304
 154      3     18     60    304
 155      5     48      1    365
 156      1    321      1    365
 157      1    211      1    365
 158      3    134     60    304
 159      5   2553      1    365
 160      5  10217      1    365
 161      5   3619      1    365
 162      1   1480      1    365
 163      1    112      1    365
 164      5      5      1    365
 165      5     22      1    365
 166      1    108     91    258
 167      5      7     60    274
 168      5     79     32    244
 169      5     21      1    365
 170      5     35      1    365
 171      3     88     60    304
 172      5     74     32    244
 173      5     21      1    365
 174      5   7015      1    365
 175      1     45      1    365
 176      3     66     60    304
 177      3    122     60    304
 178      3     44     60    304
 179      3     32     60    304
 180      3     21     60    304
 181      5     30      1    365
 182      3   1305     60    304
 183      3    770     60    304
 184      3     24     60    304
 185      3     13     60    304
 186      3     30     60    304
 187      3     34     60    304
 188      3     45     60    304
 189      3   2465     60    304
 190      3    383     60    304
 191      3    131     60    304
 192      1    226     91    244
 193      1     33     91    244
 194      1     29      1    365
 195      3    222      1    365
 196      3     47     60    304
 197      3    310     60    304
 198      3    100     60    304
 199      5      3      1    365
 200      3    158     60    304
 201      5      9      1    365
 202      3     45     60    304
 203      5    164      1    365
 204      5     79      1    365
 205      5    257      1    365
 206      5     72      1    365
 207      5     70      1    365
 208      5     54      1    365
 209      3     26     60    304
 210      1     33     32    304
 211      5     74     91    161
 212      3    185     60    304
 213      3   1612     60    304
 214      3     22     60    304
 215      5     22     60    244
 216      1     37      1    365
 217      3    121     60    304
 218      5     12      1    365
 219      5     21      1    365
 220      3     42     60    304
 221      3    702      1    365
 222      5    119     60    244
 223      5      7      1    365
 224      5    107      1    365
 225      3    201     60    304
 226      3    107     60    304
 227      5    186      1    365
 228      5     30      1    365
 229      3     26     60    304
 230      3    440     60    304
 231      3    721     60    304
 232      3    277     60    304
 233      1    164      1    365
 234      3     25     60    273
 235      3    165     60    304
 236      5   2033      1    365
 237      5     95      1    365
 238      3    733     60    304
 239      3    252     60    304
 240      3     58     60    304
 241      5     24      1    365
 242      5     44      1    365
 243      1    203      1    365
 244      1    147      1    365
 245      1    153      1    365
 246      1     74      1    365
 247      5     83     60    213
 248      5     14      1    365
 249      5     67     60    244
 250      5    339      1    365
 251      3    298     91    288
 252      5    381      1    365
 253      1     75      1    365
 254      3     34    105    273
 999      0      0      1    365
