   1      3     64     60    304
   2      3    102     60    304
   3      3     50     60    304
   4      3     13      1    365
   5      3   1203     60    304
   6      3   1610     60    304
   7      3   1605     60    304
   8      3     12      1    365
   9      3   2812     60    304
  10      3   2803     60    304
  11      3    564     60    304
  12      5    106      1    365
  13      5      5     60    182
  14      5     33     60    213
  15      5    106      1    365
  16      5     59     60    213
  17      5      2     91    365
  18      5    126     32    365
  19      5     31      1    365
  20      5     85     60    304
  21      5    153    121    244
  22      5    219     91    213
  23      5    589     60    274
  24      5      7     91    244
  25      5    197      1    258
  26      5    165     91    213
  27      5     12     91    244
  28      5     24     32    335
  29      5     46     60    244
  30      5    354     60    244
  31      1     46      1    365
  32      1     33      1    365
  33      1     71     60    213
  34      1     36     60    274
  35      1    155      1    365
  36      1    114      1    365
  37      1     19     60    244
  38      1     81      1    365
  39      1     32     32    244
  40      1     33      1    365
  41      1    109     32    244
  42      1     63     91    365
  43      1     30     60    365
  44      1     47     60    244
  45      1     58     91    244
  46      1     16     91    213
  47      1     71      1    274
  48      1      5     91    305
  49      1     83      1    258
  50      1     42     32    166
  51      1     23     60    166
  52      1     14      1    365
  53      1     21     60    293
  54      1     14     91    213
  55      1     32     60    152
  56      1     80     60    244
  57      1    171     60    304
  58      1     57     91    182
  59      1    122     60    182
  60      5     48      1    365
  61      5    180      1    365
  62      1    190      1    365
  63      5     70      1    365
  64      1      3      1    365
  65      1     19      1    365
  66      1     50      1    365
  67      1      8      1    365
  68      5     97      1    365
  69      5     34      1    365
  70      1     51      1    365
  71      1     25      1    365
  72      5     29      1    365
  73      1   2096      1    365
  74      3     30     60    304
  75      5     22      1    365
  76      1    105      1    365
  77      1    133      1    365
  78      1    228      1    365
  79      3     23     60    304
  80      1    238      1    365
  81      1    190      1    365
  82      3     20     60    304
  83      3      6     60    304
  84      5     12      1    365
  85      3     10     60    304
  86      3     20     60    304
  87      3     29     60    304
  88      3     12     60    304
  89      3     54     60    304
  90      3     53     60    304
  91      3    119     60    304
  92      1     68      1    365
  93      1     14      1    365
  94      3    171     60    304
  95      3    169     60    304
  96      1     32      1    365
  97      1      4      1    365
  98      3    151     60    304
  99      3    141     60    304
 100      3     22     60    304
 101      1    162      1    365
 102      1    133      1    365
 103      1    181      1    365
 104      1     47      1    365
 105      3     15     60    304
 106      3     98     60    304
 107      3     97     60    304
 108      3    210     60    304
 109      3     92     60    304
 110      3      7     60    304
 111      3     73     60    304
 112      1     41     60    244
 113      5     35      1    365
 114      3     89     60    304
 115      3     43     60    304
 116      3     52     60    304
 117      5    789      1    365
 118      3      7     60    304
 119      3    145     60    304
 120      3      2     60    304
 121      3      1     60    304
 122      3    776     60    304
 123      3     59     60    304
 124      3    766     60    304
 125      3    398     60    304
 126      3     79     60    304
 127      3    477     60    304
 128      3    450     60    304
 129      3    407     60    304
 130      3    564     60    304
 131      5     39      1    365
 132      3    127     60    304
 133      3    118     60    304
 134      3     12     60    304
 135      3     82     60    304
 136      3     40     60    304
 137      5     37      1    196
 138      5     20      1    365
 139      3      9     60    304
 140      3    161     60    304
 141      3     90     60    304
 142      3    447     60    304
 143      3    441     60    304
 144      3    197     60    304
 145      3     11     60    304
 146      5    236      1    365
 147      3    651     60    304
 148      3    237     60    304
 149      3     39     60    304
 150      1      9      1    365
 151      1     23      1    365
 152      1     69      1    365
 153      3     37     60    304
 154      3     18     60    304
 155      5     48      1    365
 156      1    245      1    365
 157      1     53      1    365
 158      3    237     60    304
 159      5   2528      1    365
 160      5  10117      1    365
 161      5   3584      1    365
 162      1   1129      1    365
 163      1    704      1    365
 164      5      5      1    365
 165      5     71      1    365
 166      1     82     91    258
 167      5      7     60    274
 168      5     78     32    244
 169      5     20      1    365
 170      5     35      1    365
 171      3    133     60    304
 172      5     73     32    244
 173      5     22      1    365
 174      5   6946      1    365
 175      1     11      1    365
 176      3     40     60    304
 177      3    133     60    304
 178      3     66     60    304
 179      3     32     60    304
 180      3     31     60    304
 181      5     29      1    365
 182      3    780     60    304
 183      3    770     60    304
 184      3     27     60    304
 185      3     13     60    304
 186      3     53     60    304
 187      3     20     60    304
 188      3     68     60    304
 189      3   1473     60    304
 190      3    229     60    304
 191      3     78     60    304
 192      1    172     91    244
 193      1     25     91    244
 194      1     22      1    365
 195      3    334      1    365
 196      3     71     60    304
 197      3    185     60    304
 198      3    108     60    304
 199      5      3      1    365
 200      3    172     60    304
 201      5      9      1    365
 202      3     49     60    304
 203      5    163      1    365
 204      5     78      1    365
 205      5    254      1    365
 206      5     71      1    365
 207      5     70      1    365
 208      5     54      1    365
 209      3     29     60    304
 210      1     25     32    304
 211      5     75     91    161
 212      3    201     60    304
 213      3   1752     60    304
 214      3     13     60    304
 215      5     21     60    244
 216      1     28      1    365
 217      3    131     60    304
 218      5     12      1    365
 219      5     22      1    365
 220      3     25     60    304
 221      3    688      1    365
 222      5    122     60    244
 223      5      7      1    365
 224      5    109      1    365
 225      3    219     60    304
 226      3    107     60    304
 227      5    184      1    365
 228      5     29      1    365
 229      3     29     60    304
 230      3    776     60    304
 231      3   1085     60    304
 232      3    272     60    304
 233      1    125      1    365
 234      3     15     60    273
 235      3    249     60    304
 236      5   2242      1    365
 237      5     97      1    365
 238      3    719     60    304
 239      3    247     60    304
 240      3     57     60    304
 241      5     23      1    365
 242      5     44      1    365
 243      1    155      1    365
 244      1    112      1    365
 245      1    117      1    365
 246      1     74      1    365
 247      5     85     60    213
 248      5     15      1    365
 249      5     68     60    244
 250      5    771      1    365
 251      3    526     91    288
 252      5    389      1    365
 253      1     57      1    365
 254      3     20    105    273
 999      0      0      1    365
