   1      3     67     60    304
   2      3     88     60    304
   3      3     50     60    304
   4      3     14      1    365
   5      3   1288     60    304
   6      3   1724     60    304
   7      3   1605     60    304
   8      3     11      1    365
   9      3   3010     60    304
  10      3   3001     60    304
  11      3    483     60    304
  12      5    108      1    365
  13      5      5     60    182
  14      5     33     60    213
  15      5    108      1    365
  16      5     32     60    213
  17      5      3     91    365
  18      5    129     32    365
  19      5     32      1    365
  20      5     92     60    304
  21      5     84    121    244
  22      5    165     91    213
  23      5    322     60    274
  24      5      8     91    244
  25      5    202      1    258
  26      5     90     91    213
  27      5      6     91    244
  28      5     25     32    335
  29      5     47     60    244
  30      5    193     60    244
  31      1     58      1    365
  32      1     42      1    365
  33      1     90     60    213
  34      1     46     60    274
  35      1    197      1    365
  36      1    144      1    365
  37      1     24     60    244
  38      1    102      1    365
  39      1     40     32    244
  40      1     42      1    365
  41      1    138     32    244
  42      1    102     91    365
  43      1     49     60    365
  44      1     76     60    244
  45      1     94     91    244
  46      1     27     91    213
  47      1    114      1    274
  48      1      8     91    305
  49      1    135      1    258
  50      1     67     32    166
  51      1     37     60    166
  52      1     22      1    365
  53      1     35     60    293
  54      1     22     91    213
  55      1     51     60    152
  56      1    129     60    244
  57      1    200     60    304
  58      1     92     91    182
  59      1    154     60    182
  60      5     49      1    365
  61      5    195      1    365
  62      1    241      1    365
  63      5     76      1    365
  64      1      4      1    365
  65      1     31      1    365
  66      1     82      1    365
  67      1     10      1    365
  68      5    105      1    365
  69      5     37      1    365
  70      1     64      1    365
  71      1     41      1    365
  72      5     32      1    365
  73      1   1840      1    365
  74      3     32     60    304
  75      5     24      1    365
  76      1    122      1    365
  77      1    156      1    365
  78      1    267      1    365
  79      3     19     60    304
  80      1    278      1    365
  81      1    222      1    365
  82      3     21     60    304
  83      3      6     60    304
  84      5     13      1    365
  85      3      9     60    304
  86      3     18     60    304
  87      3     25     60    304
  88      3     13     60    304
  89      3     56     60    304
  90      3     53     60    304
  91      3    102     60    304
  92      1     86      1    365
  93      1     18      1    365
  94      3    180     60    304
  95      3    169     60    304
  96      1     51      1    365
  97      1      6      1    365
  98      3    130     60    304
  99      3    121     60    304
 100      3     24     60    304
 101      1    189      1    365
 102      1    156      1    365
 103      1    211      1    365
 104      1     60      1    365
 105      3     12     60    304
 106      3    103     60    304
 107      3     97     60    304
 108      3    129     60    304
 109      3     57     60    304
 110      3      7     60    304
 111      3     62     60    304
 112      1     52     60    244
 113      5     19      1    365
 114      3     76     60    304
 115      3     43     60    304
 116      3     44     60    304
 117      5    431      1    365
 118      3      7     60    304
 119      3     89     60    304
 120      3      2     60    304
 121      3      1     60    304
 122      3    477     60    304
 123      3     59     60    304
 124      3    821     60    304
 125      3    341     60    304
 126      3     49     60    304
 127      3    410     60    304
 128      3    482     60    304
 129      3    436     60    304
 130      3    483     60    304
 131      5     42      1    365
 132      3    133     60    304
 133      3     73     60    304
 134      3     11     60    304
 135      3     70     60    304
 136      3     40     60    304
 137      5     37      1    196
 138      5     21      1    365
 139      3     10     60    304
 140      3    172     60    304
 141      3     97     60    304
 142      3    469     60    304
 143      3    441     60    304
 144      3    121     60    304
 145      3     12     60    304
 146      5    129      1    365
 147      3    559     60    304
 148      3    146     60    304
 149      3     24     60    304
 150      1     14      1    365
 151      1     37      1    365
 152      1     88      1    365
 153      3     32     60    304
 154      3     18     60    304
 155      5     49      1    365
 156      1    311      1    365
 157      1     86      1    365
 158      3    146     60    304
 159      5   2588      1    365
 160      5  10357      1    365
 161      5   3669      1    365
 162      1   1434      1    365
 163      1    823      1    365
 164      5      5      1    365
 165      5     39      1    365
 166      1    104     91    258
 167      5      7     60    274
 168      5     80     32    244
 169      5     21      1    365
 170      5     35      1    365
 171      3    114     60    304
 172      5     75     32    244
 173      5     24      1    365
 174      5   7111      1    365
 175      1     18      1    365
 176      3     41     60    304
 177      3    114     60    304
 178      3     57     60    304
 179      3     32     60    304
 180      3     27     60    304
 181      5     30      1    365
 182      3    818     60    304
 183      3    770     60    304
 184      3     23     60    304
 185      3     13     60    304
 186      3     32     60    304
 187      3     21     60    304
 188      3     59     60    304
 189      3   1545     60    304
 190      3    240     60    304
 191      3     82     60    304
 192      1    219     91    244
 193      1     32     91    244
 194      1     28      1    365
 195      3    286      1    365
 196      3     60     60    304
 197      3    194     60    304
 198      3     93     60    304
 199      5      3      1    365
 200      3    148     60    304
 201      5      9      1    365
 202      3     42     60    304
 203      5    166      1    365
 204      5     80      1    365
 205      5    260      1    365
 206      5     73      1    365
 207      5     70      1    365
 208      5     55      1    365
 209      3     25     60    304
 210      1     32     32    304
 211      5     82     91    161
 212      3    172     60    304
 213      3   1505     60    304
 214      3     14     60    304
 215      5     22     60    244
 216      1     36      1    365
 217      3    113     60    304
 218      5     13      1    365
 219      5     24      1    365
 220      3     27     60    304
 221      3    737      1    365
 222      5    132     60    244
 223      5      8      1    365
 224      5    118      1    365
 225      3    188     60    304
 226      3    107     60    304
 227      5    188      1    365
 228      5     30      1    365
 229      3     25     60    304
 230      3    477     60    304
 231      3    928     60    304
 232      3    291     60    304
 233      1    158      1    365
 234      3     16     60    273
 235      3    213     60    304
 236      5   1686      1    365
 237      5    105      1    365
 238      3    770     60    304
 239      3    264     60    304
 240      3     61     60    304
 241      5     24      1    365
 242      5     45      1    365
 243      1    197      1    365
 244      1    142      1    365
 245      1    148      1    365
 246      1     74      1    365
 247      5     92     60    213
 248      5     16      1    365
 249      5     74     60    244
 250      5   1612      1    365
 251      3    324     91    288
 252      5    421      1    365
 253      1     72      1    365
 254      3     21    105    273
 999      0      0      1    365
