   1      3     96     60    304
   2      3     81     60    304
   3      3     50     60    304
   4      3     20      1    365
   5      3   1331     60    304
   6      3   1782     60    304
   7      3   1605     60    304
   8      3     10      1    365
   9      3   3112     60    304
  10      3   3102     60    304
  11      3    521     60    304
  12      5    109      1    365
  13      5      7     60    182
  14      5     33     60    213
  15      5    109      1    365
  16      5     62     60    213
  17      5      4     91    365
  18      5    130     32    365
  19      5     32      1    365
  20      5    123     60    304
  21      5    161    121    244
  22      5     69     91    213
  23      5    620     60    274
  24      5     11     91    244
  25      5    203      1    258
  26      5    174     91    213
  27      5     12     91    244
  28      5     25     32    335
  29      5     47     60    244
  30      5    372     60    244
  31      1     32      1    365
  32      1     23      1    365
  33      1     50     60    213
  34      1     26     60    274
  35      1    109      1    365
  36      1     80      1    365
  37      1     13     60    244
  38      1     57      1    365
  39      1     22     32    244
  40      1     23      1    365
  41      1     77     32    244
  42      1    163     91    365
  43      1     78     60    365
  44      1    121     60    244
  45      1    150     91    244
  46      1     42     91    213
  47      1    183      1    274
  48      1     13     91    305
  49      1    216      1    258
  50      1    108     32    166
  51      1     59     60    166
  52      1     36      1    365
  53      1     56     60    293
  54      1     36     91    213
  55      1     82     60    152
  56      1    206     60    244
  57      1     60     60    304
  58      1    147     91    182
  59      1     85     60    182
  60      5     49      1    365
  61      5    260      1    365
  62      1    133      1    365
  63      5    102      1    365
  64      1      7      1    365
  65      1     49      1    365
  66      1    131      1    365
  67      1      6      1    365
  68      5    141      1    365
  69      5     49      1    365
  70      1     36      1    365
  71      1     65      1    365
  72      5     42      1    365
  73      1   2037      1    365
  74      3     45     60    304
  75      5     32      1    365
  76      1     37      1    365
  77      1     47      1    365
  78      1     80      1    365
  79      3     18     60    304
  80      1     83      1    365
  81      1     67      1    365
  82      3     30     60    304
  83      3      9     60    304
  84      5     18      1    365
  85      3      8     60    304
  86      3     16     60    304
  87      3     27     60    304
  88      3     18     60    304
  89      3     80     60    304
  90      3     53     60    304
  91      3     94     60    304
  92      1     48      1    365
  93      1     10      1    365
  94      3    256     60    304
  95      3    169     60    304
  96      1     82      1    365
  97      1     10      1    365
  98      3    140     60    304
  99      3    130     60    304
 100      3     24     60    304
 101      1     57      1    365
 102      1     47      1    365
 103      1     63      1    365
 104      1     33      1    365
 105      3     13     60    304
 106      3    147     60    304
 107      3     97     60    304
 108      3     89     60    304
 109      3     39     60    304
 110      3      7     60    304
 111      3     67     60    304
 112      1     29     60    244
 113      5     37      1    365
 114      3     82     60    304
 115      3     43     60    304
 116      3     48     60    304
 117      5    831      1    365
 118      3     11     60    304
 119      3     61     60    304
 120      3      2     60    304
 121      3      1     60    304
 122      3    327     60    304
 123      3     59     60    304
 124      3    848     60    304
 125      3    368     60    304
 126      3     33     60    304
 127      3    379     60    304
 128      3    499     60    304
 129      3    451     60    304
 130      3    521     60    304
 131      5     56      1    365
 132      3    189     60    304
 133      3     50     60    304
 134      3     10     60    304
 135      3     65     60    304
 136      3     40     60    304
 137      5     38      1    196
 138      5     21      1    365
 139      3     14     60    304
 140      3    178     60    304
 141      3    100     60    304
 142      3    669     60    304
 143      3    441     60    304
 144      3     83     60    304
 145      3     12     60    304
 146      5    248      1    365
 147      3    517     60    304
 148      3    100     60    304
 149      3     17     60    304
 150      1     23      1    365
 151      1     59      1    365
 152      1     49      1    365
 153      3     35     60    304
 154      3     18     60    304
 155      5     49      1    365
 156      1    172      1    365
 157      1    137      1    365
 158      3    100     60    304
 159      5   2602      1    365
 160      5  10412      1    365
 161      5   3688      1    365
 162      1    794      1    365
 163      1    247      1    365
 164      5      5      1    365
 165      5     74      1    365
 166      1     58     91    258
 167      5      7     60    274
 168      5     81     32    244
 169      5     21      1    365
 170      5     36      1    365
 171      3    123     60    304
 172      5     75     32    244
 173      5     32      1    365
 174      5   7148      1    365
 175      1     29      1    365
 176      3     59     60    304
 177      3    106     60    304
 178      3     61     60    304
 179      3     32     60    304
 180      3     29     60    304
 181      5     30      1    365
 182      3   1167     60    304
 183      3    770     60    304
 184      3     21     60    304
 185      3     13     60    304
 186      3     22     60    304
 187      3     30     60    304
 188      3     63     60    304
 189      3   2204     60    304
 190      3    343     60    304
 191      3    117     60    304
 192      1    121     91    244
 193      1     18     91    244
 194      1     16      1    365
 195      3    309      1    365
 196      3     65     60    304
 197      3    277     60    304
 198      3     86     60    304
 199      5      3      1    365
 200      3    137     60    304
 201      5      9      1    365
 202      3     39     60    304
 203      5    167      1    365
 204      5     81      1    365
 205      5    261      1    365
 206      5     73      1    365
 207      5     70      1    365
 208      5     55      1    365
 209      3     23     60    304
 210      1     18     32    304
 211      5    109     91    161
 212      3    159     60    304
 213      3   1392     60    304
 214      3     20     60    304
 215      5     22     60    244
 216      1     20      1    365
 217      3    104     60    304
 218      5     18      1    365
 219      5     32      1    365
 220      3     38     60    304
 221      3    762      1    365
 222      5    176     60    244
 223      5     11      1    365
 224      5    158      1    365
 225      3    174     60    304
 226      3    107     60    304
 227      5    189      1    365
 228      5     30      1    365
 229      3     23     60    304
 230      3    327     60    304
 231      3   1002     60    304
 232      3    301     60    304
 233      1     88      1    365
 234      3     23     60    273
 235      3    230     60    304
 236      5    705      1    365
 237      5    141      1    365
 238      3    796     60    304
 239      3    273     60    304
 240      3     63     60    304
 241      5     24      1    365
 242      5     45      1    365
 243      1    109      1    365
 244      1     79      1    365
 245      1     82      1    365
 246      1     74      1    365
 247      5    123     60    213
 248      5     21      1    365
 249      5     99     60    244
 250      5   2030      1    365
 251      3    222     91    288
 252      5    563      1    365
 253      1     40      1    365
 254      3     30    105    273
 999      0      0      1    365
