   1      3     68     60    304
   2      3     99     60    304
   3      3     50     60    304
   4      3     14      1    365
   5      3   1392     60    304
   6      3   1863     60    304
   7      3   1605     60    304
   8      3     12      1    365
   9      3   3254     60    304
  10      3   3243     60    304
  11      3    346     60    304
  12      5    106      1    365
  13      5      8     60    182
  14      5     33     60    213
  15      5    106      1    365
  16      5     31     60    213
  17      5      4     91    365
  18      5    127     32    365
  19      5     32      1    365
  20      5    132     60    304
  21      5     80    121    244
  22      5    173     91    213
  23      5    308     60    274
  24      5     11     91    244
  25      5    199      1    258
  26      5     86     91    213
  27      5      6     91    244
  28      5     25     32    335
  29      5     46     60    244
  30      5    185     60    244
  31      1     50      1    365
  32      1     36      1    365
  33      1     78     60    213
  34      1     40     60    274
  35      1    170      1    365
  36      1    125      1    365
  37      1     21     60    244
  38      1     88      1    365
  39      1     35     32    244
  40      1     36      1    365
  41      1    120     32    244
  42      1    168     91    365
  43      1     81     60    365
  44      1    124     60    244
  45      1    155     91    244
  46      1     44     91    213
  47      1    188      1    274
  48      1     13     91    305
  49      1    222      1    258
  50      1    111     32    166
  51      1     60     60    166
  52      1     37      1    365
  53      1     57     60    293
  54      1     37     91    213
  55      1     84     60    152
  56      1    212     60    244
  57      1    157     60    304
  58      1    151     91    182
  59      1    133     60    182
  60      5     48      1    365
  61      5    279      1    365
  62      1    208      1    365
  63      5    109      1    365
  64      1      7      1    365
  65      1     50      1    365
  66      1    134      1    365
  67      1      9      1    365
  68      5    151      1    365
  69      5     53      1    365
  70      1     55      1    365
  71      1     67      1    365
  72      5     45      1    365
  73      1   1035      1    365
  74      3     32     60    304
  75      5     34      1    365
  76      1     96      1    365
  77      1    122      1    365
  78      1    209      1    365
  79      3     22     60    304
  80      1    218      1    365
  81      1    174      1    365
  82      3     22     60    304
  83      3      6     60    304
  84      5     19      1    365
  85      3     10     60    304
  86      3     20     60    304
  87      3     18     60    304
  88      3     13     60    304
  89      3     57     60    304
  90      3     53     60    304
  91      3    114     60    304
  92      1     75      1    365
  93      1     16      1    365
  94      3    183     60    304
  95      3    169     60    304
  96      1     84      1    365
  97      1     10      1    365
  98      3     93     60    304
  99      3     87     60    304
 100      3     26     60    304
 101      1    148      1    365
 102      1    122      1    365
 103      1    166      1    365
 104      1     52      1    365
 105      3      9     60    304
 106      3    105     60    304
 107      3     97     60    304
 108      3    110     60    304
 109      3     48     60    304
 110      3      7     60    304
 111      3     45     60    304
 112      1     45     60    244
 113      5     18      1    365
 114      3     55     60    304
 115      3     43     60    304
 116      3     32     60    304
 117      5    413      1    365
 118      3      8     60    304
 119      3     75     60    304
 120      3      2     60    304
 121      3      1     60    304
 122      3    405     60    304
 123      3     59     60    304
 124      3    887     60    304
 125      3    244     60    304
 126      3     41     60    304
 127      3    459     60    304
 128      3    521     60    304
 129      3    471     60    304
 130      3    346     60    304
 131      5     60      1    365
 132      3    135     60    304
 133      3     62     60    304
 134      3     12     60    304
 135      3     79     60    304
 136      3     40     60    304
 137      5     37      1    196
 138      5     20      1    365
 139      3     10     60    304
 140      3    186     60    304
 141      3    104     60    304
 142      3    477     60    304
 143      3    441     60    304
 144      3    103     60    304
 145      3     13     60    304
 146      5    123      1    365
 147      3    627     60    304
 148      3    123     60    304
 149      3     21     60    304
 150      1     24      1    365
 151      1     60      1    365
 152      1     76      1    365
 153      3     23     60    304
 154      3     18     60    304
 155      5     48      1    365
 156      1    269      1    365
 157      1    141      1    365
 158      3    123     60    304
 159      5   2547      1    365
 160      5  10194      1    365
 161      5   3611      1    365
 162      1   1239      1    365
 163      1    645      1    365
 164      5      5      1    365
 165      5     37      1    365
 166      1     90     91    258
 167      5      7     60    274
 168      5     79     32    244
 169      5     20      1    365
 170      5     35      1    365
 171      3     81     60    304
 172      5     74     32    244
 173      5     34      1    365
 174      5   6999      1    365
 175      1     30      1    365
 176      3     42     60    304
 177      3    128     60    304
 178      3     41     60    304
 179      3     32     60    304
 180      3     19     60    304
 181      5     30      1    365
 182      3    833     60    304
 183      3    770     60    304
 184      3     26     60    304
 185      3     13     60    304
 186      3     27     60    304
 187      3     22     60    304
 188      3     42     60    304
 189      3   1573     60    304
 190      3    245     60    304
 191      3     83     60    304
 192      1    189     91    244
 193      1     28     91    244
 194      1     24      1    365
 195      3    205      1    365
 196      3     43     60    304
 197      3    198     60    304
 198      3    104     60    304
 199      5      3      1    365
 200      3    166     60    304
 201      5      9      1    365
 202      3     47     60    304
 203      5    164      1    365
 204      5     79      1    365
 205      5    256      1    365
 206      5     72      1    365
 207      5     70      1    365
 208      5     54      1    365
 209      3     28     60    304
 210      1     28     32    304
 211      5    117     91    161
 212      3    193     60    304
 213      3   1687     60    304
 214      3     14     60    304
 215      5     22     60    244
 216      1     31      1    365
 217      3    126     60    304
 218      5     19      1    365
 219      5     34      1    365
 220      3     27     60    304
 221      3    796      1    365
 222      5    188     60    244
 223      5     11      1    365
 224      5    170      1    365
 225      3    211     60    304
 226      3    107     60    304
 227      5    185      1    365
 228      5     30      1    365
 229      3     28     60    304
 230      3    405     60    304
 231      3    665     60    304
 232      3    315     60    304
 233      1    137      1    365
 234      3     16     60    273
 235      3    153     60    304
 236      5   1765      1    365
 237      5    151      1    365
 238      3    832     60    304
 239      3    286     60    304
 240      3     66     60    304
 241      5     24      1    365
 242      5     44      1    365
 243      1    170      1    365
 244      1    123      1    365
 245      1    128      1    365
 246      1     74      1    365
 247      5    132     60    213
 248      5     23      1    365
 249      5    106     60    244
 250      5   2051      1    365
 251      3    274     91    288
 252      5    603      1    365
 253      1     62      1    365
 254      3     22    105    273
 999      0      0      1    365
