   1      3    102     60    304
   2      3     50     60    304
   3      3     50     60    304
   4      3     21      1    365
   5      3   1250     60    304
   6      3   1673     60    304
   7      3   1605     60    304
   8      3      6      1    365
   9      3   2923     60    304
  10      3   2913     60    304
  11      3    318     60    304
  12      5    109      1    365
  13      5     13     60    182
  14      5     34     60    213
  15      5    109      1    365
  16      5     31     60    213
  17      5      6     91    365
  18      5    130     32    365
  19      5     33      1    365
  20      5    220     60    304
  21      5     81    121    244
  22      5    160     91    213
  23      5    312     60    274
  24      5     19     91    244
  25      5    204      1    258
  26      5     87     91    213
  27      5      6     91    244
  28      5     25     32    335
  29      5     47     60    244
  30      5    187     60    244
  31      1     50      1    365
  32      1     36      1    365
  33      1     78     60    213
  34      1     40     60    274
  35      1    169      1    365
  36      1    124      1    365
  37      1     21     60    244
  38      1     88      1    365
  39      1     34     32    244
  40      1     36      1    365
  41      1    119     32    244
  42      1    220     91    365
  43      1    105     60    365
  44      1    163     60    244
  45      1    202     91    244
  46      1     57     91    213
  47      1    246      1    274
  48      1     18     91    305
  49      1    290      1    258
  50      1    145     32    166
  51      1     79     60    166
  52      1     48      1    365
  53      1     75     60    293
  54      1     48     91    213
  55      1    110     60    152
  56      1    277     60    244
  57      1     54     60    304
  58      1    198     91    182
  59      1    133     60    182
  60      5     49      1    365
  61      5    465      1    365
  62      1    207      1    365
  63      5    182      1    365
  64      1      9      1    365
  65      1     66      1    365
  66      1    176      1    365
  67      1      9      1    365
  68      5    252      1    365
  69      5     88      1    365
  70      1     55      1    365
  71      1     88      1    365
  72      5     75      1    365
  73      1   2165      1    365
  74      3     48     60    304
  75      5     57      1    365
  76      1     33      1    365
  77      1     42      1    365
  78      1     72      1    365
  79      3     11     60    304
  80      1     75      1    365
  81      1     60      1    365
  82      3     32     60    304
  83      3     10     60    304
  84      5     31      1    365
  85      3      5     60    304
  86      3     10     60    304
  87      3     16     60    304
  88      3     19     60    304
  89      3     86     60    304
  90      3     53     60    304
  91      3     58     60    304
  92      1     74      1    365
  93      1     16      1    365
  94      3    273     60    304
  95      3    169     60    304
  96      1    110      1    365
  97      1     13      1    365
  98      3     85     60    304
  99      3     80     60    304
 100      3     23     60    304
 101      1     51      1    365
 102      1     42      1    365
 103      1     57      1    365
 104      1     52      1    365
 105      3      8     60    304
 106      3    157     60    304
 107      3     97     60    304
 108      3     75     60    304
 109      3     33     60    304
 110      3      7     60    304
 111      3     41     60    304
 112      1     45     60    244
 113      5     19      1    365
 114      3     50     60    304
 115      3     43     60    304
 116      3     29     60    304
 117      5    418      1    365
 118      3     11     60    304
 119      3     52     60    304
 120      3      1     60    304
 121      3      1     60    304
 122      3    277     60    304
 123      3     59     60    304
 124      3    797     60    304
 125      3    225     60    304
 126      3     28     60    304
 127      3    234     60    304
 128      3    468     60    304
 129      3    423     60    304
 130      3    318     60    304
 131      5    101      1    365
 132      3    202     60    304
 133      3     42     60    304
 134      3      6     60    304
 135      3     40     60    304
 136      3     40     60    304
 137      5     38      1    196
 138      5     21      1    365
 139      3     15     60    304
 140      3    167     60    304
 141      3     94     60    304
 142      3    712     60    304
 143      3    441     60    304
 144      3     70     60    304
 145      3     11     60    304
 146      5    125      1    365
 147      3    320     60    304
 148      3     84     60    304
 149      3     14     60    304
 150      1     31      1    365
 151      1     79      1    365
 152      1     76      1    365
 153      3     21     60    304
 154      3     18     60    304
 155      5     49      1    365
 156      1    267      1    365
 157      1    184      1    365
 158      3     84     60    304
 159      5   2612      1    365
 160      5  10452      1    365
 161      5   3702      1    365
 162      1   1232      1    365
 163      1    223      1    365
 164      5      5      1    365
 165      5     37      1    365
 166      1     90     91    258
 167      5      7     60    274
 168      5     81     32    244
 169      5     21      1    365
 170      5     36      1    365
 171      3     75     60    304
 172      5     76     32    244
 173      5     57      1    365
 174      5   7176      1    365
 175      1     40      1    365
 176      3     63     60    304
 177      3     65     60    304
 178      3     37     60    304
 179      3     32     60    304
 180      3     18     60    304
 181      5     30      1    365
 182      3   1244     60    304
 183      3    770     60    304
 184      3     13     60    304
 185      3     13     60    304
 186      3     19     60    304
 187      3     32     60    304
 188      3     39     60    304
 189      3   2348     60    304
 190      3    365     60    304
 191      3    124     60    304
 192      1    188     91    244
 193      1     28     91    244
 194      1     24      1    365
 195      3    188      1    365
 196      3     40     60    304
 197      3    296     60    304
 198      3     53     60    304
 199      5      3      1    365
 200      3     84     60    304
 201      5      9      1    365
 202      3     24     60    304
 203      5    168      1    365
 204      5     81      1    365
 205      5    262      1    365
 206      5     73      1    365
 207      5     70      1    365
 208      5     56      1    365
 209      3     14     60    304
 210      1     28     32    304
 211      5    195     91    161
 212      3     98     60    304
 213      3    860     60    304
 214      3     21     60    304
 215      5     22     60    244
 216      1     31      1    365
 217      3     64     60    304
 218      5     31      1    365
 219      5     57      1    365
 220      3     40     60    304
 221      3    715      1    365
 222      5    314     60    244
 223      5     19      1    365
 224      5    283      1    365
 225      3    108     60    304
 226      3    107     60    304
 227      5    190      1    365
 228      5     30      1    365
 229      3     14     60    304
 230      3    277     60    304
 231      3    612     60    304
 232      3    283     60    304
 233      1    136      1    365
 234      3     24     60    273
 235      3    140     60    304
 236      5   1638      1    365
 237      5    252      1    365
 238      3    748     60    304
 239      3    256     60    304
 240      3     59     60    304
 241      5     24      1    365
 242      5     45      1    365
 243      1    169      1    365
 244      1    122      1    365
 245      1    127      1    365
 246      1     74      1    365
 247      5    220     60    213
 248      5     38      1    365
 249      5    176     60    244
 250      5   1599      1    365
 251      3    188     91    288
 252      5   1006      1    365
 253      1     62      1    365
 254      3     32    105    273
 999      0      0      1    365
