   1      3     94     60    304
   2      3     82     60    304
   3      3     50     60    304
   4      3     19      1    365
   5      3   1370     60    304
   6      3   1834     60    304
   7      3   1605     60    304
   8      3     10      1    365
   9      3   3203     60    304
  10      3   3193     60    304
  11      3    427     60    304
  12      5    110      1    365
  13      5      6     60    182
  14      5     34     60    213
  15      5    110      1    365
  16      5     32     60    213
  17      5      3     91    365
  18      5    131     32    365
  19      5     33      1    365
  20      5    110     60    304
  21      5     84    121    244
  22      5    150     91    213
  23      5    324     60    274
  24      5      9     91    244
  25      5    205      1    258
  26      5     91     91    213
  27      5      6     91    244
  28      5     25     32    335
  29      5     48     60    244
  30      5    194     60    244
  31      1     61      1    365
  32      1     44      1    365
  33      1     94     60    213
  34      1     48     60    274
  35      1    205      1    365
  36      1    151      1    365
  37      1     25     60    244
  38      1    107      1    365
  39      1     42     32    244
  40      1     44      1    365
  41      1    144     32    244
  42      1    188     91    365
  43      1     90     60    365
  44      1    139     60    244
  45      1    173     91    244
  46      1     49     91    213
  47      1    210      1    274
  48      1     15     91    305
  49      1    248      1    258
  50      1    124     32    166
  51      1     68     60    166
  52      1     41      1    365
  53      1     64     60    293
  54      1     41     91    213
  55      1     94     60    152
  56      1    236     60    244
  57      1     44     60    304
  58      1    169     91    182
  59      1    161     60    182
  60      5     50      1    365
  61      5    232      1    365
  62      1    251      1    365
  63      5     91      1    365
  64      1      8      1    365
  65      1     56      1    365
  66      1    150      1    365
  67      1     10      1    365
  68      5    125      1    365
  69      5     44      1    365
  70      1     67      1    365
  71      1     75      1    365
  72      5     38      1    365
  73      1   2317      1    365
  74      3     45     60    304
  75      5     28      1    365
  76      1     27      1    365
  77      1     34      1    365
  78      1     59      1    365
  79      3     18     60    304
  80      1     62      1    365
  81      1     49      1    365
  82      3     30     60    304
  83      3      9     60    304
  84      5     16      1    365
  85      3      8     60    304
  86      3     16     60    304
  87      3     22     60    304
  88      3     18     60    304
  89      3     79     60    304
  90      3     53     60    304
  91      3     95     60    304
  92      1     90      1    365
  93      1     19      1    365
  94      3    252     60    304
  95      3    169     60    304
  96      1     94      1    365
  97      1     11      1    365
  98      3    115     60    304
  99      3    107     60    304
 100      3     25     60    304
 101      1     42      1    365
 102      1     34      1    365
 103      1     47      1    365
 104      1     63      1    365
 105      3     11     60    304
 106      3    144     60    304
 107      3     97     60    304
 108      3     79     60    304
 109      3     34     60    304
 110      3      7     60    304
 111      3     55     60    304
 112      1     54     60    244
 113      5     19      1    365
 114      3     67     60    304
 115      3     43     60    304
 116      3     39     60    304
 117      5    434      1    365
 118      3     10     60    304
 119      3     54     60    304
 120      3      2     60    304
 121      3      1     60    304
 122      3    290     60    304
 123      3     59     60    304
 124      3    873     60    304
 125      3    301     60    304
 126      3     29     60    304
 127      3    383     60    304
 128      3    513     60    304
 129      3    464     60    304
 130      3    427     60    304
 131      5     50      1    365
 132      3    186     60    304
 133      3     44     60    304
 134      3     10     60    304
 135      3     66     60    304
 136      3     40     60    304
 137      5     38      1    196
 138      5     21      1    365
 139      3     13     60    304
 140      3    183     60    304
 141      3    103     60    304
 142      3    657     60    304
 143      3    441     60    304
 144      3     74     60    304
 145      3     13     60    304
 146      5    130      1    365
 147      3    523     60    304
 148      3     88     60    304
 149      3     15     60    304
 150      1     26      1    365
 151      1     68      1    365
 152      1     92      1    365
 153      3     28     60    304
 154      3     18     60    304
 155      5     50      1    365
 156      1    324      1    365
 157      1    158      1    365
 158      3     88     60    304
 159      5   2631      1    365
 160      5  10528      1    365
 161      5   3729      1    365
 162      1   1496      1    365
 163      1    182      1    365
 164      5      5      1    365
 165      5     39      1    365
 166      1    109     91    258
 167      5      7     60    274
 168      5     81     32    244
 169      5     21      1    365
 170      5     36      1    365
 171      3    100     60    304
 172      5     76     32    244
 173      5     28      1    365
 174      5   7228      1    365
 175      1     34      1    365
 176      3     58     60    304
 177      3    107     60    304
 178      3     50     60    304
 179      3     32     60    304
 180      3     24     60    304
 181      5     31      1    365
 182      3   1147     60    304
 183      3    770     60    304
 184      3     21     60    304
 185      3     13     60    304
 186      3     20     60    304
 187      3     30     60    304
 188      3     52     60    304
 189      3   2166     60    304
 190      3    337     60    304
 191      3    115     60    304
 192      1    228     91    244
 193      1     33     91    244
 194      1     29      1    365
 195      3    253      1    365
 196      3     53     60    304
 197      3    273     60    304
 198      3     87     60    304
 199      5      3      1    365
 200      3    138     60    304
 201      5     10      1    365
 202      3     39     60    304
 203      5    169      1    365
 204      5     81      1    365
 205      5    264      1    365
 206      5     74      1    365
 207      5     70      1    365
 208      5     56      1    365
 209      3     23     60    304
 210      1     33     32    304
 211      5     97     91    161
 212      3    161     60    304
 213      3   1407     60    304
 214      3     19     60    304
 215      5     22     60    244
 216      1     38      1    365
 217      3    105     60    304
 218      5     16      1    365
 219      5     28      1    365
 220      3     37     60    304
 221      3    784      1    365
 222      5    157     60    244
 223      5      9      1    365
 224      5    141      1    365
 225      3    176     60    304
 226      3    107     60    304
 227      5    191      1    365
 228      5     31      1    365
 229      3     23     60    304
 230      3    290     60    304
 231      3    821     60    304
 232      3    310     60    304
 233      1    165      1    365
 234      3     22     60    273
 235      3    188     60    304
 236      5   1535      1    365
 237      5    125      1    365
 238      3    819     60    304
 239      3    281     60    304
 240      3     65     60    304
 241      5     24      1    365
 242      5     45      1    365
 243      1    205      1    365
 244      1    149      1    365
 245      1    155      1    365
 246      1     74      1    365
 247      5    110     60    213
 248      5     19      1    365
 249      5     88     60    244
 250      5    172      1    365
 251      3    196     91    288
 252      5    502      1    365
 253      1     75      1    365
 254      3     30    105    273
 999      0      0      1    365
