   1      3     76     60    304
   2      3     88     60    304
   3      3     50     60    304
   4      3     16      1    365
   5      3   1401     60    304
   6      3   1875     60    304
   7      3   1605     60    304
   8      3     11      1    365
   9      3   3274     60    304
  10      3   3264     60    304
  11      3    665     60    304
  12      5    113      1    365
  13      5      9     60    182
  14      5     35     60    213
  15      5    113      1    365
  16      5     37     60    213
  17      5      4     91    365
  18      5    135     32    365
  19      5     34      1    365
  20      5    152     60    304
  21      5     96    121    244
  22      5    136     91    213
  23      5    369     60    274
  24      5     13     91    244
  25      5    211      1    258
  26      5    103     91    213
  27      5      7     91    244
  28      5     26     32    335
  29      5     49     60    244
  30      5    221     60    244
  31      1     42      1    365
  32      1     30      1    365
  33      1     65     60    213
  34      1     33     60    274
  35      1    141      1    365
  36      1    104      1    365
  37      1     17     60    244
  38      1     74      1    365
  39      1     29     32    244
  40      1     30      1    365
  41      1    100     32    244
  42      1    146     91    365
  43      1     70     60    365
  44      1    108     60    244
  45      1    135     91    244
  46      1     38     91    213
  47      1    164      1    274
  48      1     12     91    305
  49      1    193      1    258
  50      1     97     32    166
  51      1     53     60    166
  52      1     32      1    365
  53      1     50     60    293
  54      1     32     91    213
  55      1     73     60    152
  56      1    184     60    244
  57      1     97     60    304
  58      1    132     91    182
  59      1    111     60    182
  60      5     51      1    365
  61      5    321      1    365
  62      1    173      1    365
  63      5    126      1    365
  64      1      6      1    365
  65      1     44      1    365
  66      1    117      1    365
  67      1      7      1    365
  68      5    173      1    365
  69      5     61      1    365
  70      1     46      1    365
  71      1     59      1    365
  72      5     52      1    365
  73      1    580      1    365
  74      3     36     60    304
  75      5     39      1    365
  76      1     59      1    365
  77      1     75      1    365
  78      1    129      1    365
  79      3     19     60    304
  80      1    135      1    365
  81      1    108      1    365
  82      3     24     60    304
  83      3      7     60    304
  84      5     22      1    365
  85      3      9     60    304
  86      3     18     60    304
  87      3     34     60    304
  88      3     14     60    304
  89      3     64     60    304
  90      3     53     60    304
  91      3    102     60    304
  92      1     62      1    365
  93      1     13      1    365
  94      3    203     60    304
  95      3    169     60    304
  96      1     73      1    365
  97      1      9      1    365
  98      3    179     60    304
  99      3    166     60    304
 100      3     26     60    304
 101      1     92      1    365
 102      1     75      1    365
 103      1    102      1    365
 104      1     43      1    365
 105      3     17     60    304
 106      3    116     60    304
 107      3     97     60    304
 108      3     70     60    304
 109      3     31     60    304
 110      3      7     60    304
 111      3     86     60    304
 112      1     38     60    244
 113      5     22      1    365
 114      3    105     60    304
 115      3     43     60    304
 116      3     61     60    304
 117      5    494      1    365
 118      3      8     60    304
 119      3     48     60    304
 120      3      2     60    304
 121      3      1     60    304
 122      3    258     60    304
 123      3     59     60    304
 124      3    893     60    304
 125      3    470     60    304
 126      3     26     60    304
 127      3    409     60    304
 128      3    525     60    304
 129      3    474     60    304
 130      3    665     60    304
 131      5     69      1    365
 132      3    150     60    304
 133      3     39     60    304
 134      3     11     60    304
 135      3     70     60    304
 136      3     40     60    304
 137      5     39      1    196
 138      5     22      1    365
 139      3     11     60    304
 140      3    187     60    304
 141      3    105     60    304
 142      3    529     60    304
 143      3    441     60    304
 144      3     66     60    304
 145      3     13     60    304
 146      5    147      1    365
 147      3    558     60    304
 148      3     79     60    304
 149      3     13     60    304
 150      1     20      1    365
 151      1     53      1    365
 152      1     63      1    365
 153      3     44     60    304
 154      3     18     60    304
 155      5     51      1    365
 156      1    224      1    365
 157      1    123      1    365
 158      3     79     60    304
 159      5   2709      1    365
 160      5  10841      1    365
 161      5   3840      1    365
 162      1   1031      1    365
 163      1    399      1    365
 164      5      5      1    365
 165      5     44      1    365
 166      1     75     91    258
 167      5      8     60    274
 168      5     84     32    244
 169      5     22      1    365
 170      5     37      1    365
 171      3    157     60    304
 172      5     78     32    244
 173      5     39      1    365
 174      5   7443      1    365
 175      1     26      1    365
 176      3     47     60    304
 177      3    114     60    304
 178      3     78     60    304
 179      3     32     60    304
 180      3     37     60    304
 181      5     32      1    365
 182      3    924     60    304
 183      3    770     60    304
 184      3     23     60    304
 185      3     13     60    304
 186      3     18     60    304
 187      3     24     60    304
 188      3     81     60    304
 189      3   1744     60    304
 190      3    271     60    304
 191      3     92     60    304
 192      1    157     91    244
 193      1     23     91    244
 194      1     20      1    365
 195      3    394      1    365
 196      3     83     60    304
 197      3    220     60    304
 198      3     93     60    304
 199      5      3      1    365
 200      3    148     60    304
 201      5     10      1    365
 202      3     42     60    304
 203      5    174      1    365
 204      5     84      1    365
 205      5    272      1    365
 206      5     76      1    365
 207      5     70      1    365
 208      5     58      1    365
 209      3     25     60    304
 210      1     23     32    304
 211      5    134     91    161
 212      3    172     60    304
 213      3   1503     60    304
 214      3     16     60    304
 215      5     23     60    244
 216      1     26      1    365
 217      3    112     60    304
 218      5     22      1    365
 219      5     39      1    365
 220      3     30     60    304
 221      3    801      1    365
 222      5    217     60    244
 223      5     13      1    365
 224      5    195      1    365
 225      3    188     60    304
 226      3    107     60    304
 227      5    197      1    365
 228      5     32      1    365
 229      3     25     60    304
 230      3    258     60    304
 231      3   1279     60    304
 232      3    317     60    304
 233      1    114      1    365
 234      3     18     60    273
 235      3    294     60    304
 236      5   1395      1    365
 237      5    173      1    365
 238      3    838     60    304
 239      3    287     60    304
 240      3     67     60    304
 241      5     25      1    365
 242      5     47      1    365
 243      1    141      1    365
 244      1    102      1    365
 245      1    107      1    365
 246      1     74      1    365
 247      5    152     60    213
 248      5     26      1    365
 249      5    121     60    244
 250      5    651      1    365
 251      3    175     91    288
 252      5    693      1    365
 253      1     52      1    365
 254      3     24    105    273
 999      0      0      1    365
