   1      3     86     60    304
   2      3    105     60    304
   3      3     50     60    304
   4      3     18      1    365
   5      3   1406     60    304
   6      3   1883     60    304
   7      3   1605     60    304
   8      3     13      1    365
   9      3   3288     60    304
  10      3   3277     60    304
  11      3    496     60    304
  12      5    114      1    365
  13      5      3     60    182
  14      5     35     60    213
  15      5    114      1    365
  16      5     42     60    213
  17      5      2     91    365
  18      5    136     32    365
  19      5     34      1    365
  20      5     60     60    304
  21      5    109    121    244
  22      5      9     91    213
  23      5    420     60    274
  24      5      5     91    244
  25      5    213      1    258
  26      5    118     91    213
  27      5      8     91    244
  28      5     26     32    335
  29      5     50     60    244
  30      5    252     60    244
  31      1     50      1    365
  32      1     36      1    365
  33      1     77     60    213
  34      1     39     60    274
  35      1    167      1    365
  36      1    123      1    365
  37      1     20     60    244
  38      1     87      1    365
  39      1     34     32    244
  40      1     36      1    365
  41      1    118     32    244
  42      1    231     91    365
  43      1    111     60    365
  44      1    171     60    244
  45      1    212     91    244
  46      1     60     91    213
  47      1    258      1    274
  48      1     18     91    305
  49      1    305      1    258
  50      1    152     32    166
  51      1     83     60    166
  52      1     51      1    365
  53      1     78     60    293
  54      1     51     91    213
  55      1    115     60    152
  56      1    291     60    244
  57      1     58     60    304
  58      1    208     91    182
  59      1    132     60    182
  60      5     52      1    365
  61      5    126      1    365
  62      1    205      1    365
  63      5     50      1    365
  64      1      9      1    365
  65      1     69      1    365
  66      1    185      1    365
  67      1      9      1    365
  68      5     68      1    365
  69      5     24      1    365
  70      1     55      1    365
  71      1     92      1    365
  72      5     21      1    365
  73      1    832      1    365
  74      3     41     60    304
  75      5     15      1    365
  76      1     35      1    365
  77      1     45      1    365
  78      1     77      1    365
  79      3     23     60    304
  80      1     80      1    365
  81      1     64      1    365
  82      3     27     60    304
  83      3      8     60    304
  84      5      9      1    365
  85      3     10     60    304
  86      3     21     60    304
  87      3     26     60    304
  88      3     16     60    304
  89      3     73     60    304
  90      3     53     60    304
  91      3    122     60    304
  92      1     73      1    365
  93      1     15      1    365
  94      3    232     60    304
  95      3    169     60    304
  96      1    115      1    365
  97      1     14      1    365
  98      3    133     60    304
  99      3    124     60    304
 100      3     26     60    304
 101      1     54      1    365
 102      1     45      1    365
 103      1     61      1    365
 104      1     51      1    365
 105      3     13     60    304
 106      3    133     60    304
 107      3     97     60    304
 108      3     59     60    304
 109      3     26     60    304
 110      3      7     60    304
 111      3     64     60    304
 112      1     44     60    244
 113      5     25      1    365
 114      3     78     60    304
 115      3     43     60    304
 116      3     46     60    304
 117      5    563      1    365
 118      3     10     60    304
 119      3     41     60    304
 120      3      2     60    304
 121      3      1     60    304
 122      3    219     60    304
 123      3     59     60    304
 124      3    896     60    304
 125      3    350     60    304
 126      3     22     60    304
 127      3    488     60    304
 128      3    527     60    304
 129      3    476     60    304
 130      3    496     60    304
 131      5     27      1    365
 132      3    171     60    304
 133      3     33     60    304
 134      3     13     60    304
 135      3     84     60    304
 136      3     40     60    304
 137      5     40      1    196
 138      5     22      1    365
 139      3     12     60    304
 140      3    188     60    304
 141      3    106     60    304
 142      3    604     60    304
 143      3    441     60    304
 144      3     56     60    304
 145      3     13     60    304
 146      5    168      1    365
 147      3    667     60    304
 148      3     67     60    304
 149      3     11     60    304
 150      1     32      1    365
 151      1     83      1    365
 152      1     75      1    365
 153      3     33     60    304
 154      3     18     60    304
 155      5     52      1    365
 156      1    265      1    365
 157      1    194      1    365
 158      3     67     60    304
 159      5   2738      1    365
 160      5  10957      1    365
 161      5   3881      1    365
 162      1   1221      1    365
 163      1    237      1    365
 164      5      6      1    365
 165      5     50      1    365
 166      1     89     91    258
 167      5      8     60    274
 168      5     85     32    244
 169      5     22      1    365
 170      5     37      1    365
 171      3    117     60    304
 172      5     79     32    244
 173      5     15      1    365
 174      5   7522      1    365
 175      1     42      1    365
 176      3     53     60    304
 177      3    136     60    304
 178      3     58     60    304
 179      3     32     60    304
 180      3     27     60    304
 181      5     32      1    365
 182      3   1055     60    304
 183      3    770     60    304
 184      3     27     60    304
 185      3     13     60    304
 186      3     15     60    304
 187      3     27     60    304
 188      3     60     60    304
 189      3   1993     60    304
 190      3    310     60    304
 191      3    106     60    304
 192      1    186     91    244
 193      1     27     91    244
 194      1     24      1    365
 195      3    294      1    365
 196      3     62     60    304
 197      3    251     60    304
 198      3    111     60    304
 199      5      3      1    365
 200      3    176     60    304
 201      5     10      1    365
 202      3     50     60    304
 203      5    176      1    365
 204      5     85      1    365
 205      5    275      1    365
 206      5     77      1    365
 207      5     70      1    365
 208      5     58      1    365
 209      3     29     60    304
 210      1     27     32    304
 211      5     53     91    161
 212      3    205     60    304
 213      3   1794     60    304
 214      3     18     60    304
 215      5     23     60    244
 216      1     31      1    365
 217      3    134     60    304
 218      5      9      1    365
 219      5     15      1    365
 220      3     34     60    304
 221      3    805      1    365
 222      5     85     60    244
 223      5      5      1    365
 224      5     77      1    365
 225      3    224     60    304
 226      3    107     60    304
 227      5    199      1    365
 228      5     32      1    365
 229      3     29     60    304
 230      3    219     60    304
 231      3    954     60    304
 232      3    318     60    304
 233      1    135      1    365
 234      3     21     60    273
 235      3    219     60    304
 236      5     96      1    365
 237      5     68      1    365
 238      3    841     60    304
 239      3    289     60    304
 240      3     67     60    304
 241      5     25      1    365
 242      5     47      1    365
 243      1    167      1    365
 244      1    121      1    365
 245      1    126      1    365
 246      1     74      1    365
 247      5     60     60    213
 248      5     10      1    365
 249      5     48     60    244
 250      5   1755      1    365
 251      3    149     91    288
 252      5    274      1    365
 253      1     61      1    365
 254      3     27    105    273
 999      0      0      1    365
