   1      3     71     60    304
   2      3     73     60    304
   3      3     50     60    304
   4      3     15      1    365
   5      3   1352     60    304
   6      3   1810     60    304
   7      3   1605     60    304
   8      3      9      1    365
   9      3   3160     60    304
  10      3   3150     60    304
  11      3    274     60    304
  12      5    117      1    365
  13      5     11     60    182
  14      5     36     60    213
  15      5    117      1    365
  16      5     81     60    213
  17      5      5     91    365
  18      5    139     32    365
  19      5     35      1    365
  20      5    191     60    304
  21      5    211    121    244
  22      5     37     91    213
  23      5    812     60    274
  24      5     16     91    244
  25      5    218      1    258
  26      5    227     91    213
  27      5     16     91    244
  28      5     27     32    335
  29      5     51     60    244
  30      5    487     60    244
  31      1     41      1    365
  32      1     30      1    365
  33      1     64     60    213
  34      1     33     60    274
  35      1    139      1    365
  36      1    102      1    365
  37      1     17     60    244
  38      1     72      1    365
  39      1     28     32    244
  40      1     30      1    365
  41      1     98     32    244
  42      1    198     91    365
  43      1     95     60    365
  44      1    147     60    244
  45      1    182     91    244
  46      1     52     91    213
  47      1    222      1    274
  48      1     16     91    305
  49      1    262      1    258
  50      1    131     32    166
  51      1     71     60    166
  52      1     44      1    365
  53      1     67     60    293
  54      1     44     91    213
  55      1     99     60    152
  56      1    250     60    244
  57      1     70     60    304
  58      1    179     91    182
  59      1    109     60    182
  60      5     53      1    365
  61      5    405      1    365
  62      1    170      1    365
  63      5    159      1    365
  64      1      8      1    365
  65      1     60      1    365
  66      1    159      1    365
  67      1      7      1    365
  68      5    219      1    365
  69      5     77      1    365
  70      1     45      1    365
  71      1     79      1    365
  72      5     66      1    365
  73      1    158      1    365
  74      3     34     60    304
  75      5     49      1    365
  76      1     43      1    365
  77      1     55      1    365
  78      1     94      1    365
  79      3     16     60    304
  80      1     98      1    365
  81      1     78      1    365
  82      3     23     60    304
  83      3      7     60    304
  84      5     27      1    365
  85      3      7     60    304
  86      3     15     60    304
  87      3     14     60    304
  88      3     14     60    304
  89      3     60     60    304
  90      3     53     60    304
  91      3     84     60    304
  92      1     61      1    365
  93      1     13      1    365
  94      3    190     60    304
  95      3    169     60    304
  96      1     99      1    365
  97      1     12      1    365
  98      3     74     60    304
  99      3     69     60    304
 100      3     25     60    304
 101      1     66      1    365
 102      1     55      1    365
 103      1     74      1    365
 104      1     43      1    365
 105      3      7     60    304
 106      3    109     60    304
 107      3     97     60    304
 108      3     52     60    304
 109      3     23     60    304
 110      3      7     60    304
 111      3     35     60    304
 112      1     37     60    244
 113      5     49      1    365
 114      3     43     60    304
 115      3     43     60    304
 116      3     25     60    304
 117      5   1088      1    365
 118      3      8     60    304
 119      3     36     60    304
 120      3      1     60    304
 121      3      1     60    304
 122      3    193     60    304
 123      3     59     60    304
 124      3    861     60    304
 125      3    194     60    304
 126      3     20     60    304
 127      3    338     60    304
 128      3    506     60    304
 129      3    458     60    304
 130      3    274     60    304
 131      5     87      1    365
 132      3    141     60    304
 133      3     29     60    304
 134      3      9     60    304
 135      3     58     60    304
 136      3     40     60    304
 137      5     40      1    196
 138      5     22      1    365
 139      3     10     60    304
 140      3    180     60    304
 141      3    101     60    304
 142      3    497     60    304
 143      3    441     60    304
 144      3     49     60    304
 145      3     12     60    304
 146      5    325      1    365
 147      3    462     60    304
 148      3     59     60    304
 149      3     10     60    304
 150      1     28      1    365
 151      1     71      1    365
 152      1     62      1    365
 153      3     18     60    304
 154      3     18     60    304
 155      5     53      1    365
 156      1    220      1    365
 157      1    167      1    365
 158      3     59     60    304
 159      5   2795      1    365
 160      5  11185      1    365
 161      5   3962      1    365
 162      1   1014      1    365
 163      1    289      1    365
 164      5      6      1    365
 165      5     97      1    365
 166      1     74     91    258
 167      5      8     60    274
 168      5     86     32    244
 169      5     22      1    365
 170      5     38      1    365
 171      3     65     60    304
 172      5     81     32    244
 173      5     49      1    365
 174      5   7679      1    365
 175      1     36      1    365
 176      3     44     60    304
 177      3     94     60    304
 178      3     32     60    304
 179      3     32     60    304
 180      3     15     60    304
 181      5     33      1    365
 182      3    868     60    304
 183      3    770     60    304
 184      3     19     60    304
 185      3     13     60    304
 186      3     13     60    304
 187      3     23     60    304
 188      3     33     60    304
 189      3   1639     60    304
 190      3    255     60    304
 191      3     87     60    304
 192      1    155     91    244
 193      1     23     91    244
 194      1     20      1    365
 195      3    162      1    365
 196      3     34     60    304
 197      3    206     60    304
 198      3     77     60    304
 199      5      3      1    365
 200      3    122     60    304
 201      5     10      1    365
 202      3     35     60    304
 203      5    180      1    365
 204      5     86      1    365
 205      5    281      1    365
 206      5     79      1    365
 207      5     70      1    365
 208      5     60      1    365
 209      3     20     60    304
 210      1     23     32    304
 211      5    169     91    161
 212      3    142     60    304
 213      3   1243     60    304
 214      3     15     60    304
 215      5     24     60    244
 216      1     26      1    365
 217      3     93     60    304
 218      5     27      1    365
 219      5     49      1    365
 220      3     28     60    304
 221      3    773      1    365
 222      5    273     60    244
 223      5     16      1    365
 224      5    246      1    365
 225      3    155     60    304
 226      3    107     60    304
 227      5    203      1    365
 228      5     33      1    365
 229      3     20     60    304
 230      3    193     60    304
 231      3    528     60    304
 232      3    306     60    304
 233      1    112      1    365
 234      3     17     60    273
 235      3    121     60    304
 236      5    381      1    365
 237      5    219      1    365
 238      3    808     60    304
 239      3    277     60    304
 240      3     64     60    304
 241      5     26      1    365
 242      5     48      1    365
 243      1    139      1    365
 244      1    101      1    365
 245      1    105      1    365
 246      1     74      1    365
 247      5    191     60    213
 248      5     33      1    365
 249      5    153     60    244
 250      5   3002      1    365
 251      3    131     91    288
 252      5    875      1    365
 253      1     51      1    365
 254      3     23    105    273
 999      0      0      1    365
