   1      3    110     60    304
   2      3    111     60    304
   3      3     50     60    304
   4      3     23      1    365
   5      3   1510     60    304
   6      3   2021     60    304
   7      3   1605     60    304
   8      3     13      1    365
   9      3   3530     60    304
  10      3   3518     60    304
  11      3    290     60    304
  12      5    118      1    365
  13      5      3     60    182
  14      5     36     60    213
  15      5    118      1    365
  16      5     70     60    213
  17      5      1     91    365
  18      5    141     32    365
  19      5     35      1    365
  20      5     50     60    304
  21      5    181    121    244
  22      5     15     91    213
  23      5    698     60    274
  24      5      4     91    244
  25      5    220      1    258
  26      5    195     91    213
  27      5     14     91    244
  28      5     27     32    335
  29      5     51     60    244
  30      5    419     60    244
  31      1     53      1    365
  32      1     38      1    365
  33      1     82     60    213
  34      1     42     60    274
  35      1    178      1    365
  36      1    131      1    365
  37      1     22     60    244
  38      1     93      1    365
  39      1     36     32    244
  40      1     38      1    365
  41      1    125     32    244
  42      1     53     91    365
  43      1     25     60    365
  44      1     39     60    244
  45      1     49     91    244
  46      1     14     91    213
  47      1     59      1    274
  48      1      4     91    305
  49      1     70      1    258
  50      1     35     32    166
  51      1     19     60    166
  52      1     12      1    365
  53      1     18     60    293
  54      1     12     91    213
  55      1     26     60    152
  56      1     67     60    244
  57      1     63     60    304
  58      1     48     91    182
  59      1    140     60    182
  60      5     53      1    365
  61      5    106      1    365
  62      1    218      1    365
  63      5     41      1    365
  64      1      2      1    365
  65      1     16      1    365
  66      1     42      1    365
  67      1      9      1    365
  68      5     57      1    365
  69      5     20      1    365
  70      1     58      1    365
  71      1     21      1    365
  72      5     17      1    365
  73      1   1045      1    365
  74      3     52     60    304
  75      5     13      1    365
  76      1     38      1    365
  77      1     49      1    365
  78      1     84      1    365
  79      3     24     60    304
  80      1     87      1    365
  81      1     70      1    365
  82      3     35     60    304
  83      3     10     60    304
  84      5      7      1    365
  85      3     11     60    304
  86      3     22     60    304
  87      3     15     60    304
  88      3     21     60    304
  89      3     93     60    304
  90      3     53     60    304
  91      3    129     60    304
  92      1     78      1    365
  93      1     16      1    365
  94      3    295     60    304
  95      3    169     60    304
  96      1     26      1    365
  97      1      3      1    365
  98      3     78     60    304
  99      3     73     60    304
 100      3     28     60    304
 101      1     59      1    365
 102      1     49      1    365
 103      1     66      1    365
 104      1     55      1    365
 105      3      7     60    304
 106      3    170     60    304
 107      3     97     60    304
 108      3     51     60    304
 109      3     23     60    304
 110      3      7     60    304
 111      3     37     60    304
 112      1     47     60    244
 113      5     42      1    365
 114      3     46     60    304
 115      3     43     60    304
 116      3     27     60    304
 117      5    935      1    365
 118      3     12     60    304
 119      3     35     60    304
 120      3      2     60    304
 121      3      1     60    304
 122      3    190     60    304
 123      3     59     60    304
 124      3    962     60    304
 125      3    205     60    304
 126      3     19     60    304
 127      3    518     60    304
 128      3    565     60    304
 129      3    511     60    304
 130      3    290     60    304
 131      5     23      1    365
 132      3    219     60    304
 133      3     29     60    304
 134      3     13     60    304
 135      3     89     60    304
 136      3     40     60    304
 137      5     41      1    196
 138      5     23      1    365
 139      3     16     60    304
 140      3    201     60    304
 141      3    113     60    304
 142      3    771     60    304
 143      3    441     60    304
 144      3     48     60    304
 145      3     14     60    304
 146      5    279      1    365
 147      3    707     60    304
 148      3     58     60    304
 149      3     10     60    304
 150      1      7      1    365
 151      1     19      1    365
 152      1     80      1    365
 153      3     19     60    304
 154      3     18     60    304
 155      5     53      1    365
 156      1    282      1    365
 157      1     44      1    365
 158      3     58     60    304
 159      5   2822      1    365
 160      5  11292      1    365
 161      5   4000      1    365
 162      1   1299      1    365
 163      1    259      1    365
 164      5      6      1    365
 165      5     84      1    365
 166      1     95     91    258
 167      5      8     60    274
 168      5     87     32    244
 169      5     23      1    365
 170      5     39      1    365
 171      3     68     60    304
 172      5     82     32    244
 173      5     13      1    365
 174      5   7753      1    365
 175      1     10      1    365
 176      3     68     60    304
 177      3    144     60    304
 178      3     34     60    304
 179      3     32     60    304
 180      3     16     60    304
 181      5     33      1    365
 182      3   1346     60    304
 183      3    770     60    304
 184      3     29     60    304
 185      3     13     60    304
 186      3     13     60    304
 187      3     35     60    304
 188      3     35     60    304
 189      3   2542     60    304
 190      3    395     60    304
 191      3    135     60    304
 192      1    198     91    244
 193      1     29     91    244
 194      1     25      1    365
 195      3    172      1    365
 196      3     36     60    304
 197      3    320     60    304
 198      3    118     60    304
 199      5      3      1    365
 200      3    187     60    304
 201      5     10      1    365
 202      3     53     60    304
 203      5    181      1    365
 204      5     87      1    365
 205      5    284      1    365
 206      5     79      1    365
 207      5     70      1    365
 208      5     60      1    365
 209      3     31     60    304
 210      1     29     32    304
 211      5     44     91    161
 212      3    218     60    304
 213      3   1902     60    304
 214      3     23     60    304
 215      5     24     60    244
 216      1     33      1    365
 217      3    142     60    304
 218      5      7      1    365
 219      5     13      1    365
 220      3     44     60    304
 221      3    864      1    365
 222      5     71     60    244
 223      5      4      1    365
 224      5     64      1    365
 225      3    238     60    304
 226      3    107     60    304
 227      5    205      1    365
 228      5     33      1    365
 229      3     31     60    304
 230      3    190     60    304
 231      3    558     60    304
 232      3    341     60    304
 233      1    144      1    365
 234      3     26     60    273
 235      3    128     60    304
 236      5    154      1    365
 237      5     57      1    365
 238      3    903     60    304
 239      3    310     60    304
 240      3     72     60    304
 241      5     26      1    365
 242      5     49      1    365
 243      1    178      1    365
 244      1    129      1    365
 245      1    134      1    365
 246      1     74      1    365
 247      5     50     60    213
 248      5      9      1    365
 249      5     40     60    244
 250      5    689      1    365
 251      3    129     91    288
 252      5    228      1    365
 253      1     65      1    365
 254      3     35    105    273
 999      0      0      1    365
