   1      3     79     60    304
   2      3     82     60    304
   3      3     50     60    304
   4      3     16      1    365
   5      3   1380     60    304
   6      3   1847     60    304
   7      3   1605     60    304
   8      3     10      1    365
   9      3   3226     60    304
  10      3   3215     60    304
  11      3    503     60    304
  12      5    108      1    365
  13      5      5     60    182
  14      5     33     60    213
  15      5    108      1    365
  16      5     51     60    213
  17      5      3     91    365
  18      5    129     32    365
  19      5     32      1    365
  20      5     93     60    304
  21      5    132    121    244
  22      5    201     91    213
  23      5    507     60    274
  24      5      8     91    244
  25      5    202      1    258
  26      5    142     91    213
  27      5     10     91    244
  28      5     25     32    335
  29      5     47     60    244
  30      5    304     60    244
  31      1     48      1    365
  32      1     35      1    365
  33      1     75     60    213
  34      1     38     60    274
  35      1    163      1    365
  36      1    119      1    365
  37      1     20     60    244
  38      1     85      1    365
  39      1     33     32    244
  40      1     35      1    365
  41      1    114     32    244
  42      1    153     91    365
  43      1     74     60    365
  44      1    114     60    244
  45      1    141     91    244
  46      1     40     91    213
  47      1    172      1    274
  48      1     12     91    305
  49      1    203      1    258
  50      1    101     32    166
  51      1     55     60    166
  52      1     34      1    365
  53      1     52     60    293
  54      1     34     91    213
  55      1     77     60    152
  56      1    193     60    244
  57      1    121     60    304
  58      1    138     91    182
  59      1    128     60    182
  60      5     49      1    365
  61      5    196      1    365
  62      1    199      1    365
  63      5     77      1    365
  64      1      6      1    365
  65      1     46      1    365
  66      1    123      1    365
  67      1      8      1    365
  68      5    106      1    365
  69      5     37      1    365
  70      1     53      1    365
  71      1     61      1    365
  72      5     32      1    365
  73      1   2647      1    365
  74      3     38     60    304
  75      5     24      1    365
  76      1     74      1    365
  77      1     94      1    365
  78      1    162      1    365
  79      3     18     60    304
  80      1    169      1    365
  81      1    135      1    365
  82      3     25     60    304
  83      3      8     60    304
  84      5     13      1    365
  85      3      8     60    304
  86      3     16     60    304
  87      3     26     60    304
  88      3     15     60    304
  89      3     66     60    304
  90      3     53     60    304
  91      3     95     60    304
  92      1     71      1    365
  93      1     15      1    365
  94      3    212     60    304
  95      3    169     60    304
  96      1     77      1    365
  97      1      9      1    365
  98      3    135     60    304
  99      3    126     60    304
 100      3     25     60    304
 101      1    115      1    365
 102      1     94      1    365
 103      1    128      1    365
 104      1     50      1    365
 105      3     13     60    304
 106      3    121     60    304
 107      3     97     60    304
 108      3     26     60    304
 109      3     11     60    304
 110      3      7     60    304
 111      3     65     60    304
 112      1     43     60    244
 113      5     30      1    365
 114      3     80     60    304
 115      3     43     60    304
 116      3     46     60    304
 117      5    679      1    365
 118      3      9     60    304
 119      3     18     60    304
 120      3      2     60    304
 121      3      1     60    304
 122      3     96     60    304
 123      3     59     60    304
 124      3    879     60    304
 125      3    355     60    304
 126      3     10     60    304
 127      3    380     60    304
 128      3    517     60    304
 129      3    467     60    304
 130      3    503     60    304
 131      5     42      1    365
 132      3    156     60    304
 133      3     15     60    304
 134      3     10     60    304
 135      3     65     60    304
 136      3     40     60    304
 137      5     37      1    196
 138      5     21      1    365
 139      3     11     60    304
 140      3    184     60    304
 141      3    104     60    304
 142      3    552     60    304
 143      3    441     60    304
 144      3     24     60    304
 145      3     13     60    304
 146      5    203      1    365
 147      3    519     60    304
 148      3     29     60    304
 149      3      5     60    304
 150      1     21      1    365
 151      1     55      1    365
 152      1     73      1    365
 153      3     33     60    304
 154      3     18     60    304
 155      5     49      1    365
 156      1    257      1    365
 157      1    129      1    365
 158      3     29     60    304
 159      5   2592      1    365
 160      5  10372      1    365
 161      5   3674      1    365
 162      1   1186      1    365
 163      1    499      1    365
 164      5      5      1    365
 165      5     61      1    365
 166      1     86     91    258
 167      5      7     60    274
 168      5     80     32    244
 169      5     21      1    365
 170      5     35      1    365
 171      3    118     60    304
 172      5     75     32    244
 173      5     24      1    365
 174      5   7121      1    365
 175      1     28      1    365
 176      3     49     60    304
 177      3    106     60    304
 178      3     59     60    304
 179      3     32     60    304
 180      3     28     60    304
 181      5     30      1    365
 182      3    964     60    304
 183      3    770     60    304
 184      3     21     60    304
 185      3     13     60    304
 186      3      6     60    304
 187      3     25     60    304
 188      3     61     60    304
 189      3   1820     60    304
 190      3    283     60    304
 191      3     96     60    304
 192      1    181     91    244
 193      1     27     91    244
 194      1     23      1    365
 195      3    298      1    365
 196      3     63     60    304
 197      3    229     60    304
 198      3     87     60    304
 199      5      3      1    365
 200      3    137     60    304
 201      5      9      1    365
 202      3     39     60    304
 203      5    167      1    365
 204      5     80      1    365
 205      5    260      1    365
 206      5     73      1    365
 207      5     70      1    365
 208      5     55      1    365
 209      3     23     60    304
 210      1     27     32    304
 211      5     82     91    161
 212      3    160     60    304
 213      3   1397     60    304
 214      3     16     60    304
 215      5     22     60    244
 216      1     30      1    365
 217      3    104     60    304
 218      5     13      1    365
 219      5     24      1    365
 220      3     31     60    304
 221      3    789      1    365
 222      5    132     60    244
 223      5      8      1    365
 224      5    119      1    365
 225      3    175     60    304
 226      3    107     60    304
 227      5    189      1    365
 228      5     30      1    365
 229      3     23     60    304
 230      3     96     60    304
 231      3    967     60    304
 232      3    312     60    304
 233      1    131      1    365
 234      3     19     60    273
 235      3    222     60    304
 236      5   2054      1    365
 237      5    106      1    365
 238      3    825     60    304
 239      3    283     60    304
 240      3     66     60    304
 241      5     24      1    365
 242      5     45      1    365
 243      1    163      1    365
 244      1    118      1    365
 245      1    123      1    365
 246      1     74      1    365
 247      5     93     60    213
 248      5     16      1    365
 249      5     74     60    244
 250      5    845      1    365
 251      3     65     91    288
 252      5    424      1    365
 253      1     60      1    365
 254      3     25    105    273
 999      0      0      1    365
