   1      3     80     60    304
   2      3     58     60    304
   3      3     50     60    304
   4      3     16      1    365
   5      3   1374     60    304
   6      3   1839     60    304
   7      3   1605     60    304
   8      3      7      1    365
   9      3   3211     60    304
  10      3   3201     60    304
  11      3    488     60    304
  12      5    114      1    365
  13      5      9     60    182
  14      5     35     60    213
  15      5    114      1    365
  16      5     24     60    213
  17      5      4     91    365
  18      5    136     32    365
  19      5     34      1    365
  20      5    150     60    304
  21      5     61    121    244
  22      5    205     91    213
  23      5    235     60    274
  24      5     13     91    244
  25      5    213      1    258
  26      5     66     91    213
  27      5      5     91    244
  28      5     26     32    335
  29      5     49     60    244
  30      5    141     60    244
  31      1     37      1    365
  32      1     27      1    365
  33      1     57     60    213
  34      1     29     60    274
  35      1    125      1    365
  36      1     92      1    365
  37      1     15     60    244
  38      1     65      1    365
  39      1     25     32    244
  40      1     27      1    365
  41      1     88     32    244
  42      1     66     91    365
  43      1     32     60    365
  44      1     49     60    244
  45      1     61     91    244
  46      1     17     91    213
  47      1     74      1    274
  48      1      5     91    305
  49      1     87      1    258
  50      1     44     32    166
  51      1     24     60    166
  52      1     15      1    365
  53      1     22     60    293
  54      1     15     91    213
  55      1     33     60    152
  56      1     83     60    244
  57      1    186     60    304
  58      1     59     91    182
  59      1     98     60    182
  60      5     52      1    365
  61      5    318      1    365
  62      1    153      1    365
  63      5    124      1    365
  64      1      3      1    365
  65      1     20      1    365
  66      1     53      1    365
  67      1      6      1    365
  68      5    172      1    365
  69      5     60      1    365
  70      1     41      1    365
  71      1     26      1    365
  72      5     52      1    365
  73      1    328      1    365
  74      3     38     60    304
  75      5     39      1    365
  76      1    113      1    365
  77      1    144      1    365
  78      1    248      1    365
  79      3     13     60    304
  80      1    258      1    365
  81      1    206      1    365
  82      3     25     60    304
  83      3      8     60    304
  84      5     21      1    365
  85      3      6     60    304
  86      3     12     60    304
  87      3     25     60    304
  88      3     15     60    304
  89      3     67     60    304
  90      3     53     60    304
  91      3     67     60    304
  92      1     55      1    365
  93      1     11      1    365
  94      3    214     60    304
  95      3    169     60    304
  96      1     33      1    365
  97      1      4      1    365
  98      3    131     60    304
  99      3    122     60    304
 100      3     25     60    304
 101      1    175      1    365
 102      1    144      1    365
 103      1    196      1    365
 104      1     38      1    365
 105      3     13     60    304
 106      3    123     60    304
 107      3     97     60    304
 108      3    161     60    304
 109      3     71     60    304
 110      3      7     60    304
 111      3     63     60    304
 112      1     33     60    244
 113      5     14      1    365
 114      3     77     60    304
 115      3     43     60    304
 116      3     45     60    304
 117      5    315      1    365
 118      3      9     60    304
 119      3    111     60    304
 120      3      1     60    304
 121      3      1     60    304
 122      3    594     60    304
 123      3     59     60    304
 124      3    875     60    304
 125      3    344     60    304
 126      3     60     60    304
 127      3    270     60    304
 128      3    514     60    304
 129      3    465     60    304
 130      3    488     60    304
 131      5     69      1    365
 132      3    158     60    304
 133      3     91     60    304
 134      3      7     60    304
 135      3     46     60    304
 136      3     40     60    304
 137      5     39      1    196
 138      5     22      1    365
 139      3     11     60    304
 140      3    183     60    304
 141      3    103     60    304
 142      3    559     60    304
 143      3    441     60    304
 144      3    151     60    304
 145      3     13     60    304
 146      5     94      1    365
 147      3    369     60    304
 148      3    181     60    304
 149      3     30     60    304
 150      1      9      1    365
 151      1     24      1    365
 152      1     56      1    365
 153      3     32     60    304
 154      3     18     60    304
 155      5     52      1    365
 156      1    197      1    365
 157      1     55      1    365
 158      3    181     60    304
 159      5   2729      1    365
 160      5  10920      1    365
 161      5   3868      1    365
 162      1    910      1    365
 163      1    764      1    365
 164      5      5      1    365
 165      5     28      1    365
 166      1     66     91    258
 167      5      8     60    274
 168      5     84     32    244
 169      5     22      1    365
 170      5     37      1    365
 171      3    115     60    304
 172      5     79     32    244
 173      5     39      1    365
 174      5   7497      1    365
 175      1     12      1    365
 176      3     49     60    304
 177      3     75     60    304
 178      3     57     60    304
 179      3     32     60    304
 180      3     27     60    304
 181      5     32      1    365
 182      3    976     60    304
 183      3    770     60    304
 184      3     15     60    304
 185      3     13     60    304
 186      3     40     60    304
 187      3     25     60    304
 188      3     59     60    304
 189      3   1843     60    304
 190      3    286     60    304
 191      3     98     60    304
 192      1    139     91    244
 193      1     20     91    244
 194      1     18      1    365
 195      3    289      1    365
 196      3     61     60    304
 197      3    232     60    304
 198      3     62     60    304
 199      5      3      1    365
 200      3     98     60    304
 201      5     10      1    365
 202      3     28     60    304
 203      5    175      1    365
 204      5     84      1    365
 205      5    274      1    365
 206      5     77      1    365
 207      5     70      1    365
 208      5     58      1    365
 209      3     16     60    304
 210      1     20     32    304
 211      5    133     91    161
 212      3    114     60    304
 213      3    994     60    304
 214      3     16     60    304
 215      5     23     60    244
 216      1     23      1    365
 217      3     74     60    304
 218      5     21      1    365
 219      5     39      1    365
 220      3     32     60    304
 221      3    786      1    365
 222      5    215     60    244
 223      5     13      1    365
 224      5    193      1    365
 225      3    124     60    304
 226      3    107     60    304
 227      5    199      1    365
 228      5     32      1    365
 229      3     16     60    304
 230      3    594     60    304
 231      3    937     60    304
 232      3    310     60    304
 233      1    101      1    365
 234      3     19     60    273
 235      3    215     60    304
 236      5   2095      1    365
 237      5    172      1    365
 238      3    821     60    304
 239      3    282     60    304
 240      3     65     60    304
 241      5     25      1    365
 242      5     47      1    365
 243      1    125      1    365
 244      1     90      1    365
 245      1     94      1    365
 246      1     74      1    365
 247      5    150     60    213
 248      5     26      1    365
 249      5    120     60    244
 250      5   1953      1    365
 251      3    403     91    288
 252      5    687      1    365
 253      1     46      1    365
 254      3     25    105    273
 999      0      0      1    365
