   1      3     78     60    304
   2      3    101     60    304
   3      3     50     60    304
   4      3     16      1    365
   5      3   1290     60    304
   6      3   1727     60    304
   7      3   1605     60    304
   8      3     12      1    365
   9      3   3016     60    304
  10      3   3006     60    304
  11      3    341     60    304
  12      5    119      1    365
  13      5      3     60    182
  14      5     36     60    213
  15      5    119      1    365
  16      5     20     60    213
  17      5      2     91    365
  18      5    141     32    365
  19      5     35      1    365
  20      5     57     60    304
  21      5     52    121    244
  22      5    284     91    213
  23      5    200     60    274
  24      5      5     91    244
  25      5    221      1    258
  26      5     56     91    213
  27      5      4     91    244
  28      5     27     32    335
  29      5     51     60    244
  30      5    120     60    244
  31      1     37      1    365
  32      1     27      1    365
  33      1     57     60    213
  34      1     29     60    274
  35      1    124      1    365
  36      1     91      1    365
  37      1     15     60    244
  38      1     65      1    365
  39      1     25     32    244
  40      1     27      1    365
  41      1     88     32    244
  42      1    181     91    365
  43      1     87     60    365
  44      1    134     60    244
  45      1    167     91    244
  46      1     47     91    213
  47      1    203      1    274
  48      1     15     91    305
  49      1    239      1    258
  50      1    120     32    166
  51      1     65     60    166
  52      1     40      1    365
  53      1     62     60    293
  54      1     40     91    213
  55      1     91     60    152
  56      1    228     60    244
  57      1    168     60    304
  58      1    163     91    182
  59      1     98     60    182
  60      5     54      1    365
  61      5    121      1    365
  62      1    152      1    365
  63      5     47      1    365
  64      1      7      1    365
  65      1     54      1    365
  66      1    145      1    365
  67      1      6      1    365
  68      5     65      1    365
  69      5     23      1    365
  70      1     41      1    365
  71      1     73      1    365
  72      5     20      1    365
  73      1     44      1    365
  74      3     37     60    304
  75      5     15      1    365
  76      1    103      1    365
  77      1    130      1    365
  78      1    224      1    365
  79      3     22     60    304
  80      1    233      1    365
  81      1    186      1    365
  82      3     25     60    304
  83      3      7     60    304
  84      5      8      1    365
  85      3     10     60    304
  86      3     20     60    304
  87      3     18     60    304
  88      3     15     60    304
  89      3     66     60    304
  90      3     53     60    304
  91      3    117     60    304
  92      1     55      1    365
  93      1     11      1    365
  94      3    209     60    304
  95      3    169     60    304
  96      1     91      1    365
  97      1     11      1    365
  98      3     92     60    304
  99      3     85     60    304
 100      3     24     60    304
 101      1    158      1    365
 102      1    130      1    365
 103      1    177      1    365
 104      1     38      1    365
 105      3      9     60    304
 106      3    120     60    304
 107      3     97     60    304
 108      3    132     60    304
 109      3     58     60    304
 110      3      7     60    304
 111      3     44     60    304
 112      1     33     60    244
 113      5     12      1    365
 114      3     54     60    304
 115      3     43     60    304
 116      3     31     60    304
 117      5    268      1    365
 118      3      9     60    304
 119      3     91     60    304
 120      3      2     60    304
 121      3      1     60    304
 122      3    488     60    304
 123      3     59     60    304
 124      3    822     60    304
 125      3    241     60    304
 126      3     50     60    304
 127      3    470     60    304
 128      3    483     60    304
 129      3    437     60    304
 130      3    341     60    304
 131      5     26      1    365
 132      3    155     60    304
 133      3     74     60    304
 134      3     12     60    304
 135      3     81     60    304
 136      3     40     60    304
 137      5     41      1    196
 138      5     23      1    365
 139      3     11     60    304
 140      3    172     60    304
 141      3     97     60    304
 142      3    546     60    304
 143      3    441     60    304
 144      3    124     60    304
 145      3     12     60    304
 146      5     80      1    365
 147      3    641     60    304
 148      3    149     60    304
 149      3     25     60    304
 150      1     25      1    365
 151      1     65      1    365
 152      1     56      1    365
 153      3     23     60    304
 154      3     18     60    304
 155      5     54      1    365
 156      1    197      1    365
 157      1    152      1    365
 158      3    149     60    304
 159      5   2836      1    365
 160      5  11349      1    365
 161      5   4020      1    365
 162      1    908      1    365
 163      1    690      1    365
 164      5      6      1    365
 165      5     24      1    365
 166      1     66     91    258
 167      5      8     60    274
 168      5     88     32    244
 169      5     23      1    365
 170      5     39      1    365
 171      3     80     60    304
 172      5     82     32    244
 173      5     15      1    365
 174      5   7792      1    365
 175      1     33      1    365
 176      3     48     60    304
 177      3    131     60    304
 178      3     40     60    304
 179      3     32     60    304
 180      3     19     60    304
 181      5     33      1    365
 182      3    953     60    304
 183      3    770     60    304
 184      3     26     60    304
 185      3     13     60    304
 186      3     33     60    304
 187      3     25     60    304
 188      3     41     60    304
 189      3   1799     60    304
 190      3    280     60    304
 191      3     95     60    304
 192      1    138     91    244
 193      1     20     91    244
 194      1     18      1    365
 195      3    202      1    365
 196      3     43     60    304
 197      3    226     60    304
 198      3    107     60    304
 199      5      3      1    365
 200      3    169     60    304
 201      5     10      1    365
 202      3     48     60    304
 203      5    182      1    365
 204      5     88      1    365
 205      5    285      1    365
 206      5     80      1    365
 207      5     70      1    365
 208      5     60      1    365
 209      3     28     60    304
 210      1     20     32    304
 211      5     51     91    161
 212      3    198     60    304
 213      3   1725     60    304
 214      3     16     60    304
 215      5     24     60    244
 216      1     23      1    365
 217      3    129     60    304
 218      5      8      1    365
 219      5     15      1    365
 220      3     31     60    304
 221      3    738      1    365
 222      5     82     60    244
 223      5      5      1    365
 224      5     73      1    365
 225      3    216     60    304
 226      3    107     60    304
 227      5    206      1    365
 228      5     33      1    365
 229      3     28     60    304
 230      3    488     60    304
 231      3    656     60    304
 232      3    292     60    304
 233      1    100      1    365
 234      3     19     60    273
 235      3    151     60    304
 236      5   2901      1    365
 237      5     65      1    365
 238      3    772     60    304
 239      3    265     60    304
 240      3     61     60    304
 241      5     26      1    365
 242      5     49      1    365
 243      1    124      1    365
 244      1     90      1    365
 245      1     94      1    365
 246      1     74      1    365
 247      5     57     60    213
 248      5     10      1    365
 249      5     46     60    244
 250      5   1527      1    365
 251      3    331     91    288
 252      5    261      1    365
 253      1     46      1    365
 254      3     25    105    273
 999      0      0      1    365
