   1      3     92     60    304
   2      3     71     60    304
   3      3     50     60    304
   4      3     19      1    365
   5      3   1284     60    304
   6      3   1719     60    304
   7      3   1605     60    304
   8      3      9      1    365
   9      3   3002     60    304
  10      3   2993     60    304
  11      3    535     60    304
  12      5    110      1    365
  13      5      2     60    182
  14      5     34     60    213
  15      5    110      1    365
  16      5     58     60    213
  17      5      1     91    365
  18      5    132     32    365
  19      5     33      1    365
  20      5     43     60    304
  21      5    152    121    244
  22      5    100     91    213
  23      5    583     60    274
  24      5      4     91    244
  25      5    206      1    258
  26      5    163     91    213
  27      5     12     91    244
  28      5     25     32    335
  29      5     48     60    244
  30      5    350     60    244
  31      1     41      1    365
  32      1     30      1    365
  33      1     64     60    213
  34      1     33     60    274
  35      1    139      1    365
  36      1    102      1    365
  37      1     17     60    244
  38      1     73      1    365
  39      1     28     32    244
  40      1     30      1    365
  41      1     98     32    244
  42      1    129     91    365
  43      1     62     60    365
  44      1     95     60    244
  45      1    119     91    244
  46      1     34     91    213
  47      1    144      1    274
  48      1     10     91    305
  49      1    170      1    258
  50      1     85     32    166
  51      1     46     60    166
  52      1     28      1    365
  53      1     44     60    293
  54      1     28     91    213
  55      1     64     60    152
  56      1    162     60    244
  57      1    127     60    304
  58      1    116     91    182
  59      1    109     60    182
  60      5     50      1    365
  61      5     91      1    365
  62      1    171      1    365
  63      5     36      1    365
  64      1      5      1    365
  65      1     39      1    365
  66      1    103      1    365
  67      1      7      1    365
  68      5     49      1    365
  69      5     17      1    365
  70      1     45      1    365
  71      1     52      1    365
  72      5     15      1    365
  73      1   2337      1    365
  74      3     44     60    304
  75      5     11      1    365
  76      1     78      1    365
  77      1     99      1    365
  78      1    170      1    365
  79      3     16     60    304
  80      1    177      1    365
  81      1    142      1    365
  82      3     29     60    304
  83      3      9     60    304
  84      5      6      1    365
  85      3      7     60    304
  86      3     14     60    304
  87      3     28     60    304
  88      3     18     60    304
  89      3     78     60    304
  90      3     53     60    304
  91      3     83     60    304
  92      1     61      1    365
  93      1     13      1    365
  94      3    248     60    304
  95      3    169     60    304
  96      1     64      1    365
  97      1      8      1    365
  98      3    144     60    304
  99      3    134     60    304
 100      3     24     60    304
 101      1    120      1    365
 102      1     99      1    365
 103      1    134      1    365
 104      1     43      1    365
 105      3     14     60    304
 106      3    142     60    304
 107      3     97     60    304
 108      3    132     60    304
 109      3     58     60    304
 110      3      7     60    304
 111      3     69     60    304
 112      1     37     60    244
 113      5     35      1    365
 114      3     85     60    304
 115      3     43     60    304
 116      3     49     60    304
 117      5    782      1    365
 118      3     10     60    304
 119      3     90     60    304
 120      3      1     60    304
 121      3      1     60    304
 122      3    485     60    304
 123      3     59     60    304
 124      3    818     60    304
 125      3    378     60    304
 126      3     49     60    304
 127      3    332     60    304
 128      3    481     60    304
 129      3    435     60    304
 130      3    535     60    304
 131      5     20      1    365
 132      3    183     60    304
 133      3     74     60    304
 134      3      9     60    304
 135      3     57     60    304
 136      3     40     60    304
 137      5     38      1    196
 138      5     21      1    365
 139      3     13     60    304
 140      3    171     60    304
 141      3     96     60    304
 142      3    647     60    304
 143      3    441     60    304
 144      3    123     60    304
 145      3     12     60    304
 146      5    233      1    365
 147      3    453     60    304
 148      3    148     60    304
 149      3     25     60    304
 150      1     18      1    365
 151      1     46      1    365
 152      1     63      1    365
 153      3     35     60    304
 154      3     18     60    304
 155      5     50      1    365
 156      1    220      1    365
 157      1    108      1    365
 158      3    148     60    304
 159      5   2639      1    365
 160      5  10561      1    365
 161      5   3741      1    365
 162      1   1017      1    365
 163      1    524      1    365
 164      5      5      1    365
 165      5     70      1    365
 166      1     74     91    258
 167      5      7     60    274
 168      5     82     32    244
 169      5     21      1    365
 170      5     36      1    365
 171      3    126     60    304
 172      5     76     32    244
 173      5     11      1    365
 174      5   7250      1    365
 175      1     23      1    365
 176      3     57     60    304
 177      3     93     60    304
 178      3     63     60    304
 179      3     32     60    304
 180      3     30     60    304
 181      5     31      1    365
 182      3   1129     60    304
 183      3    770     60    304
 184      3     19     60    304
 185      3     13     60    304
 186      3     33     60    304
 187      3     29     60    304
 188      3     65     60    304
 189      3   2133     60    304
 190      3    332     60    304
 191      3    113     60    304
 192      1    155     91    244
 193      1     23     91    244
 194      1     20      1    365
 195      3    317      1    365
 196      3     67     60    304
 197      3    268     60    304
 198      3     76     60    304
 199      5      3      1    365
 200      3    120     60    304
 201      5     10      1    365
 202      3     34     60    304
 203      5    170      1    365
 204      5     82      1    365
 205      5    265      1    365
 206      5     74      1    365
 207      5     70      1    365
 208      5     56      1    365
 209      3     20     60    304
 210      1     23     32    304
 211      5     38     91    161
 212      3    140     60    304
 213      3   1219     60    304
 214      3     19     60    304
 215      5     22     60    244
 216      1     26      1    365
 217      3     91     60    304
 218      5      6      1    365
 219      5     11      1    365
 220      3     37     60    304
 221      3    735      1    365
 222      5     62     60    244
 223      5      4      1    365
 224      5     55      1    365
 225      3    152     60    304
 226      3    107     60    304
 227      5    192      1    365
 228      5     31      1    365
 229      3     20     60    304
 230      3    485     60    304
 231      3   1030     60    304
 232      3    290     60    304
 233      1    112      1    365
 234      3     22     60    273
 235      3    236     60    304
 236      5   1027      1    365
 237      5     49      1    365
 238      3    768     60    304
 239      3    263     60    304
 240      3     61     60    304
 241      5     24      1    365
 242      5     46      1    365
 243      1    139      1    365
 244      1    101      1    365
 245      1    105      1    365
 246      1     74      1    365
 247      5     43     60    213
 248      5      7      1    365
 249      5     34     60    244
 250      5   1841      1    365
 251      3    329     91    288
 252      5    197      1    365
 253      1     51      1    365
 254      3     29    105    273
 999      0      0      1    365
