   1      3     83     60    304
   2      3    111     60    304
   3      3     50     60    304
   4      3     17      1    365
   5      3   1461     60    304
   6      3   1956     60    304
   7      3   1605     60    304
   8      3     13      1    365
   9      3   3416     60    304
  10      3   3405     60    304
  11      3    417     60    304
  12      5    107      1    365
  13      5      6     60    182
  14      5     33     60    213
  15      5    107      1    365
  16      5      5     60    213
  17      5      3     91    365
  18      5    128     32    365
  19      5     32      1    365
  20      5    109     60    304
  21      5     13    121    244
  22      5    115     91    213
  23      5     50     60    274
  24      5      9     91    244
  25      5    200      1    258
  26      5     14     91    213
  27      5      1     91    244
  28      5     25     32    335
  29      5     46     60    244
  30      5     30     60    244
  31      1     63      1    365
  32      1     46      1    365
  33      1     98     60    213
  34      1     50     60    274
  35      1    214      1    365
  36      1    158      1    365
  37      1     26     60    244
  38      1    112      1    365
  39      1     44     32    244
  40      1     46      1    365
  41      1    151     32    244
  42      1    163     91    365
  43      1     78     60    365
  44      1    121     60    244
  45      1    150     91    244
  46      1     42     91    213
  47      1    183      1    274
  48      1     13     91    305
  49      1    215      1    258
  50      1    108     32    166
  51      1     59     60    166
  52      1     36      1    365
  53      1     55     60    293
  54      1     36     91    213
  55      1     82     60    152
  56      1    205     60    244
  57      1     60     60    304
  58      1    147     91    182
  59      1    168     60    182
  60      5     48      1    365
  61      5    229      1    365
  62      1    263      1    365
  63      5     90      1    365
  64      1      7      1    365
  65      1     49      1    365
  66      1    130      1    365
  67      1     11      1    365
  68      5    124      1    365
  69      5     43      1    365
  70      1     70      1    365
  71      1     65      1    365
  72      5     37      1    365
  73      1   1946      1    365
  74      3     39     60    304
  75      5     28      1    365
  76      1     36      1    365
  77      1     46      1    365
  78      1     79      1    365
  79      3     25     60    304
  80      1     83      1    365
  81      1     66      1    365
  82      3     26     60    304
  83      3      8     60    304
  84      5     16      1    365
  85      3     11     60    304
  86      3     22     60    304
  87      3     21     60    304
  88      3     16     60    304
  89      3     70     60    304
  90      3     53     60    304
  91      3    129     60    304
  92      1     94      1    365
  93      1     20      1    365
  94      3    222     60    304
  95      3    169     60    304
  96      1     82      1    365
  97      1     10      1    365
  98      3    112     60    304
  99      3    104     60    304
 100      3     27     60    304
 101      1     56      1    365
 102      1     46      1    365
 103      1     63      1    365
 104      1     66      1    365
 105      3     11     60    304
 106      3    127     60    304
 107      3     97     60    304
 108      3     91     60    304
 109      3     40     60    304
 110      3      7     60    304
 111      3     54     60    304
 112      1     57     60    244
 113      5      3      1    365
 114      3     66     60    304
 115      3     43     60    304
 116      3     38     60    304
 117      5     67      1    365
 118      3      9     60    304
 119      3     63     60    304
 120      3      2     60    304
 121      3      1     60    304
 122      3    336     60    304
 123      3     59     60    304
 124      3    931     60    304
 125      3    294     60    304
 126      3     34     60    304
 127      3    519     60    304
 128      3    547     60    304
 129      3    495     60    304
 130      3    417     60    304
 131      5     50      1    365
 132      3    164     60    304
 133      3     51     60    304
 134      3     13     60    304
 135      3     89     60    304
 136      3     40     60    304
 137      5     37      1    196
 138      5     21      1    365
 139      3     12     60    304
 140      3    195     60    304
 141      3    110     60    304
 142      3    579     60    304
 143      3    441     60    304
 144      3     85     60    304
 145      3     13     60    304
 146      5     20      1    365
 147      3    708     60    304
 148      3    103     60    304
 149      3     17     60    304
 150      1     23      1    365
 151      1     59      1    365
 152      1     96      1    365
 153      3     28     60    304
 154      3     18     60    304
 155      5     48      1    365
 156      1    339      1    365
 157      1    137      1    365
 158      3    103     60    304
 159      5   2565      1    365
 160      5  10265      1    365
 161      5   3636      1    365
 162      1   1564      1    365
 163      1    245      1    365
 164      5      5      1    365
 165      5      6      1    365
 166      1    114     91    258
 167      5      7     60    274
 168      5     79     32    244
 169      5     21      1    365
 170      5     35      1    365
 171      3     98     60    304
 172      5     74     32    244
 173      5     28      1    365
 174      5   7048      1    365
 175      1     29      1    365
 176      3     51     60    304
 177      3    145     60    304
 178      3     49     60    304
 179      3     32     60    304
 180      3     23     60    304
 181      5     30      1    365
 182      3   1011     60    304
 183      3    770     60    304
 184      3     29     60    304
 185      3     13     60    304
 186      3     23     60    304
 187      3     26     60    304
 188      3     51     60    304
 189      3   1910     60    304
 190      3    297     60    304
 191      3    101     60    304
 192      1    238     91    244
 193      1     35     91    244
 194      1     31      1    365
 195      3    247      1    365
 196      3     52     60    304
 197      3    240     60    304
 198      3    118     60    304
 199      5      3      1    365
 200      3    187     60    304
 201      5      9      1    365
 202      3     53     60    304
 203      5    165      1    365
 204      5     79      1    365
 205      5    258      1    365
 206      5     72      1    365
 207      5     70      1    365
 208      5     55      1    365
 209      3     31     60    304
 210      1     35     32    304
 211      5     96     91    161
 212      3    218     60    304
 213      3   1907     60    304
 214      3     17     60    304
 215      5     22     60    244
 216      1     39      1    365
 217      3    143     60    304
 218      5     16      1    365
 219      5     28      1    365
 220      3     33     60    304
 221      3    836      1    365
 222      5    155     60    244
 223      5      9      1    365
 224      5    140      1    365
 225      3    238     60    304
 226      3    107     60    304
 227      5    187      1    365
 228      5     30      1    365
 229      3     31     60    304
 230      3    336     60    304
 231      3    801     60    304
 232      3    330     60    304
 233      1    173      1    365
 234      3     20     60    273
 235      3    184     60    304
 236      5   1173      1    365
 237      5    124      1    365
 238      3    874     60    304
 239      3    300     60    304
 240      3     69     60    304
 241      5     24      1    365
 242      5     44      1    365
 243      1    214      1    365
 244      1    155      1    365
 245      1    162      1    365
 246      1     74      1    365
 247      5    109     60    213
 248      5     19      1    365
 249      5     87     60    244
 250      5   1062      1    365
 251      3    228     91    288
 252      5    496      1    365
 253      1     79      1    365
 254      3     26    105    273
 999      0      0      1    365
