   1      3     79     60    304
   2      3     74     60    304
   3      3     50     60    304
   4      3     16      1    365
   5      3   1365     60    304
   6      3   1828     60    304
   7      3   1605     60    304
   8      3      9      1    365
   9      3   3192     60    304
  10      3   3182     60    304
  11      3    404     60    304
  12      5    114      1    365
  13      5      9     60    182
  14      5     35     60    213
  15      5    114      1    365
  16      5     56     60    213
  17      5      4     91    365
  18      5    136     32    365
  19      5     34      1    365
  20      5    153     60    304
  21      5    145    121    244
  22      5     21     91    213
  23      5    558     60    274
  24      5     13     91    244
  25      5    212      1    258
  26      5    156     91    213
  27      5     11     91    244
  28      5     26     32    335
  29      5     49     60    244
  30      5    335     60    244
  31      1     37      1    365
  32      1     27      1    365
  33      1     58     60    213
  34      1     29     60    274
  35      1    126      1    365
  36      1     92      1    365
  37      1     15     60    244
  38      1     65      1    365
  39      1     26     32    244
  40      1     27      1    365
  41      1     88     32    244
  42      1    213     91    365
  43      1    102     60    365
  44      1    158     60    244
  45      1    196     91    244
  46      1     55     91    213
  47      1    238      1    274
  48      1     17     91    305
  49      1    281      1    258
  50      1    140     32    166
  51      1     77     60    166
  52      1     47      1    365
  53      1     72     60    293
  54      1     47     91    213
  55      1    106     60    152
  56      1    268     60    244
  57      1    155     60    304
  58      1    192     91    182
  59      1     99     60    182
  60      5     51      1    365
  61      5    324      1    365
  62      1    154      1    365
  63      5    127      1    365
  64      1      9      1    365
  65      1     64      1    365
  66      1    170      1    365
  67      1      6      1    365
  68      5    175      1    365
  69      5     61      1    365
  70      1     41      1    365
  71      1     85      1    365
  72      5     53      1    365
  73      1   1749      1    365
  74      3     38     60    304
  75      5     39      1    365
  76      1     95      1    365
  77      1    121      1    365
  78      1    207      1    365
  79      3     16     60    304
  80      1    215      1    365
  81      1    172      1    365
  82      3     25     60    304
  83      3      8     60    304
  84      5     22      1    365
  85      3      7     60    304
  86      3     15     60    304
  87      3     21     60    304
  88      3     15     60    304
  89      3     66     60    304
  90      3     53     60    304
  91      3     85     60    304
  92      1     55      1    365
  93      1     12      1    365
  94      3    211     60    304
  95      3    169     60    304
  96      1    106      1    365
  97      1     13      1    365
  98      3    108     60    304
  99      3    101     60    304
 100      3     25     60    304
 101      1    146      1    365
 102      1    121      1    365
 103      1    164      1    365
 104      1     38      1    365
 105      3     10     60    304
 106      3    121     60    304
 107      3     97     60    304
 108      3     60     60    304
 109      3     26     60    304
 110      3      7     60    304
 111      3     52     60    304
 112      1     33     60    244
 113      5     33      1    365
 114      3     64     60    304
 115      3     43     60    304
 116      3     37     60    304
 117      5    748      1    365
 118      3      9     60    304
 119      3     41     60    304
 120      3      1     60    304
 121      3      1     60    304
 122      3    221     60    304
 123      3     59     60    304
 124      3    870     60    304
 125      3    285     60    304
 126      3     22     60    304
 127      3    343     60    304
 128      3    511     60    304
 129      3    462     60    304
 130      3    404     60    304
 131      5     70      1    365
 132      3    156     60    304
 133      3     34     60    304
 134      3      9     60    304
 135      3     59     60    304
 136      3     40     60    304
 137      5     39      1    196
 138      5     22      1    365
 139      3     11     60    304
 140      3    182     60    304
 141      3    102     60    304
 142      3    551     60    304
 143      3    441     60    304
 144      3     56     60    304
 145      3     13     60    304
 146      5    223      1    365
 147      3    468     60    304
 148      3     67     60    304
 149      3     11     60    304
 150      1     30      1    365
 151      1     77      1    365
 152      1     56      1    365
 153      3     27     60    304
 154      3     18     60    304
 155      5     51      1    365
 156      1    199      1    365
 157      1    179      1    365
 158      3     67     60    304
 159      5   2724      1    365
 160      5  10900      1    365
 161      5   3861      1    365
 162      1    917      1    365
 163      1    637      1    365
 164      5      5      1    365
 165      5     67      1    365
 166      1     67     91    258
 167      5      8     60    274
 168      5     84     32    244
 169      5     22      1    365
 170      5     37      1    365
 171      3     95     60    304
 172      5     79     32    244
 173      5     39      1    365
 174      5   7483      1    365
 175      1     38      1    365
 176      3     49     60    304
 177      3     96     60    304
 178      3     48     60    304
 179      3     32     60    304
 180      3     22     60    304
 181      5     32      1    365
 182      3    963     60    304
 183      3    770     60    304
 184      3     19     60    304
 185      3     13     60    304
 186      3     15     60    304
 187      3     25     60    304
 188      3     49     60    304
 189      3   1818     60    304
 190      3    283     60    304
 191      3     96     60    304
 192      1    140     91    244
 193      1     21     91    244
 194      1     18      1    365
 195      3    239      1    365
 196      3     50     60    304
 197      3    229     60    304
 198      3     78     60    304
 199      5      3      1    365
 200      3    124     60    304
 201      5     10      1    365
 202      3     35     60    304
 203      5    175      1    365
 204      5     84      1    365
 205      5    274      1    365
 206      5     77      1    365
 207      5     70      1    365
 208      5     58      1    365
 209      3     21     60    304
 210      1     21     32    304
 211      5    136     91    161
 212      3    144     60    304
 213      3   1261     60    304
 214      3     16     60    304
 215      5     23     60    244
 216      1     23      1    365
 217      3     94     60    304
 218      5     22      1    365
 219      5     39      1    365
 220      3     31     60    304
 221      3    781      1    365
 222      5    219     60    244
 223      5     13      1    365
 224      5    197      1    365
 225      3    158     60    304
 226      3    107     60    304
 227      5    198      1    365
 228      5     32      1    365
 229      3     21     60    304
 230      3    221     60    304
 231      3    776     60    304
 232      3    309     60    304
 233      1    101      1    365
 234      3     19     60    273
 235      3    178     60    304
 236      5    216      1    365
 237      5    175      1    365
 238      3    817     60    304
 239      3    280     60    304
 240      3     65     60    304
 241      5     25      1    365
 242      5     47      1    365
 243      1    126      1    365
 244      1     91      1    365
 245      1     95      1    365
 246      1     74      1    365
 247      5    153     60    213
 248      5     26      1    365
 249      5    123     60    244
 250      5   1342      1    365
 251      3    150     91    288
 252      5    701      1    365
 253      1     46      1    365
 254      3     25    105    273
 999      0      0      1    365
