   1      3     95     60    304
   2      3    102     60    304
   3      3     50     60    304
   4      3     20      1    365
   5      3   1227     60    304
   6      3   1642     60    304
   7      3   1605     60    304
   8      3     12      1    365
   9      3   2868     60    304
  10      3   2858     60    304
  11      3    376     60    304
  12      5    109      1    365
  13      5      4     60    182
  14      5     33     60    213
  15      5    109      1    365
  16      5     10     60    213
  17      5      2     91    365
  18      5    130     32    365
  19      5     32      1    365
  20      5     70     60    304
  21      5     25    121    244
  22      5    204     91    213
  23      5     98     60    274
  24      5      6     91    244
  25      5    203      1    258
  26      5     27     91    213
  27      5      2     91    244
  28      5     25     32    335
  29      5     47     60    244
  30      5     59     60    244
  31      1     45      1    365
  32      1     32      1    365
  33      1     69     60    213
  34      1     35     60    274
  35      1    150      1    365
  36      1    111      1    365
  37      1     18     60    244
  38      1     78      1    365
  39      1     31     32    244
  40      1     32      1    365
  41      1    106     32    244
  42      1    217     91    365
  43      1    104     60    365
  44      1    161     60    244
  45      1    200     91    244
  46      1     56     91    213
  47      1    243      1    274
  48      1     17     91    305
  49      1    287      1    258
  50      1    143     32    166
  51      1     78     60    166
  52      1     48      1    365
  53      1     74     60    293
  54      1     48     91    213
  55      1    109     60    152
  56      1    274     60    244
  57      1    191     60    304
  58      1    195     91    182
  59      1    118     60    182
  60      5     49      1    365
  61      5    147      1    365
  62      1    184      1    365
  63      5     58      1    365
  64      1      9      1    365
  65      1     65      1    365
  66      1    174      1    365
  67      1      8      1    365
  68      5     80      1    365
  69      5     28      1    365
  70      1     49      1    365
  71      1     87      1    365
  72      5     24      1    365
  73      1    920      1    365
  74      3     45     60    304
  75      5     18      1    365
  76      1    117      1    365
  77      1    148      1    365
  78      1    254      1    365
  79      3     23     60    304
  80      1    265      1    365
  81      1    212      1    365
  82      3     30     60    304
  83      3      9     60    304
  84      5     10      1    365
  85      3     10     60    304
  86      3     20     60    304
  87      3     19     60    304
  88      3     18     60    304
  89      3     80     60    304
  90      3     53     60    304
  91      3    119     60    304
  92      1     66      1    365
  93      1     14      1    365
  94      3    256     60    304
  95      3    169     60    304
  96      1    109      1    365
  97      1     13      1    365
  98      3    101     60    304
  99      3     94     60    304
 100      3     23     60    304
 101      1    180      1    365
 102      1    148      1    365
 103      1    201      1    365
 104      1     46      1    365
 105      3     10     60    304
 106      3    147     60    304
 107      3     97     60    304
 108      3    112     60    304
 109      3     49     60    304
 110      3      7     60    304
 111      3     48     60    304
 112      1     40     60    244
 113      5      6      1    365
 114      3     59     60    304
 115      3     43     60    304
 116      3     35     60    304
 117      5    131      1    365
 118      3     11     60    304
 119      3     77     60    304
 120      3      2     60    304
 121      3      1     60    304
 122      3    411     60    304
 123      3     59     60    304
 124      3    782     60    304
 125      3    265     60    304
 126      3     42     60    304
 127      3    478     60    304
 128      3    459     60    304
 129      3    415     60    304
 130      3    376     60    304
 131      5     32      1    365
 132      3    189     60    304
 133      3     63     60    304
 134      3     12     60    304
 135      3     82     60    304
 136      3     40     60    304
 137      5     38      1    196
 138      5     21      1    365
 139      3     14     60    304
 140      3    164     60    304
 141      3     92     60    304
 142      3    668     60    304
 143      3    441     60    304
 144      3    105     60    304
 145      3     11     60    304
 146      5     39      1    365
 147      3    652     60    304
 148      3    125     60    304
 149      3     21     60    304
 150      1     30      1    365
 151      1     78      1    365
 152      1     68      1    365
 153      3     25     60    304
 154      3     18     60    304
 155      5     49      1    365
 156      1    238      1    365
 157      1    182      1    365
 158      3    125     60    304
 159      5   2602      1    365
 160      5  10414      1    365
 161      5   3689      1    365
 162      1   1098      1    365
 163      1    784      1    365
 164      5      5      1    365
 165      5     12      1    365
 166      1     80     91    258
 167      5      7     60    274
 168      5     81     32    244
 169      5     21      1    365
 170      5     36      1    365
 171      3     88     60    304
 172      5     75     32    244
 173      5     18      1    365
 174      5   7150      1    365
 175      1     39      1    365
 176      3     59     60    304
 177      3    133     60    304
 178      3     44     60    304
 179      3     32     60    304
 180      3     21     60    304
 181      5     30      1    365
 182      3   1166     60    304
 183      3    770     60    304
 184      3     27     60    304
 185      3     13     60    304
 186      3     28     60    304
 187      3     30     60    304
 188      3     46     60    304
 189      3   2202     60    304
 190      3    342     60    304
 191      3    117     60    304
 192      1    167     91    244
 193      1     25     91    244
 194      1     21      1    365
 195      3    222      1    365
 196      3     47     60    304
 197      3    277     60    304
 198      3    109     60    304
 199      5      3      1    365
 200      3    172     60    304
 201      5      9      1    365
 202      3     49     60    304
 203      5    167      1    365
 204      5     81      1    365
 205      5    261      1    365
 206      5     73      1    365
 207      5     70      1    365
 208      5     55      1    365
 209      3     29     60    304
 210      1     25     32    304
 211      5     62     91    161
 212      3    201     60    304
 213      3   1755     60    304
 214      3     20     60    304
 215      5     22     60    244
 216      1     28      1    365
 217      3    131     60    304
 218      5     10      1    365
 219      5     18      1    365
 220      3     38     60    304
 221      3    702      1    365
 222      5     99     60    244
 223      5      6      1    365
 224      5     90      1    365
 225      3    219     60    304
 226      3    107     60    304
 227      5    189      1    365
 228      5     30      1    365
 229      3     29     60    304
 230      3    411     60    304
 231      3    723     60    304
 232      3    277     60    304
 233      1    121      1    365
 234      3     23     60    273
 235      3    166     60    304
 236      5   2085      1    365
 237      5     80      1    365
 238      3    734     60    304
 239      3    252     60    304
 240      3     58     60    304
 241      5     24      1    365
 242      5     45      1    365
 243      1    150      1    365
 244      1    109      1    365
 245      1    114      1    365
 246      1     74      1    365
 247      5     70     60    213
 248      5     12      1    365
 249      5     56     60    244
 250      5   2235      1    365
 251      3    279     91    288
 252      5    318      1    365
 253      1     55      1    365
 254      3     30    105    273
 999      0      0      1    365
