   1      3    105     60    304
   2      3     51     60    304
   3      3     50     60    304
   4      3     22      1    365
   5      3   1364     60    304
   6      3   1826     60    304
   7      3   1605     60    304
   8      3      6      1    365
   9      3   3189     60    304
  10      3   3179     60    304
  11      3    527     60    304
  12      5    111      1    365
  13      5      7     60    182
  14      5     34     60    213
  15      5    111      1    365
  16      5     11     60    213
  17      5      4     91    365
  18      5    133     32    365
  19      5     33      1    365
  20      5    130     60    304
  21      5     28    121    244
  22      5     39     91    213
  23      5    107     60    274
  24      5     11     91    244
  25      5    208      1    258
  26      5     30     91    213
  27      5      2     91    244
  28      5     26     32    335
  29      5     48     60    244
  30      5     64     60    244
  31      1     55      1    365
  32      1     40      1    365
  33      1     85     60    213
  34      1     44     60    274
  35      1    186      1    365
  36      1    136      1    365
  37      1     23     60    244
  38      1     97      1    365
  39      1     38     32    244
  40      1     40      1    365
  41      1    131     32    244
  42      1    102     91    365
  43      1     49     60    365
  44      1     76     60    244
  45      1     94     91    244
  46      1     27     91    213
  47      1    114      1    274
  48      1      8     91    305
  49      1    135      1    258
  50      1     67     32    166
  51      1     37     60    166
  52      1     22      1    365
  53      1     35     60    293
  54      1     22     91    213
  55      1     51     60    152
  56      1    129     60    244
  57      1    157     60    304
  58      1     92     91    182
  59      1    146     60    182
  60      5     50      1    365
  61      5    276      1    365
  62      1    227      1    365
  63      5    108      1    365
  64      1      4      1    365
  65      1     31      1    365
  66      1     82      1    365
  67      1      9      1    365
  68      5    149      1    365
  69      5     52      1    365
  70      1     61      1    365
  71      1     41      1    365
  72      5     45      1    365
  73      1    879      1    365
  74      3     50     60    304
  75      5     34      1    365
  76      1     96      1    365
  77      1    122      1    365
  78      1    209      1    365
  79      3     11     60    304
  80      1    218      1    365
  81      1    174      1    365
  82      3     33     60    304
  83      3     10     60    304
  84      5     19      1    365
  85      3      5     60    304
  86      3     10     60    304
  87      3     27     60    304
  88      3     20     60    304
  89      3     88     60    304
  90      3     53     60    304
  91      3     59     60    304
  92      1     81      1    365
  93      1     17      1    365
  94      3    281     60    304
  95      3    169     60    304
  96      1     51      1    365
  97      1      6      1    365
  98      3    141     60    304
  99      3    132     60    304
 100      3     25     60    304
 101      1    148      1    365
 102      1    122      1    365
 103      1    165      1    365
 104      1     57      1    365
 105      3     14     60    304
 106      3    161     60    304
 107      3     97     60    304
 108      3    120     60    304
 109      3     52     60    304
 110      3      7     60    304
 111      3     68     60    304
 112      1     49     60    244
 113      5      6      1    365
 114      3     83     60    304
 115      3     43     60    304
 116      3     48     60    304
 117      5    143      1    365
 118      3     12     60    304
 119      3     82     60    304
 120      3      1     60    304
 121      3      1     60    304
 122      3    442     60    304
 123      3     59     60    304
 124      3    869     60    304
 125      3    372     60    304
 126      3     45     60    304
 127      3    237     60    304
 128      3    511     60    304
 129      3    462     60    304
 130      3    527     60    304
 131      5     60      1    365
 132      3    208     60    304
 133      3     67     60    304
 134      3      6     60    304
 135      3     41     60    304
 136      3     40     60    304
 137      5     39      1    196
 138      5     21      1    365
 139      3     15     60    304
 140      3    182     60    304
 141      3    102     60    304
 142      3    733     60    304
 143      3    441     60    304
 144      3    112     60    304
 145      3     13     60    304
 146      5     43      1    365
 147      3    324     60    304
 148      3    135     60    304
 149      3     22     60    304
 150      1     14      1    365
 151      1     37      1    365
 152      1     83      1    365
 153      3     35     60    304
 154      3     18     60    304
 155      5     50      1    365
 156      1    294      1    365
 157      1     86      1    365
 158      3    135     60    304
 159      5   2667      1    365
 160      5  10674      1    365
 161      5   3781      1    365
 162      1   1354      1    365
 163      1    644      1    365
 164      5      5      1    365
 165      5     13      1    365
 166      1     99     91    258
 167      5      8     60    274
 168      5     83     32    244
 169      5     21      1    365
 170      5     36      1    365
 171      3    124     60    304
 172      5     77     32    244
 173      5     34      1    365
 174      5   7328      1    365
 175      1     18      1    365
 176      3     65     60    304
 177      3     66     60    304
 178      3     62     60    304
 179      3     32     60    304
 180      3     29     60    304
 181      5     31      1    365
 182      3   1279     60    304
 183      3    770     60    304
 184      3     13     60    304
 185      3     13     60    304
 186      3     30     60    304
 187      3     33     60    304
 188      3     64     60    304
 189      3   2415     60    304
 190      3    375     60    304
 191      3    128     60    304
 192      1    206     91    244
 193      1     30     91    244
 194      1     27      1    365
 195      3    312      1    365
 196      3     66     60    304
 197      3    304     60    304
 198      3     54     60    304
 199      5      3      1    365
 200      3     86     60    304
 201      5     10      1    365
 202      3     24     60    304
 203      5    172      1    365
 204      5     83      1    365
 205      5    268      1    365
 206      5     75      1    365
 207      5     70      1    365
 208      5     57      1    365
 209      3     14     60    304
 210      1     30     32    304
 211      5    115     91    161
 212      3    100     60    304
 213      3    872     60    304
 214      3     22     60    304
 215      5     23     60    244
 216      1     34      1    365
 217      3     65     60    304
 218      5     19      1    365
 219      5     34      1    365
 220      3     42     60    304
 221      3    781      1    365
 222      5    186     60    244
 223      5     11      1    365
 224      5    168      1    365
 225      3    109     60    304
 226      3    107     60    304
 227      5    194      1    365
 228      5     31      1    365
 229      3     14     60    304
 230      3    442     60    304
 231      3   1013     60    304
 232      3    308     60    304
 233      1    150      1    365
 234      3     25     60    273
 235      3    232     60    304
 236      5    395      1    365
 237      5    149      1    365
 238      3    816     60    304
 239      3    280     60    304
 240      3     65     60    304
 241      5     25      1    365
 242      5     46      1    365
 243      1    186      1    365
 244      1    134      1    365
 245      1    140      1    365
 246      1     74      1    365
 247      5    130     60    213
 248      5     22      1    365
 249      5    104     60    244
 250      5   2504      1    365
 251      3    300     91    288
 252      5    596      1    365
 253      1     68      1    365
 254      3     33    105    273
 999      0      0      1    365
