   1      3     70     60    304
   2      3     70     60    304
   3      3     50     60    304
   4      3     15      1    365
   5      3   1285     60    304
   6      3   1720     60    304
   7      3   1605     60    304
   8      3      8      1    365
   9      3   3003     60    304
  10      3   2994     60    304
  11      3    317     60    304
  12      5    116      1    365
  13      5     12     60    182
  14      5     36     60    213
  15      5    116      1    365
  16      5    117     60    213
  17      5      6     91    365
  18      5    139     32    365
  19      5     35      1    365
  20      5    214     60    304
  21      5    305    121    244
  22      5    149     91    213
  23      5   1172     60    274
  24      5     18     91    244
  25      5    217      1    258
  26      5    328     91    213
  27      5     23     91    244
  28      5     27     32    335
  29      5     50     60    244
  30      5    703     60    244
  31      1     43      1    365
  32      1     31      1    365
  33      1     67     60    213
  34      1     34     60    274
  35      1    147      1    365
  36      1    108      1    365
  37      1     18     60    244
  38      1     76      1    365
  39      1     30     32    244
  40      1     31      1    365
  41      1    103     32    244
  42      1     83     91    365
  43      1     40     60    365
  44      1     62     60    244
  45      1     77     91    244
  46      1     22     91    213
  47      1     93      1    274
  48      1      7     91    305
  49      1    110      1    258
  50      1     55     32    166
  51      1     30     60    166
  52      1     18      1    365
  53      1     28     60    293
  54      1     18     91    213
  55      1     42     60    152
  56      1    105     60    244
  57      1     71     60    304
  58      1     75     91    182
  59      1    115     60    182
  60      5     53      1    365
  61      5    452      1    365
  62      1    180      1    365
  63      5    177      1    365
  64      1      3      1    365
  65      1     25      1    365
  66      1     67      1    365
  67      1      7      1    365
  68      5    244      1    365
  69      5     86      1    365
  70      1     48      1    365
  71      1     33      1    365
  72      5     73      1    365
  73      1   1648      1    365
  74      3     33     60    304
  75      5     55      1    365
  76      1     43      1    365
  77      1     55      1    365
  78      1     95      1    365
  79      3     15     60    304
  80      1     99      1    365
  81      1     79      1    365
  82      3     22     60    304
  83      3      7     60    304
  84      5     31      1    365
  85      3      7     60    304
  86      3     14     60    304
  87      3     16     60    304
  88      3     13     60    304
  89      3     59     60    304
  90      3     53     60    304
  91      3     81     60    304
  92      1     64      1    365
  93      1     13      1    365
  94      3    189     60    304
  95      3    169     60    304
  96      1     42      1    365
  97      1      5      1    365
  98      3     85     60    304
  99      3     79     60    304
 100      3     24     60    304
 101      1     67      1    365
 102      1     55      1    365
 103      1     75      1    365
 104      1     45      1    365
 105      3      8     60    304
 106      3    108     60    304
 107      3     97     60    304
 108      3     49     60    304
 109      3     22     60    304
 110      3      7     60    304
 111      3     41     60    304
 112      1     39     60    244
 113      5     70      1    365
 114      3     50     60    304
 115      3     43     60    304
 116      3     29     60    304
 117      5   1570      1    365
 118      3      8     60    304
 119      3     34     60    304
 120      3      1     60    304
 121      3      1     60    304
 122      3    182     60    304
 123      3     59     60    304
 124      3    819     60    304
 125      3    224     60    304
 126      3     19     60    304
 127      3    327     60    304
 128      3    481     60    304
 129      3    435     60    304
 130      3    317     60    304
 131      5     98      1    365
 132      3    139     60    304
 133      3     28     60    304
 134      3      8     60    304
 135      3     56     60    304
 136      3     40     60    304
 137      5     40      1    196
 138      5     22      1    365
 139      3     10     60    304
 140      3    171     60    304
 141      3     96     60    304
 142      3    492     60    304
 143      3    441     60    304
 144      3     46     60    304
 145      3     12     60    304
 146      5    469      1    365
 147      3    447     60    304
 148      3     56     60    304
 149      3      9     60    304
 150      1     12      1    365
 151      1     30      1    365
 152      1     66      1    365
 153      3     21     60    304
 154      3     18     60    304
 155      5     53      1    365
 156      1    232      1    365
 157      1     70      1    365
 158      3     56     60    304
 159      5   2782      1    365
 160      5  11133      1    365
 161      5   3944      1    365
 162      1   1071      1    365
 163      1    292      1    365
 164      5      6      1    365
 165      5    141      1    365
 166      1     78     91    258
 167      5      8     60    274
 168      5     86     32    244
 169      5     22      1    365
 170      5     38      1    365
 171      3     75     60    304
 172      5     81     32    244
 173      5     55      1    365
 174      5   7644      1    365
 175      1     15      1    365
 176      3     44     60    304
 177      3     91     60    304
 178      3     37     60    304
 179      3     32     60    304
 180      3     17     60    304
 181      5     32      1    365
 182      3    859     60    304
 183      3    770     60    304
 184      3     18     60    304
 185      3     13     60    304
 186      3     12     60    304
 187      3     22     60    304
 188      3     38     60    304
 189      3   1623     60    304
 190      3    252     60    304
 191      3     86     60    304
 192      1    163     91    244
 193      1     24     91    244
 194      1     21      1    365
 195      3    188      1    365
 196      3     40     60    304
 197      3    204     60    304
 198      3     74     60    304
 199      5      3      1    365
 200      3    118     60    304
 201      5     10      1    365
 202      3     34     60    304
 203      5    179      1    365
 204      5     86      1    365
 205      5    280      1    365
 206      5     78      1    365
 207      5     70      1    365
 208      5     59      1    365
 209      3     20     60    304
 210      1     24     32    304
 211      5    189     91    161
 212      3    138     60    304
 213      3   1203     60    304
 214      3     15     60    304
 215      5     23     60    244
 216      1     27      1    365
 217      3     90     60    304
 218      5     31      1    365
 219      5     55      1    365
 220      3     28     60    304
 221      3    735      1    365
 222      5    306     60    244
 223      5     18      1    365
 224      5    275      1    365
 225      3    150     60    304
 226      3    107     60    304
 227      5    202      1    365
 228      5     32      1    365
 229      3     20     60    304
 230      3    182     60    304
 231      3    609     60    304
 232      3    290     60    304
 233      1    118      1    365
 234      3     17     60    273
 235      3    140     60    304
 236      5   1521      1    365
 237      5    244      1    365
 238      3    768     60    304
 239      3    264     60    304
 240      3     61     60    304
 241      5     26      1    365
 242      5     48      1    365
 243      1    147      1    365
 244      1    106      1    365
 245      1    111      1    365
 246      1     74      1    365
 247      5    214     60    213
 248      5     37      1    365
 249      5    171     60    244
 250      5    452      1    365
 251      3    123     91    288
 252      5    978      1    365
 253      1     54      1    365
 254      3     22    105    273
 999      0      0      1    365
