   1      3     83     60    304
   2      3     90     60    304
   3      3     50     60    304
   4      3     17      1    365
   5      3   1429     60    304
   6      3   1913     60    304
   7      3   1605     60    304
   8      3     11      1    365
   9      3   3341     60    304
  10      3   3331     60    304
  11      3    506     60    304
  12      5    105      1    365
  13      5      3     60    182
  14      5     32     60    213
  15      5    105      1    365
  16      5     55     60    213
  17      5      2     91    365
  18      5    125     32    365
  19      5     31      1    365
  20      5     58     60    304
  21      5    144    121    244
  22      5    174     91    213
  23      5    552     60    274
  24      5      5     91    244
  25      5    195      1    258
  26      5    155     91    213
  27      5     11     91    244
  28      5     24     32    335
  29      5     45     60    244
  30      5    331     60    244
  31      1     38      1    365
  32      1     27      1    365
  33      1     59     60    213
  34      1     30     60    274
  35      1    128      1    365
  36      1     94      1    365
  37      1     16     60    244
  38      1     67      1    365
  39      1     26     32    244
  40      1     27      1    365
  41      1     90     32    244
  42      1     77     91    365
  43      1     37     60    365
  44      1     57     60    244
  45      1     71     91    244
  46      1     20     91    213
  47      1     86      1    274
  48      1      6     91    305
  49      1    102      1    258
  50      1     51     32    166
  51      1     28     60    166
  52      1     17      1    365
  53      1     26     60    293
  54      1     17     91    213
  55      1     39     60    152
  56      1     97     60    244
  57      1    157     60    304
  58      1     69     91    182
  59      1    101     60    182
  60      5     47      1    365
  61      5    122      1    365
  62      1    157      1    365
  63      5     48      1    365
  64      1      3      1    365
  65      1     23      1    365
  66      1     62      1    365
  67      1      7      1    365
  68      5     66      1    365
  69      5     23      1    365
  70      1     42      1    365
  71      1     31      1    365
  72      5     20      1    365
  73      1   1815      1    365
  74      3     39     60    304
  75      5     15      1    365
  76      1     96      1    365
  77      1    122      1    365
  78      1    209      1    365
  79      3     20     60    304
  80      1    218      1    365
  81      1    175      1    365
  82      3     26     60    304
  83      3      8     60    304
  84      5      8      1    365
  85      3      9     60    304
  86      3     18     60    304
  87      3     26     60    304
  88      3     16     60    304
  89      3     70     60    304
  90      3     53     60    304
  91      3    105     60    304
  92      1     56      1    365
  93      1     12      1    365
  94      3    222     60    304
  95      3    169     60    304
  96      1     39      1    365
  97      1      5      1    365
  98      3    136     60    304
  99      3    127     60    304
 100      3     26     60    304
 101      1    148      1    365
 102      1    122      1    365
 103      1    166      1    365
 104      1     39      1    365
 105      3     13     60    304
 106      3    127     60    304
 107      3     97     60    304
 108      3    161     60    304
 109      3     70     60    304
 110      3      7     60    304
 111      3     65     60    304
 112      1     34     60    244
 113      5     33      1    365
 114      3     80     60    304
 115      3     43     60    304
 116      3     47     60    304
 117      5    740      1    365
 118      3      9     60    304
 119      3    110     60    304
 120      3      2     60    304
 121      3      1     60    304
 122      3    592     60    304
 123      3     59     60    304
 124      3    911     60    304
 125      3    357     60    304
 126      3     60     60    304
 127      3    422     60    304
 128      3    535     60    304
 129      3    484     60    304
 130      3    506     60    304
 131      5     26      1    365
 132      3    164     60    304
 133      3     90     60    304
 134      3     11     60    304
 135      3     72     60    304
 136      3     40     60    304
 137      5     36      1    196
 138      5     20      1    365
 139      3     12     60    304
 140      3    191     60    304
 141      3    107     60    304
 142      3    580     60    304
 143      3    441     60    304
 144      3    151     60    304
 145      3     13     60    304
 146      5    221      1    365
 147      3    576     60    304
 148      3    181     60    304
 149      3     30     60    304
 150      1     11      1    365
 151      1     28      1    365
 152      1     57      1    365
 153      3     34     60    304
 154      3     18     60    304
 155      5     47      1    365
 156      1    202      1    365
 157      1     65      1    365
 158      3    181     60    304
 159      5   2505      1    365
 160      5  10027      1    365
 161      5   3552      1    365
 162      1    934      1    365
 163      1    646      1    365
 164      5      5      1    365
 165      5     66      1    365
 166      1     68     91    258
 167      5      7     60    274
 168      5     78     32    244
 169      5     20      1    365
 170      5     34      1    365
 171      3    119     60    304
 172      5     73     32    244
 173      5     15      1    365
 174      5   6884      1    365
 175      1     14      1    365
 176      3     51     60    304
 177      3    118     60    304
 178      3     60     60    304
 179      3     32     60    304
 180      3     28     60    304
 181      5     29      1    365
 182      3   1012     60    304
 183      3    770     60    304
 184      3     24     60    304
 185      3     13     60    304
 186      3     40     60    304
 187      3     26     60    304
 188      3     61     60    304
 189      3   1911     60    304
 190      3    297     60    304
 191      3    101     60    304
 192      1    142     91    244
 193      1     21     91    244
 194      1     18      1    365
 195      3    300      1    365
 196      3     63     60    304
 197      3    240     60    304
 198      3     96     60    304
 199      5      3      1    365
 200      3    152     60    304
 201      5      9      1    365
 202      3     43     60    304
 203      5    161      1    365
 204      5     78      1    365
 205      5    252      1    365
 206      5     70      1    365
 207      5     70      1    365
 208      5     53      1    365
 209      3     25     60    304
 210      1     21     32    304
 211      5     51     91    161
 212      3    177     60    304
 213      3   1549     60    304
 214      3     17     60    304
 215      5     21     60    244
 216      1     24      1    365
 217      3    116     60    304
 218      5      8      1    365
 219      5     15      1    365
 220      3     33     60    304
 221      3    818      1    365
 222      5     82     60    244
 223      5      5      1    365
 224      5     74      1    365
 225      3    194     60    304
 226      3    107     60    304
 227      5    182      1    365
 228      5     29      1    365
 229      3     25     60    304
 230      3    592     60    304
 231      3    973     60    304
 232      3    323     60    304
 233      1    103      1    365
 234      3     20     60    273
 235      3    223     60    304
 236      5   1779      1    365
 237      5     66      1    365
 238      3    855     60    304
 239      3    293     60    304
 240      3     68     60    304
 241      5     23      1    365
 242      5     43      1    365
 243      1    128      1    365
 244      1     93      1    365
 245      1     97      1    365
 246      1     74      1    365
 247      5     58     60    213
 248      5     10      1    365
 249      5     46     60    244
 250      5   1341      1    365
 251      3    402     91    288
 252      5    264      1    365
 253      1     47      1    365
 254      3     26    105    273
 999      0      0      1    365
