   1      3     73     60    304
   2      3     61     60    304
   3      3     50     60    304
   4      3     15      1    365
   5      3   1350     60    304
   6      3   1807     60    304
   7      3   1605     60    304
   8      3      7      1    365
   9      3   3155     60    304
  10      3   3145     60    304
  11      3    294     60    304
  12      5    112      1    365
  13      5      3     60    182
  14      5     34     60    213
  15      5    112      1    365
  16      5     23     60    213
  17      5      1     91    365
  18      5    133     32    365
  19      5     33      1    365
  20      5     50     60    304
  21      5     61    121    244
  22      5    131     91    213
  23      5    233     60    274
  24      5      4     91    244
  25      5    208      1    258
  26      5     65     91    213
  27      5      5     91    244
  28      5     26     32    335
  29      5     48     60    244
  30      5    140     60    244
  31      1     43      1    365
  32      1     31      1    365
  33      1     66     60    213
  34      1     34     60    274
  35      1    144      1    365
  36      1    106      1    365
  37      1     18     60    244
  38      1     75      1    365
  39      1     29     32    244
  40      1     31      1    365
  41      1    101     32    244
  42      1    284     91    365
  43      1    136     60    365
  44      1    210     60    244
  45      1    261     91    244
  46      1     74     91    213
  47      1    318      1    274
  48      1     23     91    305
  49      1    375      1    258
  50      1    188     32    166
  51      1    102     60    166
  52      1     63      1    365
  53      1     97     60    293
  54      1     63     91    213
  55      1    142     60    152
  56      1    358     60    244
  57      1    267     60    304
  58      1    256     91    182
  59      1    113     60    182
  60      5     50      1    365
  61      5    105      1    365
  62      1    176      1    365
  63      5     41      1    365
  64      1     11      1    365
  65      1     85      1    365
  66      1    227      1    365
  67      1      7      1    365
  68      5     57      1    365
  69      5     20      1    365
  70      1     47      1    365
  71      1    114      1    365
  72      5     17      1    365
  73      1    907      1    365
  74      3     35     60    304
  75      5     13      1    365
  76      1    163      1    365
  77      1    208      1    365
  78      1    357      1    365
  79      3     13     60    304
  80      1    371      1    365
  81      1    297      1    365
  82      3     23     60    304
  83      3      7     60    304
  84      5      7      1    365
  85      3      6     60    304
  86      3     12     60    304
  87      3     15     60    304
  88      3     14     60    304
  89      3     62     60    304
  90      3     53     60    304
  91      3     70     60    304
  92      1     63      1    365
  93      1     13      1    365
  94      3    196     60    304
  95      3    169     60    304
  96      1    142      1    365
  97      1     17      1    365
  98      3     79     60    304
  99      3     73     60    304
 100      3     25     60    304
 101      1    253      1    365
 102      1    208      1    365
 103      1    282      1    365
 104      1     44      1    365
 105      3      8     60    304
 106      3    113     60    304
 107      3     97     60    304
 108      3    100     60    304
 109      3     44     60    304
 110      3      7     60    304
 111      3     38     60    304
 112      1     38     60    244
 113      5     14      1    365
 114      3     46     60    304
 115      3     43     60    304
 116      3     27     60    304
 117      5    313      1    365
 118      3      8     60    304
 119      3     69     60    304
 120      3      1     60    304
 121      3      1     60    304
 122      3    368     60    304
 123      3     59     60    304
 124      3    860     60    304
 125      3    207     60    304
 126      3     37     60    304
 127      3    282     60    304
 128      3    505     60    304
 129      3    457     60    304
 130      3    294     60    304
 131      5     23      1    365
 132      3    145     60    304
 133      3     56     60    304
 134      3      7     60    304
 135      3     48     60    304
 136      3     40     60    304
 137      5     39      1    196
 138      5     21      1    365
 139      3     10     60    304
 140      3    180     60    304
 141      3    101     60    304
 142      3    513     60    304
 143      3    441     60    304
 144      3     94     60    304
 145      3     12     60    304
 146      5     93      1    365
 147      3    385     60    304
 148      3    112     60    304
 149      3     19     60    304
 150      1     40      1    365
 151      1    102      1    365
 152      1     65      1    365
 153      3     19     60    304
 154      3     18     60    304
 155      5     50      1    365
 156      1    227      1    365
 157      1    239      1    365
 158      3    112     60    304
 159      5   2673      1    365
 160      5  10697      1    365
 161      5   3789      1    365
 162      1   1048      1    365
 163      1   1100      1    365
 164      5      5      1    365
 165      5     28      1    365
 166      1     76     91    258
 167      5      8     60    274
 168      5     83     32    244
 169      5     21      1    365
 170      5     37      1    365
 171      3     69     60    304
 172      5     77     32    244
 173      5     13      1    365
 174      5   7344      1    365
 175      1     51      1    365
 176      3     45     60    304
 177      3     79     60    304
 178      3     35     60    304
 179      3     32     60    304
 180      3     16     60    304
 181      5     31      1    365
 182      3    895     60    304
 183      3    770     60    304
 184      3     16     60    304
 185      3     13     60    304
 186      3     25     60    304
 187      3     23     60    304
 188      3     36     60    304
 189      3   1690     60    304
 190      3    263     60    304
 191      3     90     60    304
 192      1    160     91    244
 193      1     23     91    244
 194      1     21      1    365
 195      3    174      1    365
 196      3     37     60    304
 197      3    213     60    304
 198      3     64     60    304
 199      5      3      1    365
 200      3    102     60    304
 201      5     10      1    365
 202      3     29     60    304
 203      5    172      1    365
 204      5     83      1    365
 205      5    269      1    365
 206      5     75      1    365
 207      5     70      1    365
 208      5     57      1    365
 209      3     17     60    304
 210      1     23     32    304
 211      5     44     91    161
 212      3    119     60    304
 213      3   1038     60    304
 214      3     15     60    304
 215      5     23     60    244
 216      1     26      1    365
 217      3     78     60    304
 218      5      7      1    365
 219      5     13      1    365
 220      3     29     60    304
 221      3    772      1    365
 222      5     71     60    244
 223      5      4      1    365
 224      5     64      1    365
 225      3    130     60    304
 226      3    107     60    304
 227      5    194      1    365
 228      5     31      1    365
 229      3     17     60    304
 230      3    368     60    304
 231      3    565     60    304
 232      3    305     60    304
 233      1    116      1    365
 234      3     17     60    273
 235      3    130     60    304
 236      5   1338      1    365
 237      5     57      1    365
 238      3    807     60    304
 239      3    277     60    304
 240      3     64     60    304
 241      5     25      1    365
 242      5     46      1    365
 243      1    144      1    365
 244      1    104      1    365
 245      1    109      1    365
 246      1     74      1    365
 247      5     50     60    213
 248      5      9      1    365
 249      5     40     60    244
 250      5   3086      1    365
 251      3    250     91    288
 252      5    227      1    365
 253      1     53      1    365
 254      3     23    105    273
 999      0      0      1    365
