   1      3     83     60    304
   2      3     68     60    304
   3      3     50     60    304
   4      3     17      1    365
   5      3   1450     60    304
   6      3   1941     60    304
   7      3   1605     60    304
   8      3      8      1    365
   9      3   3391     60    304
  10      3   3380     60    304
  11      3    674     60    304
  12      5    111      1    365
  13      5      9     60    182
  14      5     34     60    213
  15      5    111      1    365
  16      5     13     60    213
  17      5      5     91    365
  18      5    132     32    365
  19      5     33      1    365
  20      5    165     60    304
  21      5     34    121    244
  22      5    213     91    213
  23      5    131     60    274
  24      5     14     91    244
  25      5    206      1    258
  26      5     37     91    213
  27      5      3     91    244
  28      5     26     32    335
  29      5     48     60    244
  30      5     78     60    244
  31      1     50      1    365
  32      1     37      1    365
  33      1     78     60    213
  34      1     40     60    274
  35      1    170      1    365
  36      1    125      1    365
  37      1     21     60    244
  38      1     89      1    365
  39      1     35     32    244
  40      1     37      1    365
  41      1    120     32    244
  42      1    145     91    365
  43      1     70     60    365
  44      1    108     60    244
  45      1    134     91    244
  46      1     38     91    213
  47      1    163      1    274
  48      1     12     91    305
  49      1    192      1    258
  50      1     96     32    166
  51      1     52     60    166
  52      1     32      1    365
  53      1     49     60    293
  54      1     32     91    213
  55      1     73     60    152
  56      1    183     60    244
  57      1     85     60    304
  58      1    131     91    182
  59      1    134     60    182
  60      5     50      1    365
  61      5    348      1    365
  62      1    209      1    365
  63      5    136      1    365
  64      1      6      1    365
  65      1     44      1    365
  66      1    116      1    365
  67      1      9      1    365
  68      5    188      1    365
  69      5     66      1    365
  70      1     56      1    365
  71      1     58      1    365
  72      5     56      1    365
  73      1   1000      1    365
  74      3     39     60    304
  75      5     42      1    365
  76      1     52      1    365
  77      1     66      1    365
  78      1    113      1    365
  79      3     15     60    304
  80      1    118      1    365
  81      1     94      1    365
  82      3     26     60    304
  83      3      8     60    304
  84      5     24      1    365
  85      3      7     60    304
  86      3     14     60    304
  87      3     35     60    304
  88      3     16     60    304
  89      3     69     60    304
  90      3     53     60    304
  91      3     78     60    304
  92      1     75      1    365
  93      1     16      1    365
  94      3    221     60    304
  95      3    169     60    304
  96      1     73      1    365
  97      1      9      1    365
  98      3    181     60    304
  99      3    168     60    304
 100      3     27     60    304
 101      1     80      1    365
 102      1     66      1    365
 103      1     90      1    365
 104      1     52      1    365
 105      3     17     60    304
 106      3    127     60    304
 107      3     97     60    304
 108      3     27     60    304
 109      3     12     60    304
 110      3      7     60    304
 111      3     87     60    304
 112      1     45     60    244
 113      5      8      1    365
 114      3    107     60    304
 115      3     43     60    304
 116      3     62     60    304
 117      5    175      1    365
 118      3      9     60    304
 119      3     18     60    304
 120      3      1     60    304
 121      3      1     60    304
 122      3     99     60    304
 123      3     59     60    304
 124      3    924     60    304
 125      3    476     60    304
 126      3     10     60    304
 127      3    315     60    304
 128      3    543     60    304
 129      3    491     60    304
 130      3    674     60    304
 131      5     75      1    365
 132      3    164     60    304
 133      3     15     60    304
 134      3      8     60    304
 135      3     54     60    304
 136      3     40     60    304
 137      5     38      1    196
 138      5     21      1    365
 139      3     12     60    304
 140      3    194     60    304
 141      3    109     60    304
 142      3    578     60    304
 143      3    441     60    304
 144      3     25     60    304
 145      3     13     60    304
 146      5     52      1    365
 147      3    430     60    304
 148      3     30     60    304
 149      3      5     60    304
 150      1     20      1    365
 151      1     52      1    365
 152      1     77      1    365
 153      3     45     60    304
 154      3     18     60    304
 155      5     50      1    365
 156      1    270      1    365
 157      1    122      1    365
 158      3     30     60    304
 159      5   2644      1    365
 160      5  10582      1    365
 161      5   3748      1    365
 162      1   1243      1    365
 163      1    349      1    365
 164      5      5      1    365
 165      5     16      1    365
 166      1     90     91    258
 167      5      7     60    274
 168      5     82     32    244
 169      5     21      1    365
 170      5     36      1    365
 171      3    159     60    304
 172      5     77     32    244
 173      5     42      1    365
 174      5   7265      1    365
 175      1     26      1    365
 176      3     51     60    304
 177      3     88     60    304
 178      3     79     60    304
 179      3     32     60    304
 180      3     37     60    304
 181      5     31      1    365
 182      3   1009     60    304
 183      3    770     60    304
 184      3     18     60    304
 185      3     13     60    304
 186      3      7     60    304
 187      3     26     60    304
 188      3     82     60    304
 189      3   1905     60    304
 190      3    296     60    304
 191      3    101     60    304
 192      1    190     91    244
 193      1     28     91    244
 194      1     24      1    365
 195      3    399      1    365
 196      3     84     60    304
 197      3    240     60    304
 198      3     72     60    304
 199      5      3      1    365
 200      3    114     60    304
 201      5     10      1    365
 202      3     32     60    304
 203      5    170      1    365
 204      5     82      1    365
 205      5    266      1    365
 206      5     74      1    365
 207      5     70      1    365
 208      5     56      1    365
 209      3     19     60    304
 210      1     28     32    304
 211      5    146     91    161
 212      3    132     60    304
 213      3   1157     60    304
 214      3     17     60    304
 215      5     22     60    244
 216      1     31      1    365
 217      3     86     60    304
 218      5     24      1    365
 219      5     42      1    365
 220      3     33     60    304
 221      3    830      1    365
 222      5    235     60    244
 223      5     14      1    365
 224      5    212      1    365
 225      3    145     60    304
 226      3    107     60    304
 227      5    192      1    365
 228      5     31      1    365
 229      3     19     60    304
 230      3     99     60    304
 231      3   1296     60    304
 232      3    328     60    304
 233      1    137      1    365
 234      3     20     60    273
 235      3    297     60    304
 236      5   2181      1    365
 237      5    188      1    365
 238      3    867     60    304
 239      3    298     60    304
 240      3     69     60    304
 241      5     24      1    365
 242      5     46      1    365
 243      1    170      1    365
 244      1    123      1    365
 245      1    129      1    365
 246      1     74      1    365
 247      5    165     60    213
 248      5     28      1    365
 249      5    132     60    244
 250      5    829      1    365
 251      3     67     91    288
 252      5    753      1    365
 253      1     63      1    365
 254      3     26    105    273
 999      0      0      1    365
