   1      3     76     60    304
   2      3     62     60    304
   3      3     50     60    304
   4      3     16      1    365
   5      3   1329     60    304
   6      3   1779     60    304
   7      3   1605     60    304
   8      3      7      1    365
   9      3   3107     60    304
  10      3   3098     60    304
  11      3    488     60    304
  12      5    111      1    365
  13      5      5     60    182
  14      5     34     60    213
  15      5    111      1    365
  16      5     16     60    213
  17      5      3     91    365
  18      5    133     32    365
  19      5     33      1    365
  20      5     93     60    304
  21      5     43    121    244
  22      5    119     91    213
  23      5    165     60    274
  24      5      8     91    244
  25      5    208      1    258
  26      5     46     91    213
  27      5      3     91    244
  28      5     26     32    335
  29      5     48     60    244
  30      5     99     60    244
  31      1     59      1    365
  32      1     42      1    365
  33      1     91     60    213
  34      1     46     60    274
  35      1    198      1    365
  36      1    145      1    365
  37      1     24     60    244
  38      1    103      1    365
  39      1     40     32    244
  40      1     42      1    365
  41      1    139     32    244
  42      1    228     91    365
  43      1    109     60    365
  44      1    169     60    244
  45      1    210     91    244
  46      1     59     91    213
  47      1    255      1    274
  48      1     18     91    305
  49      1    301      1    258
  50      1    151     32    166
  51      1     82     60    166
  52      1     50      1    365
  53      1     78     60    293
  54      1     50     91    213
  55      1    114     60    152
  56      1    287     60    244
  57      1    100     60    304
  58      1    205     91    182
  59      1    155     60    182
  60      5     50      1    365
  61      5    196      1    365
  62      1    242      1    365
  63      5     77      1    365
  64      1      9      1    365
  65      1     68      1    365
  66      1    182      1    365
  67      1     10      1    365
  68      5    106      1    365
  69      5     37      1    365
  70      1     65      1    365
  71      1     91      1    365
  72      5     32      1    365
  73      1    698      1    365
  74      3     36     60    304
  75      5     24      1    365
  76      1     61      1    365
  77      1     78      1    365
  78      1    133      1    365
  79      3     14     60    304
  80      1    139      1    365
  81      1    111      1    365
  82      3     24     60    304
  83      3      7     60    304
  84      5     13      1    365
  85      3      6     60    304
  86      3     12     60    304
  87      3     25     60    304
  88      3     14     60    304
  89      3     64     60    304
  90      3     53     60    304
  91      3     72     60    304
  92      1     87      1    365
  93      1     18      1    365
  94      3    203     60    304
  95      3    169     60    304
  96      1    114      1    365
  97      1     14      1    365
  98      3    131     60    304
  99      3    122     60    304
 100      3     24     60    304
 101      1     94      1    365
 102      1     78      1    365
 103      1    105      1    365
 104      1     61      1    365
 105      3     13     60    304
 106      3    117     60    304
 107      3     97     60    304
 108      3    156     60    304
 109      3     68     60    304
 110      3      7     60    304
 111      3     63     60    304
 112      1     53     60    244
 113      5     10      1    365
 114      3     77     60    304
 115      3     43     60    304
 116      3     45     60    304
 117      5    220      1    365
 118      3      8     60    304
 119      3    107     60    304
 120      3      1     60    304
 121      3      1     60    304
 122      3    574     60    304
 123      3     59     60    304
 124      3    847     60    304
 125      3    345     60    304
 126      3     58     60    304
 127      3    290     60    304
 128      3    498     60    304
 129      3    450     60    304
 130      3    488     60    304
 131      5     42      1    365
 132      3    151     60    304
 133      3     88     60    304
 134      3      7     60    304
 135      3     50     60    304
 136      3     40     60    304
 137      5     39      1    196
 138      5     21      1    365
 139      3     11     60    304
 140      3    177     60    304
 141      3    100     60    304
 142      3    531     60    304
 143      3    441     60    304
 144      3    146     60    304
 145      3     12     60    304
 146      5     66      1    365
 147      3    396     60    304
 148      3    175     60    304
 149      3     29     60    304
 150      1     32      1    365
 151      1     82      1    365
 152      1     89      1    365
 153      3     32     60    304
 154      3     18     60    304
 155      5     50      1    365
 156      1    313      1    365
 157      1    192      1    365
 158      3    175     60    304
 159      5   2666      1    365
 160      5  10671      1    365
 161      5   3780      1    365
 162      1   1444      1    365
 163      1    410      1    365
 164      5      5      1    365
 165      5     20      1    365
 166      1    105     91    258
 167      5      8     60    274
 168      5     83     32    244
 169      5     21      1    365
 170      5     36      1    365
 171      3    115     60    304
 172      5     77     32    244
 173      5     24      1    365
 174      5   7326      1    365
 175      1     41      1    365
 176      3     47     60    304
 177      3     81     60    304
 178      3     57     60    304
 179      3     32     60    304
 180      3     27     60    304
 181      5     31      1    365
 182      3    927     60    304
 183      3    770     60    304
 184      3     16     60    304
 185      3     13     60    304
 186      3     39     60    304
 187      3     24     60    304
 188      3     59     60    304
 189      3   1751     60    304
 190      3    272     60    304
 191      3     93     60    304
 192      1    220     91    244
 193      1     32     91    244
 194      1     28      1    365
 195      3    289      1    365
 196      3     61     60    304
 197      3    220     60    304
 198      3     66     60    304
 199      5      3      1    365
 200      3    105     60    304
 201      5     10      1    365
 202      3     30     60    304
 203      5    171      1    365
 204      5     83      1    365
 205      5    268      1    365
 206      5     75      1    365
 207      5     70      1    365
 208      5     57      1    365
 209      3     17     60    304
 210      1     32     32    304
 211      5     82     91    161
 212      3    122     60    304
 213      3   1067     60    304
 214      3     16     60    304
 215      5     23     60    244
 216      1     36      1    365
 217      3     80     60    304
 218      5     13      1    365
 219      5     24      1    365
 220      3     30     60    304
 221      3    761      1    365
 222      5    133     60    244
 223      5      8      1    365
 224      5    119      1    365
 225      3    133     60    304
 226      3    107     60    304
 227      5    194      1    365
 228      5     31      1    365
 229      3     17     60    304
 230      3    574     60    304
 231      3    939     60    304
 232      3    300     60    304
 233      1    160      1    365
 234      3     18     60    273
 235      3    215     60    304
 236      5   1216      1    365
 237      5    106      1    365
 238      3    795     60    304
 239      3    273     60    304
 240      3     63     60    304
 241      5     25      1    365
 242      5     46      1    365
 243      1    198      1    365
 244      1    143      1    365
 245      1    149      1    365
 246      1     74      1    365
 247      5     93     60    213
 248      5     16      1    365
 249      5     74     60    244
 250      5   2294      1    365
 251      3    389     91    288
 252      5    424      1    365
 253      1     73      1    365
 254      3     24    105    273
 999      0      0      1    365
