20, -214103.86627990578, 3580.248607082352, [ 0. 80.  2.  2.]
20, -438969.7303562105, 4638.57987118367, [ 1. 98.  2.  0.]
20, -364486.7752945015, 3917.911126876299, [ 2. 96.  0.  2.]
20, -358843.63433789794, 3591.969682902069, [ 0. 95.  2.  2.]
20, -243057.83758542803, 3583.5022498620087, [ 0. 83.  2.  2.]
20, -383769.7303562105, 3918.766310052478, [ 2. 98.  0.  2.]
20, -310612.5063344294, 3589.1602057377295, [ 0. 90.  2.  2.]
20, -233406.1656030931, 3582.4820859677075, [ 0. 82.  2.  2.]
20, -194804.64085372566, 3577.7303666710445, [ 0. 78.  2.  2.]
20, -339554.14796307415, 3590.945842754899, [ 0. 93.  2.  2.]
20, -156225.7726120394, 3571.6897475525966, [ 0. 74.  2.  2.]
20, -386169.7303562105, 4072.497822112891, [ 1. 98.  1.  2.]
20, -185156.9242087522, 3576.3532894531504, [ 0. 77.  2.  2.]
20, -260761.1945231894, 3679.4731542771865, [ 2. 85.  2.  2.]
20, -404843.63433789794, 4975.646403066496, [ 3. 95.  0.  0.]
20, -395199.41470816947, 4974.984313630495, [ 3. 94.  0.  0.]
20, -376128.8132469398, 3856.241993070909, [ 1. 97.  0.  2.]
20, -310612.5063344294, 3789.1602057377295, [ 0. 90.  0.  2.]
20, -410843.63433789794, 4989.292910536092, [ 0. 95.  1.  0.]
20, -318260.6403670726, 3853.155711630827, [ 1. 91.  0.  2.]
20, -223754.76479519828, 3581.398838661272, [ 0. 81.  2.  2.]
20, -299363.54080485203, 3682.595256329713, [ 2. 89.  2.  2.]
60, -1472025.570914049, 3556.912884145193, [67.  0.  2.  2.]
60, -4352714.199391224, 4320.818452321498, [99.  1.  2.  0.]
60, -3991159.0719177932, 4319.105006385998, [95.  1.  2.  0.]
60, -3177117.5144147845, 4313.35524423836, [86.  1.  2.  0.]
60, -2667199.859136943, 3599.999845725332, [ 0. 92.  2.  2.]
60, -2465293.508003678, 3577.7303666710445, [78.  0.  2.  2.]
60, -2103616.6182378693, 3571.6897475525966, [74.  0.  2.  2.]
60, -1652217.5391418277, 3561.7851563891722, [69.  0.  2.  2.]
60, -4262341.222089472, 4320.427838823842, [98.  1.  2.  0.]
60, -2782399.8975900426, 3599.999892366216, [ 0. 94.  2.  2.]
60, -2724799.879867153, 3599.9998711389653, [ 0. 93.  2.  2.]
60, -2551999.8065880914, 3599.99977887358, [ 0. 90.  2.  2.]
60, -2609599.8349025487, 3599.999815299688, [ 0. 91.  2.  2.]
60, -2839999.9127338696, 3599.9999100967066, [ 0. 95.  2.  2.]
60, -3127999.961011252, 3799.999963448048, [  0. 100.   0.   2.]
60, -2494399.7735268427, 3599.9997352636105, [ 0. 89.  2.  2.]
93, -4666346.745593557, 3596.0794811045275, [69.  0.  2.  2.]
93, -5414890.882411993, 3599.1146533215915, [85.  0.  2.  2.]
93, -5578801.442739852, 3599.493269504439, [91.  0.  2.  2.]
93, -4854090.66513691, 3597.2973736665094, [73.  0.  2.  2.]
93, -5625455.916716842, 3599.579275049764, [93.  0.  2.  2.]
93, -5936553.540680647, 5994.130588885634, [65. 34.  2.  2.]
93, -5368249.115348194, 3599.0283658979997, [84.  0.  2.  2.]
93, -4947769.484194008, 3597.7560807182003, [75.  0.  2.  2.]
93, -5321594.999226116, 3598.9336687523737, [83.  0.  2.  2.]
93, -2420068.028177524, 3577.052155366696, [50.  0.  2.  2.]
93, -5765284.307007409, 3799.7591969702635, [99.  0.  2.  0.]
93, -5969044.926991174, 6994.853646152553, [67. 32.  2.  0.]
93, -5274927.473539996, 3598.8297422586093, [82.  0.  2.  2.]
93, -5964123.392148279, 5995.379085316692, [68. 32.  2.  2.]
93, -5532116.996441713, 3599.3896825111347, [89.  0.  2.  2.]
93, -4382787.513956939, 3593.758478290608, [64.  0.  2.  2.]
93, -5181547.497015048, 3598.5905155258897, [80.  0.  2.  2.]
93, -5602132.102386006, 3599.5382704660433, [92.  0.  2.  2.]
93, -4619313.729343345, 3595.697380529824, [68.  0.  2.  2.]
93, -3822320.1371538187, 3590.945842754899, [60.  0.  2.  2.]
93, -5508761.762899557, 3599.330199909605, [88.  0.  2.  2.]
93, -3261499.7779342164, 3586.8657408824415, [56.  0.  2.  2.]
93, -4807206.897159054, 3597.0339710142666, [72.  0.  2.  2.]
93, -133666.07842568483, 3342.4473883461983, [24.  0.  2.  2.]
93, -5228245.388367736, 3598.7156869084224, [81.  0.  2.  2.]
93, -5672085.279207115, 3599.650683183069, [95.  0.  2.  2.]
93, -5134832.448075174, 3598.4531447232093, [79.  0.  2.  2.]
93, -4900944.072191117, 3597.537384451194, [74.  0.  2.  2.]
93, -4572235.264186241, 3595.278039770062, [67.  0.  2.  2.]
93, -4713337.823133482, 3596.4276486646577, [70.  0.  2.  2.]
93, -5461521.278319444, 3599.1932778611254, [86.  0.  2.  2.]
93, -5555463.304612575, 3599.443882671029, [90.  0.  2.  2.]
93, -4994569.0862525245, 3597.955355335235, [76.  0.  2.  2.]
93, -5485396.779032838, 3599.2649200305123, [87.  0.  2.  2.]
93, -564945.4342445758, 3452.5890866039995, [30.  0.  2.  2.]
93, -6016123.392148279, 6995.272986912315, [68. 32.  2.  0.]
93, -274564.06466670363, 3386.1608672252128, [26.  0.  2.  2.]
93, -203661.04363731918, 3365.31973427676, [25.  0.  2.  2.]
93, -5648773.465419431, 3599.6166381599323, [94.  0.  2.  2.]
35, -637714.3002022435, 3597.1043082865003, [ 0. 64.  2.  2.]
35, -1613954.3210820616, 5762.118947772076, [ 2. 98.  2.  1.]
35, -1108537.9437483912, 3599.3342066778223, [ 0. 78.  2.  2.]
35, -1276622.9234163621, 3599.6061463887063, [ 0. 83.  2.  2.]
35, -704991.6052197886, 3597.652797915851, [ 0. 66.  2.  2.]
35, -1310236.6021334522, 3599.645403935443, [ 0. 84.  2.  2.]
35, -1393073.6117196614, 3599.741219737227, [ 0. 87.  2.  2.]
35, -738628.5789316893, 3597.8867564041752, [ 0. 67.  2.  2.]
35, -873162.3448050015, 3598.611500015869, [ 0. 71.  2.  2.]
35, -1373461.4970718962, 3599.712570016387, [ 0. 86.  2.  2.]
35, -974046.5568300886, 3598.986688159658, [ 0. 74.  2.  2.]
35, -1549939.5977133699, 3599.8882818373054, [ 0. 95.  2.  2.]
35, -1243008.21868242, 3599.5625426150095, [ 0. 82.  2.  2.]
35, -839531.1646138845, 3598.457778335147, [ 0. 70.  2.  2.]
35, -1510727.2839276968, 3599.8621757537844, [ 0. 93.  2.  2.]
35, -1451904.0616820205, 3599.8111450433476, [ 0. 90.  2.  2.]
35, -1412684.6873552292, 3599.7670137834643, [ 0. 88.  2.  2.]
35, -1343849.3132766443, 3599.680748467467, [ 0. 85.  2.  2.]
35, -906791.9671689502, 3598.7498994146763, [ 0. 72.  2.  2.]
35, -1608754.3210820616, 3599.9184693278116, [ 0. 98.  2.  2.]
35, -1491120.2336282535, 3599.8469171473644, [ 0. 92.  2.  2.]
35, -1530333.7212381347, 3599.8759134513252, [ 0. 94.  2.  2.]
35, -1041295.1057432699, 3599.178625385964, [ 0. 76.  2.  2.]
35, -1175775.4924635398, 3599.460318421971, [ 0. 80.  2.  2.]
35, -1471512.5135121096, 3599.8299692513137, [ 0. 91.  2.  2.]
35, -1007671.5685804009, 3599.0876905011132, [ 0. 75.  2.  2.]
35, -1142157.3507137643, 3599.4005699450695, [ 0. 79.  2.  2.]
38, -1688288.7548983293, 3599.9467509856095, [ 0. 94.  2.  2.]
38, -1475434.1140153978, 3599.8335026663267, [ 0. 84.  2.  2.]
38, -1496722.313771479, 3599.851441429397, [ 0. 85.  2.  2.]
38, -1581868.0898035385, 3599.905841522332, [ 0. 89.  2.  2.]
38, -1752137.000174849, 3599.962174658225, [ 0. 97.  2.  2.]
38, -1560582.5700845192, 3599.894471686078, [ 0. 88.  2.  2.]
38, -1603153.0867773865, 3599.9159863491873, [ 0. 90.  2.  2.]
38, -1709571.7842920152, 3599.952488143267, [ 0. 95.  2.  2.]
38, -1815983.0903396937, 3599.9731308363775, [  0. 100.   2.   2.]
38, -1539296.4742364022, 3599.8817289179365, [ 0. 87.  2.  2.]
38, -1645721.7023658347, 3599.9331146944305, [ 0. 92.  2.  2.]
38, -1368978.572446623, 3599.705588250714, [ 0. 79.  2.  2.]
38, -1333285.4191241488, 3599.6700374063967, [ 0. 78.  2.  2.]
38, -1518009.7436050011, 3599.867447433465, [ 0. 86.  2.  2.]
38, -1867983.0903396937, 4999.964174448503, [  0. 100.   1.   0.]
38, -1299660.6002204919, 3546.3101475452027, [100.   0.   2.   2.]
38, -285308.2087261611, 3389.133756303482, [64.  0.  2.  2.]
92, -1748776.6255634145, 3599.9614876374358, [ 0. 40.  2.  2.]
92, -3520959.9997546086, 3599.9999997951068, [ 0. 84.  2.  2.]
92, -5805708.074182873, 5994.113900498845, [66. 32.  2.  2.]
92, -5815326.625496278, 5995.560134686447, [70. 30.  2.  2.]
92, -5867326.625496278, 6995.35730492642, [70. 30.  2.  0.]
92, -1851825.7794202252, 3599.977824694712, [ 0. 42.  2.  2.]
92, -3638079.999936253, 3599.999999948453, [ 0. 89.  2.  2.]
92, -2313919.629924485, 3599.9995346757037, [ 0. 56.  2.  2.]
92, -5982318.832649759, 8991.230232116726, [67. 33.  1.  0.]
92, -3227839.9938158095, 3599.999994377735, [ 0. 72.  2.  2.]
92, -3286719.997913095, 3599.9999981359815, [ 0. 76.  2.  2.]
92, -3168959.981680027, 3599.999983042087, [ 0. 68.  2.  2.]
92, -3271999.997261829, 3599.999997543507, [ 0. 75.  2.  2.]
92, -3623359.9999163235, 3599.9999999320694, [ 0. 88.  2.  2.]
92, -3020479.9472746886, 3599.999948851428, [ 0. 64.  2.  2.]
92, -3154239.975966717, 3599.9999776520503, [ 0. 67.  2.  2.]
92, -3139519.968472297, 3599.9999705488026, [ 0. 66.  2.  2.]
92, -5930366.335971815, 7992.800617249501, [67. 32.  0.  0.]
92, -3667519.9999630027, 3599.9999999703195, [ 0. 91.  2.  2.]
92, -3462079.9995808075, 3599.999999644157, [ 0. 82.  2.  2.]
92, -3711679.9999836446, 3599.999999987032, [ 0. 94.  2.  2.]
92, -1279730.2004674159, 3544.7855874382635, [41.  0.  2.  2.]
92, -3344319.998777759, 3599.9999989267035, [ 0. 78.  2.  2.]
92, -3491519.999679261, 3599.9999997299815, [ 0. 83.  2.  2.]
92, -3403199.9992841077, 3599.999999381999, [ 0. 80.  2.  2.]
92, -5167363.593583673, 4597.964164929476, [80.  0.  0.  2.]
92, -3652799.9999514357, 3599.999999960886, [ 0. 90.  2.  2.]
92, -3682239.9999718154, 3599.999999977478, [ 0. 92.  2.  2.]
92, -4796887.315924133, 4595.750054799778, [72.  0.  0.  2.]
92, -4312391.56789903, 4591.127948198549, [64.  0.  0.  2.]
92, -2402239.7087868233, 3599.9996469059065, [ 0. 57.  2.  2.]
92, -5697333.3696420835, 4599.532844878825, [96.  0.  0.  2.]
92, -5213573.965831382, 4598.143104348551, [81.  0.  0.  2.]
92, -3242559.995286422, 3599.9999957337527, [ 0. 73.  2.  2.]
92, -4517629.971461667, 4592.619022452968, [66.  0.  0.  2.]
92, -3696959.9999785293, 3599.99999998291, [ 0. 93.  2.  2.]
92, -3741119.999990509, 3599.999999992533, [ 0. 96.  2.  2.]
92, -4843292.115962027, 4596.123603097592, [73.  0.  0.  2.]
92, -5976973.544812877, 7993.39234539021, [68. 32.  0.  0.]
92, -3726399.9999875408, 3599.9999999901597, [ 0. 95.  2.  2.]
92, -2071998.2579889009, 3599.9975624844697, [ 0. 50.  2.  2.]
92, -3432639.99945217, 3599.999999531053, [ 0. 81.  2.  2.]
92, -3755839.9999927706, 3599.999999994334, [ 0. 97.  2.  2.]
92, -2225599.5303501654, 3599.9993867733697, [ 0. 55.  2.  2.]
92, -3257279.996407392, 3599.9999967627164, [ 0. 74.  2.  2.]
92, -3108799.9588487204, 3599.999961187802, [ 0. 65.  2.  2.]
92, -3799999.9999968046, 3599.9999999975244, [  0. 100.   2.   2.]
92, -3213119.9918865315, 3599.9999925907105, [ 0. 71.  2.  2.]
92, -3314879.9984031525, 3599.999998585559, [ 0. 77.  2.  2.]
92, -3198399.9893555925, 3599.9999902356835, [ 0. 70.  2.  2.]
92, -3373759.9990645554, 3599.999999185569, [ 0. 79.  2.  2.]
92, -3550399.9998122687, 3599.999999844524, [ 0. 85.  2.  2.]
12, -9535.491515445086, 3977.2405461177996, [ 1. 98.  1.  2.]
12, -19945.340970447964, 5020.545798028374, [ 3. 91.  1.  0.]
12, -18864.603790124333, 4976.2968625324065, [ 8. 92.  0.  0.]
49, -1745976.3087921524, 3599.9609055976116, [ 0. 75.  2.  2.]
49, -2505476.2208869224, 5763.764125365654, [96.  0.  1.  0.]
49, -374960.3736901406, 3412.228834558444, [52.  0.  2.  2.]
49, -2102838.8803433185, 3928.09291389761, [ 3. 97.  2.  2.]
49, -2404085.3683014596, 5403.595781927463, [95.  3.  2.  1.]
49, -793467.7384817319, 3490.4672034442974, [63.  0.  2.  2.]
49, -2160718.8803433185, 4799.997946262369, [ 0. 97.  0.  0.]
49, -2026396.985173882, 3599.9956898216, [ 0. 90.  2.  2.]
49, -1636199.9218776803, 3599.929615061725, [ 0. 71.  2.  2.]
49, -1444060.461169014, 3599.8030442084228, [ 0. 64.  2.  2.]
49, -1932310.6659233654, 3599.9860290622737, [ 0. 82.  2.  2.]
49, -2049917.7279367354, 3599.996787725365, [ 0. 92.  2.  2.]
49, -2061678.0276707686, 3599.9972268626534, [ 0. 93.  2.  2.]
49, -1828304.0670498768, 3599.9748469466354, [ 0. 78.  2.  2.]
49, -1955832.961900377, 3599.9895877885488, [ 0. 84.  2.  2.]
49, -2132239.1565462546, 3999.9988520482175, [ 0. 99.  1.  2.]
49, -2120479.028194571, 3999.9986702655033, [ 0. 98.  1.  2.]
49, -1718532.9714037273, 3599.954714844061, [ 0. 74.  2.  2.]
49, -2085198.5138660385, 3599.997933245928, [ 0. 95.  2.  2.]
49, -2038157.382732641, 3599.996279048946, [ 0. 91.  2.  2.]
49, -2073438.287915445, 3599.9976059672304, [ 0. 94.  2.  2.]
49, -2184239.1565462546, 4999.998469397624, [ 0. 99.  1.  0.]
49, -1663644.8450204446, 3599.9392371066865, [ 0. 72.  2.  2.]
49, -1773419.2388232942, 3599.9662500378677, [ 0. 76.  2.  2.]
49, -828078.353510108, 3495.7049380365547, [64.  0.  2.  2.]
49, -2137198.5138660385, 4599.997244327904, [ 0. 95.  2.  0.]
49, -1979354.6938315919, 3599.9922400235814, [ 0. 86.  2.  2.]
49, -1991115.3929561372, 3599.993300859093, [ 0. 87.  2.  2.]
49, -2002876.0000961341, 3599.994216672001, [ 0. 88.  2.  2.]
49, -1855746.0465650107, 3599.9782855205167, [ 0. 79.  2.  2.]
49, -1944071.8946686327, 3599.9879389736016, [ 0. 83.  2.  2.]
72, -2899570.2349085943, 3583.3030842567027, [69.  0.  2.  2.]
72, -3225309.002464114, 3586.5467055532185, [72.  0.  2.  2.]
72, -4515980.032646821, 3594.723705688698, [85.  0.  2.  2.]
72, -3768060.9507050714, 3590.6139549568175, [77.  0.  2.  2.]
72, -4588945.9602426635, 3595.431321400689, [87.  0.  2.  2.]
72, -3333878.899481778, 3587.481293866824, [73.  0.  2.  2.]
72, -2465293.508003678, 3577.7303666710445, [65.  0.  2.  2.]
72, -4661797.050292025, 3596.0440371760365, [89.  0.  2.  2.]
72, -3550992.246885275, 3589.1602057377295, [75.  0.  2.  2.]
72, -4770887.315924133, 3596.812541099833, [92.  0.  2.  2.]
72, -4734546.731772252, 3596.574580258952, [91.  0.  2.  2.]
72, -3659532.760356914, 3589.9132365347205, [76.  0.  2.  2.]
72, -4879788.073019018, 3597.4317518408648, [95.  0.  2.  2.]
72, -4698183.789904002, 3596.3188543696215, [90.  0.  2.  2.]
72, -3985076.960670843, 3591.8727385943766, [79.  0.  2.  2.]
72, -4807206.897159055, 3597.0339710142666, [93.  0.  2.  2.]
72, -2682413.901580178, 3580.7169973466866, [67.  0.  2.  2.]
72, -799821.4016484553, 3491.4485758133833, [43.  0.  2.  2.]
72, -27419.994450370687, 3302.556581691936, [29.  0.  2.  2.]
72, -4418932.85942339, 3593.9064915479767, [83.  0.  2.  2.]
72, -3008152.2641168274, 3584.4630040361053, [70.  0.  2.  2.]
72, -3442440.514142969, 3588.350957167499, [74.  0.  2.  2.]
72, -2573847.0182985426, 3579.27741814902, [66.  0.  2.  2.]
72, -2790989.628613194, 3582.0565702670824, [68.  0.  2.  2.]
72, -4093563.5183859523, 3592.437332163733, [80.  0.  2.  2.]
72, -4310491.692095161, 3593.4515785779354, [82.  0.  2.  2.]
72, -2356758.5269042877, 3576.0678195326964, [64.  0.  2.  2.]
72, -4843506.749940391, 3597.2400183909035, [94.  0.  2.  2.]
72, -80190.70760570224, 3323.21970950865, [30.  0.  2.  2.]
72, -3876575.92158798, 3591.265995097843, [78.  0.  2.  2.]
72, -4625384.982506442, 3595.7487034103096, [88.  0.  2.  2.]
72, -4552478.255536005, 3595.0902451279403, [86.  0.  2.  2.]
72, -4479449.34159923, 3594.3298021215055, [84.  0.  2.  2.]
72, -5060953.929901823, 3598.208194059896, [100.   0.   2.   2.]
72, -4202035.188755814, 3592.962703923596, [81.  0.  2.  2.]
72, -2248247.9265528675, 3574.2811543657126, [63.  0.  2.  2.]
72, -133666.07842568483, 3342.4473883461983, [31.  0.  2.  2.]
72, -3116732.7165602418, 3585.542345227502, [71.  0.  2.  2.]
72, -2031327.2088656, 3570.297713887356, [61.  0.  2.  2.]
72, -4734546.731772252, 3796.5745802589518, [91.  0.  2.  0.]
72, -4879788.073019018, 3797.4317518408643, [95.  0.  2.  0.]
72, -4661797.050292025, 3596.0440371760365, [89.  0.  2.  2.]
72, -5060953.929901823, 3998.2081940598955, [100.   0.   2.   1.]
39, -1544337.9730814567, 3599.884879512726, [ 0. 85.  2.  2.]
39, -1762778.147780608, 3599.9642704064877, [ 0. 95.  2.  2.]
39, -1675406.767813924, 3599.9429470778805, [ 0. 91.  2.  2.]
39, -1858462.2953034563, 4599.962299951996, [ 0. 97.  2.  0.]
39, -1566184.0762306654, 3599.8975905190914, [ 0. 86.  2.  2.]
39, -921204.1851945557, 3598.8049069883923, [ 0. 65.  2.  2.]
39, -1588029.587820601, 3599.9088980421443, [ 0. 87.  2.  2.]
39, -1522491.2164345067, 3599.8705908235, [ 0. 84.  2.  2.]
39, -1923987.1014524412, 4799.9734597786855, [  0. 100.   0.   0.]
39, -1850145.6633877805, 3799.9776242161643, [ 0. 99.  0.  2.]
39, -1295830.8616826816, 3599.6290826374598, [ 0. 75.  2.  2.]
39, -1653563.109951632, 3599.935865701725, [ 0. 90.  2.  2.]
39, -1740935.7278919236, 3599.959835669718, [ 0. 94.  2.  2.]
39, -1697250.0676543256, 3599.949246565256, [ 0. 92.  2.  2.]
39, -1456946.3085352222, 3599.816175904925, [ 0. 81.  2.  2.]
39, -1609874.5640789554, 3599.9189570472236, [ 0. 88.  2.  2.]
39, -1806462.2953034563, 3799.971724963997, [ 0. 97.  0.  2.]
39, -7648.329425557429, 3528.247405351377, [ 0. 30.  2.  2.]
39, -1435096.183944972, 3599.793359763081, [ 0. 80.  2.  2.]
39, -1719093.0439401018, 3599.9548504959494, [ 0. 93.  2.  2.]
39, -1631719.056028634, 3599.9279053891996, [ 0. 89.  2.  2.]
39, -1413244.9894142915, 3599.7677116947234, [ 0. 79.  2.  2.]
39, -1500643.7380891566, 3599.854528630316, [ 0. 83.  2.  2.]
39, -1369538.9413012587, 3599.7064701624327, [ 0. 77.  2.  2.]
39, -1145999.4869858762, 3599.407720118884, [ 0. 71.  2.  2.]
39, -1108537.9437483908, 3599.3342066778223, [ 0. 70.  2.  2.]
39, -1220917.9682406476, 3599.531292317761, [ 0. 73.  2.  2.]
39, -1183459.467678885, 3599.4731165875505, [ 0. 72.  2.  2.]
39, -1071074.75789739, 3599.251568790382, [ 0. 69.  2.  2.]
95, -5987363.6412626505, 5994.808518251981, [65. 33.  2.  2.]
95, -5357213.810952748, 3599.006753078451, [82.  0.  2.  2.]
95, -3143877.27142927, 3585.8002548631634, [54.  0.  2.  2.]
95, -4975449.653696249, 3597.87616372657, [74.  0.  2.  2.]
95, -612532.6894440878, 3461.173629900388, [30.  0.  2.  2.]
95, -5838648.1963995285, 3799.820355608269, [100.   0.   2.   0.]
95, -5600627.111600993, 3599.5354917610607, [90.  0.  2.  2.]
95, -2857344.094989252, 3582.828963906445, [52.  0.  2.  2.]
95, -4495689.342396586, 3594.5083760329867, [64.  0.  2.  2.]
95, -2570831.440073447, 3579.2359315125104, [50.  0.  2.  2.]
95, -6103099.83538616, 6996.119085363282, [69. 31.  2.  0.]
95, -5118754.224102115, 3598.40284484854, [77.  0.  2.  2.]
95, -5576794.164380565, 3599.489199401771, [89.  0.  2.  2.]
95, -5648272.074917788, 3599.615870669017, [92.  0.  2.  2.]
95, -5695893.006099506, 3599.682340741128, [94.  0.  2.  2.]
95, -4927632.808924927, 3597.6645046350845, [73.  0.  2.  2.]
95, -5672085.279207115, 3599.650683183069, [93.  0.  2.  2.]
95, -5452496.884456313, 3599.178625385964, [84.  0.  2.  2.]
95, -4736061.359482309, 3596.5848411191896, [69.  0.  2.  2.]
95, -4640054.102493094, 3595.8702204974443, [67.  0.  2.  2.]
95, -5529103.936180887, 3599.382314582109, [87.  0.  2.  2.]
95, -5624452.874826305, 3599.577588779671, [91.  0.  2.  2.]
95, -5309553.095082825, 3598.9077672273916, [81.  0.  2.  2.]
95, -6040585.75605444, 5994.857507227518, [65. 34.  2.  2.]
95, -4543863.44228296, 3595.006065798121, [65.  0.  2.  2.]
14, -153430.20302665234, 4836.166433822309, [ 2. 98.  0.  0.]
14, -117696.67940037465, 3764.010615630854, [  0. 100.   0.   2.]
14, -149501.70914182535, 4745.570510750124, [ 0. 97.  0.  0.]
14, -84055.71622673643, 3555.600686112434, [ 0. 95.  2.  2.]
14, -136055.71622673643, 4540.800914816578, [ 0. 95.  2.  0.]
14, -122626.62832830084, 4535.61336446746, [ 0. 93.  2.  0.]
14, -57217.45420087084, 3547.4784261147543, [ 0. 91.  2.  2.]
14, -63919.34899077119, 3549.6386499733326, [ 0. 92.  2.  2.]
72, -4770887.315924133, 3796.8125410998327, [92.  0.  2.  0.]
72, -80190.70760570224, 3523.2197095086494, [30.  0.  2.  0.]
72, -3236479.9949997836, 3766.725845523049, [ 1. 93.  2.  2.]
72, -3158719.977872364, 3599.9999794525966, [ 0. 86.  2.  2.]
72, -4479449.34159923, 3794.329802121505, [84.  0.  2.  0.]
72, -2790989.628613194, 3582.0565702670824, [68.  0.  2.  2.]
72, -133666.07842568483, 3542.447388346198, [31.  0.  2.  0.]
72, -4879788.073019018, 3797.4317518408643, [95.  0.  2.  0.]
72, -4418932.85942339, 3793.9064915479767, [83.  0.  2.  0.]
72, -4905788.073019018, 4796.575669121153, [95.  0.  0.  0.]
72, -3985076.960670843, 3791.8727385943766, [79.  0.  2.  0.]
72, -4202035.188755814, 3792.9627039235957, [81.  0.  2.  0.]
72, -4588945.9602426635, 3795.431321400689, [87.  0.  2.  0.]
72, -4552478.255536005, 3795.09024512794, [86.  0.  2.  0.]
72, -4310491.692095161, 3793.451578577935, [82.  0.  2.  0.]
72, -4843506.749940391, 3797.240018390903, [94.  0.  2.  0.]
72, -3550992.246885275, 3789.1602057377295, [75.  0.  2.  0.]
72, -2465293.508003678, 3577.7303666710445, [65.  0.  2.  2.]
72, -2682413.901580178, 3580.7169973466866, [67.  0.  2.  2.]
72, -4661797.050292025, 3596.0440371760365, [89.  0.  2.  2.]
72, -3333878.899481778, 3587.481293866824, [73.  0.  2.  2.]
72, -80190.70760570224, 3523.2197095086494, [30.  0.  2.  0.]
72, -2573847.0182985426, 3579.27741814902, [66.  0.  2.  2.]
72, -4916051.993802173, 3997.610165739814, [96.  0.  2.  1.]
72, -2356758.5269042877, 3576.0678195326964, [64.  0.  2.  2.]
72, -4479449.34159923, 3594.3298021215055, [84.  0.  2.  2.]
72, -5050749.63137655, 4597.432568227922, [99.  0.  0.  2.]
72, -3225309.002464114, 3586.5467055532185, [72.  0.  2.  2.]
72, -4625384.982506442, 3595.7487034103096, [88.  0.  2.  2.]
72, -4418932.85942339, 3593.9064915479767, [83.  0.  2.  2.]
72, -4202035.188755814, 3592.962703923596, [81.  0.  2.  2.]
72, -4310491.692095161, 3593.4515785779354, [82.  0.  2.  2.]
72, -4946539.57248069, 4064.011460888678, [97.  1.  2.  2.]
72, -4698183.789904002, 3596.3188543696215, [90.  0.  2.  2.]
72, -2790989.628613194, 3582.0565702670824, [68.  0.  2.  2.]
72, -4552478.255536005, 3595.0902451279403, [86.  0.  2.  2.]
72, -4879788.073019018, 3597.4317518408648, [95.  0.  2.  2.]
99, -5124281.366039999, 3598.4203172806497, [74.  0.  2.  2.]
99, -2872424.823106018, 3582.999818570275, [50.  0.  2.  2.]
99, -5492181.2172880545, 3599.28450164828, [82.  0.  2.  2.]
99, -6103239.015097501, 5994.205135943589, [61. 35.  2.  2.]
99, -6048522.276786161, 5993.628586387691, [60. 36.  2.  2.]
99, -5634508.117362851, 5216.112841025441, [87.  1.  0.  2.]
99, -5616428.117362851, 3599.563853020573, [87.  0.  2.  2.]
99, -6233949.698288896, 6996.52002881794, [67. 31.  2.  0.]
99, -6131979.460099565, 5996.271561411334, [66. 31.  2.  2.]
99, -6283880.525965092, 6996.8177782224075, [68. 31.  2.  0.]
99, -6181949.698288896, 5996.60029649452, [67. 31.  2.  2.]
99, -6231880.525965092, 5996.898045898986, [68. 31.  2.  2.]
99, -158635.83162654872, 3572.1112323008856, [ 0. 15.  2.  2.]
31, -115291.0958027303, 3563.4667057394026, [ 0. 45.  2.  2.]
31, -1389151.274816608, 3599.7357278891277, [ 0. 98.  2.  2.]
31, -1106616.7953564785, 3599.330199909605, [ 0. 88.  2.  2.]
31, -868357.9856689192, 3598.5905155258897, [ 0. 80.  2.  2.]
31, -1166170.4347666008, 3599.443882671029, [ 0. 90.  2.  2.]
31, -399337.33482207335, 3593.758478290608, [ 0. 64.  2.  2.]
31, -1225720.2373344288, 3599.5382704660433, [ 0. 92.  2.  2.]
31, -510842.88235588267, 3595.697380529824, [ 0. 68.  2.  2.]
31, -987496.7411044454, 3599.0283658979997, [ 0. 84.  2.  2.]
31, -659820.1267544149, 3597.2973736665094, [ 0. 73.  2.  2.]
31, -630025.237370382, 3597.0339710142666, [ 0. 72.  2.  2.]
31, -421462.7438345663, 3594.312765986445, [ 0. 65.  2.  2.]
31, -451254.5711409194, 3594.8178293321853, [ 0. 66.  2.  2.]
31, -689614.2986413597, 3597.537384451194, [ 0. 74.  2.  2.]
31, -957713.864502815, 3598.9336687523737, [ 0. 83.  2.  2.]
31, -898144.4990286131, 3598.7156869084224, [ 0. 81.  2.  2.]
31, -1344809.6628049335, 3599.681704786868, [ 0. 96.  2.  2.]
31, -1423890.583479767, 3599.7805818444526, [  0. 100.   2.   2.]
31, -1017278.4420864021, 3599.1146533215915, [ 0. 85.  2.  2.]
31, -1371780.4073352853, 3599.7099714706187, [ 0. 97.  2.  2.]
31, -1285266.5364346057, 3599.6166381599323, [ 0. 94.  2.  2.]
31, -1255493.8039660237, 3599.579275049764, [ 0. 93.  2.  2.]
31, -1047058.9958355434, 3599.1932778611254, [ 0. 86.  2.  2.]
31, -927929.7892587105, 3598.8297422586093, [ 0. 82.  2.  2.]
31, -1315038.4759038507, 3599.650683183069, [ 0. 95.  2.  2.]
31, -808781.3087714494, 3598.3023855237248, [ 0. 78.  2.  2.]
31, -838570.2509895443, 3598.4531447232093, [ 0. 79.  2.  2.]
31, -1136394.1152900858, 3599.3896825111347, [ 0. 89.  2.  2.]
31, -540638.3322962536, 3596.0794811045275, [ 0. 69.  2.  2.]
31, -749199.9309334274, 3597.955355335235, [ 0. 76.  2.  2.]
31, -719407.6053096049, 3597.7560807182003, [ 0. 75.  2.  2.]
31, -1076838.4349684876, 3599.2649200305123, [ 0. 87.  2.  2.]
31, -481048.13726314425, 3595.278039770062, [ 0. 67.  2.  2.]
31, -1195945.7948849166, 3599.493269504439, [ 0. 91.  2.  2.]
31, -778991.1870828872, 3598.136933071051, [ 0. 77.  2.  2.]
31, -600229.8152238096, 3596.7448966824613, [ 0. 71.  2.  2.]
38, -1560582.5700845192, 3599.894471686078, [ 0. 88.  2.  2.]
38, -1518009.7436050011, 3599.867447433465, [ 0. 86.  2.  2.]
38, -1688288.7548983293, 3599.9467509856095, [ 0. 94.  2.  2.]
38, -1333285.4191241488, 3599.6700374063967, [ 0. 78.  2.  2.]
38, -1846701.2620685957, 4999.959848437035, [ 0. 99.  1.  0.]
38, -1390271.9467838914, 3599.7373087743945, [ 0. 80.  2.  2.]
38, -1454145.0667321521, 3599.813397759498, [ 0. 83.  2.  2.]
38, -1411564.0809045543, 3599.765611664013, [ 0. 81.  2.  2.]
38, -1794701.2620685957, 3799.9698863277763, [ 0. 99.  0.  2.]
38, -1260295.9129259482, 3599.5855388282334, [ 0. 76.  2.  2.]
38, -858749.1720393992, 3598.5475903331157, [ 0. 65.  2.  2.]
38, -1667005.4053085677, 3599.940321053974, [ 0. 93.  2.  2.]
38, -968282.1181460096, 3598.9682834006267, [ 0. 68.  2.  2.]
38, -1603153.0867773865, 3599.9159863491873, [ 0. 90.  2.  2.]
38, -1432855.0868015934, 3599.790865142449, [ 0. 82.  2.  2.]
38, -822234.5275464391, 3598.3722087796373, [ 0. 64.  2.  2.]
38, -1296791.2499992629, 3599.630193722087, [ 0. 77.  2.  2.]
38, -1624437.609574509, 3599.9250381516595, [ 0. 91.  2.  2.]
38, -1539296.4742364022, 3599.8817289179365, [ 0. 87.  2.  2.]
38, -1496722.313771479, 3599.851441429397, [ 0. 85.  2.  2.]
38, -1709571.7842920152, 3599.952488143267, [ 0. 95.  2.  2.]
38, -1581868.0898035385, 3599.905841522332, [ 0. 89.  2.  2.]
38, -1645721.7023658347, 3599.9331146944305, [ 0. 92.  2.  2.]
93, -5943044.926991174, 6993.385757813618, [67. 32.  0.  2.]
93, -346248.5997190664, 3405.1511721066504, [27.  0.  2.  2.]
93, -5945514.797884636, 6993.574712628987, [64. 35.  2.  0.]
93, -6014553.540680647, 7992.174118514178, [65. 34.  0.  0.]
93, -64722.953354915066, 3317.345863891592, [23.  0.  2.  2.]
93, -5321594.999226116, 3598.9336687523737, [83.  0.  2.  2.]
93, -5578801.442739852, 3599.493269504439, [91.  0.  2.  2.]
93, -5461521.278319444, 3599.1932778611254, [86.  0.  2.  2.]
93, -4947769.484194008, 3597.7560807182003, [75.  0.  2.  2.]
93, -5368249.115348194, 3599.0283658979997, [84.  0.  2.  2.]
93, -4477926.494724565, 3594.312765986445, [65.  0.  2.  2.]
93, -5274927.473539996, 3598.8297422586093, [82.  0.  2.  2.]
93, -846460.6031913329, 3498.3816614560965, [34.  0.  2.  2.]
93, -5555463.304612575, 3599.443882671029, [90.  0.  2.  2.]
93, -2279893.959086383, 3574.8156186080714, [49.  0.  2.  2.]
93, -5228245.388367736, 3598.7156869084224, [81.  0.  2.  2.]
93, -5532116.996441713, 3599.3896825111347, [89.  0.  2.  2.]
93, -4525107.554072918, 3594.8178293321853, [66.  0.  2.  2.]
93, -203661.04363731918, 3365.31973427676, [25.  0.  2.  2.]
93, -5602132.102386006, 3599.5382704660433, [92.  0.  2.  2.]
93, -418603.42099943705, 3422.4550144832583, [28.  0.  2.  2.]
93, -5718693.604435426, 3599.7099714706187, [97.  0.  2.  2.]
93, -5741990.967869109, 3799.7357278891277, [98.  0.  2.  0.]
93, -5414890.882411993, 3599.1146533215915, [85.  0.  2.  2.]
93, -4666346.745593557, 3596.0794811045275, [69.  0.  2.  2.]
93, -4807206.897159054, 3597.0339710142666, [72.  0.  2.  2.]
93, -5485396.779032838, 3599.2649200305123, [87.  0.  2.  2.]
93, -4900944.072191117, 3597.537384451194, [74.  0.  2.  2.]
93, -4619313.729343345, 3595.697380529824, [68.  0.  2.  2.]
93, -5648773.465419431, 3599.6166381599323, [94.  0.  2.  2.]
93, -564945.4342445758, 3452.5890866039995, [30.  0.  2.  2.]
93, -5041344.896155824, 3598.136933071051, [77.  0.  2.  2.]
93, -4760290.20714028, 3596.7448966824613, [71.  0.  2.  2.]
93, -5134832.448075174, 3598.4531447232093, [79.  0.  2.  2.]
93, -5936553.540680647, 5994.130588885634, [65. 34.  2.  2.]
93, -5672085.279207115, 3599.650683183069, [95.  0.  2.  2.]
93, -5088098.776860046, 3598.3023855237248, [78.  0.  2.  2.]
93, -5990123.392148279, 6993.944878826633, [68. 32.  0.  2.]
93, -638772.1488483913, 3465.6801338408472, [31.  0.  2.  2.]
35, -1530333.7212381347, 3799.875913451325, [ 0. 94.  0.  2.]
35, -1041295.1057432699, 3599.178625385964, [ 0. 76.  2.  2.]
35, -1549939.5977133699, 3799.888281837305, [ 0. 95.  0.  2.]
35, -1276622.9234163621, 3599.6061463887063, [ 0. 83.  2.  2.]
35, -1209392.428407558, 3599.514111440912, [ 0. 81.  2.  2.]
35, -873162.3448050015, 3598.611500015869, [ 0. 71.  2.  2.]
35, -805898.4447361579, 3598.287038033327, [ 0. 69.  2.  2.]
35, -1343849.3132766443, 3599.680748467467, [ 0. 85.  2.  2.]
35, -1393073.6117196614, 3599.741219737227, [ 0. 87.  2.  2.]
35, -1510727.2839276968, 3599.8621757537844, [ 0. 93.  2.  2.]
35, -1310236.6021334522, 3599.645403935443, [ 0. 84.  2.  2.]
35, -738628.5789316893, 3597.8867564041752, [ 0. 67.  2.  2.]
35, -1412684.6873552292, 3599.7670137834643, [ 0. 88.  2.  2.]
35, -1562727.2839276968, 4599.816234338379, [ 0. 93.  2.  0.]
35, -1074917.2137823487, 3599.2604962927535, [ 0. 77.  2.  2.]
35, -1582333.7212381347, 4599.834551268434, [ 0. 94.  2.  0.]
35, -1007671.5685804009, 3599.0876905011132, [ 0. 75.  2.  2.]
35, -1601939.5977133699, 4599.85104244974, [ 0. 95.  2.  0.]
89, -2655271.184844168, 3580.3667606247704, [54.  0.  2.  2.]
89, -2789481.5904248552, 3582.038617862643, [55.  0.  2.  2.]
89, -540424.6306147925, 3447.947779717354, [31.  0.  2.  2.]
89, -5576794.164380565, 3599.489199401771, [95.  0.  2.  2.]
89, -4975952.848649056, 3597.878286501279, [79.  0.  2.  2.]
89, -5288979.38897034, 3598.8620549861125, [86.  0.  2.  2.]
89, -5699232.767049942, 7991.14594017581, [67. 32.  0.  0.]
89, -5741022.727896542, 7992.297380078477, [69. 31.  0.  0.]
89, -5621443.679211636, 3599.572489309399, [97.  0.  2.  2.]
89, -4841490.588308605, 3597.228956355145, [76.  0.  2.  2.]
89, -4131228.996723842, 3592.6240550979114, [65.  0.  2.  2.]
89, -4661797.050292025, 3596.0440371760365, [72.  0.  2.  2.]
89, -4526628.6126064565, 3594.8333525477233, [69.  0.  2.  2.]
89, -3997131.746367676, 3591.9374973053978, [64.  0.  2.  2.]
89, -5599122.09217897, 3599.532696333731, [96.  0.  2.  2.]
89, -4481479.710877091, 3594.3524376118585, [68.  0.  2.  2.]
89, -5065478.557908078, 3598.224247962432, [81.  0.  2.  2.]
89, -5688375.338716713, 3599.672666576443, [100.   0.   2.   2.]
89, -5154927.136267478, 3598.5137977861623, [83.  0.  2.  2.]
89, -5532116.9964417135, 3599.3896825111347, [93.  0.  2.  2.]
89, -5244309.759843811, 3598.7561343173566, [85.  0.  2.  2.]
89, -4616783.817760908, 3595.6758135599794, [71.  0.  2.  2.]
92, -5305946.164500363, 4598.455182023589, [83.  0.  0.  2.]
92, -4936009.169700967, 4596.775086627044, [75.  0.  0.  2.]
92, -5605052.348637656, 4599.3250346422055, [92.  0.  0.  2.]
92, -396754.71407676203, 3417.4135031039186, [28.  0.  2.  2.]
92, -5935208.316065767, 7990.572038155846, [66. 34.  1.  2.]
92, -3770559.9999944926, 3599.9999999957004, [ 0. 98.  2.  2.]
92, -5731483.44635609, 5995.7557637762875, [72. 28.  2.  2.]
92, -3785279.999995805, 3599.9999999967376, [ 0. 99.  2.  2.]
92, -3711679.9999836446, 3599.999999987032, [ 0. 94.  2.  2.]
92, -3168959.981680027, 3599.999983042087, [ 0. 68.  2.  2.]
92, -3462079.9995808075, 3599.999999644157, [ 0. 82.  2.  2.]
92, -3652799.9999514357, 3599.999999960886, [ 0. 90.  2.  2.]
92, -1388030.5993991506, 3599.734137490036, [ 0. 33.  2.  2.]
92, -3198399.9893555925, 3599.9999902356835, [ 0. 70.  2.  2.]
92, -1645721.7023658347, 3599.9331146944305, [ 0. 38.  2.  2.]
92, -3682239.9999718154, 3599.999999977478, [ 0. 92.  2.  2.]
92, -4484269.971461667, 4173.313233012747, [66.  1.  2.  2.]
92, -3344319.998777759, 3599.9999989267035, [ 0. 78.  2.  2.]
92, -3242559.995286422, 3599.9999957337527, [ 0. 73.  2.  2.]
92, -3139519.968472297, 3599.9999705488026, [ 0. 66.  2.  2.]
92, -3579839.9998563896, 3599.999999882023, [ 0. 86.  2.  2.]
92, -3638079.999936253, 3599.999999948453, [ 0. 89.  2.  2.]
92, -3257279.996407392, 3599.9999967627164, [ 0. 74.  2.  2.]
92, -3373759.9990645554, 3599.999999185569, [ 0. 79.  2.  2.]
92, -3108799.9588487204, 3599.999961187802, [ 0. 65.  2.  2.]
92, -3432639.99945217, 3599.999999531053, [ 0. 81.  2.  2.]
92, -3667519.9999630027, 3599.9999999703195, [ 0. 91.  2.  2.]
92, -3520959.9997546086, 3599.9999997951068, [ 0. 84.  2.  2.]
92, -3726399.9999875408, 3599.9999999901597, [ 0. 95.  2.  2.]
92, -3227839.9938158095, 3599.999994377735, [ 0. 72.  2.  2.]
92, -3183679.9860354294, 3599.999987132116, [ 0. 69.  2.  2.]
92, -3286719.997913095, 3599.9999981359815, [ 0. 76.  2.  2.]
92, -3403199.9992841077, 3599.999999381999, [ 0. 80.  2.  2.]
92, -3020479.9472746886, 3599.999948851428, [ 0. 64.  2.  2.]
92, -783796.1235543742, 3598.1646705240123, [ 0. 26.  2.  2.]
92, -5862615.6794261, 6994.778986004929, [68. 31.  2.  0.]
92, -5836615.6794261, 6993.397770977427, [68. 31.  0.  2.]
92, -3623359.9999163235, 3599.9999999320694, [ 0. 88.  2.  2.]
92, -3696959.9999785293, 3599.99999998291, [ 0. 93.  2.  2.]
92, -1225720.2373344288, 3599.5382704660433, [ 0. 31.  2.  2.]
92, -1137354.6571222704, 3599.3915107199164, [ 0. 30.  2.  2.]
92, -3608639.9998901673, 3599.9999999104775, [ 0. 87.  2.  2.]
92, -3213119.9918865315, 3599.9999925907105, [ 0. 71.  2.  2.]
92, -3491519.999679261, 3599.9999997299815, [ 0. 83.  2.  2.]
92, -5720389.512973799, 4599.573905408341, [97.  0.  0.  2.]
92, -5722250.099213941, 5994.786136103454, [68. 30.  2.  2.]
92, -757494.7516622947, 3484.736130619103, [33.  0.  2.  2.]
92, -3154239.975966717, 3599.9999776520503, [ 0. 67.  2.  2.]
92, -3550399.9998122687, 3599.999999844524, [ 0. 85.  2.  2.]
92, -872201.4755229542, 3598.6073282614134, [ 0. 27.  2.  2.]
73, -4537633.516671748, 5726.894640571104, [86. 10.  2.  2.]
73, -4433992.914594397, 3593.9671229701253, [82.  0.  2.  2.]
73, -393071.7524327778, 3593.510249953513, [ 0. 27.  2.  2.]
73, -4970378.641179183, 5932.062723616995, [96.  2.  0.  0.]
73, -5007109.026625904, 5932.266513109533, [97.  2.  0.  0.]
20, -378128.8132469398, 3592.8777476525256, [ 0. 97.  2.  2.]
20, -430128.8132469398, 4790.5036635367005, [ 0. 97.  0.  0.]
20, -98462.7119481701, 3559.422082433507, [ 0. 68.  2.  2.]
20, -381907.8736877994, 4587.181286585311, [ 0. 92.  2.  0.]
20, -391554.14796307415, 4787.927790339865, [ 0. 93.  0.  0.]
20, -272012.5348709103, 3586.21992075443, [ 0. 86.  2.  2.]
20, -390754.14796307415, 4635.450974403652, [ 1. 93.  2.  0.]
39, -546405.24010518, 3596.1494191142424, [ 0. 55.  2.  2.]
39, -1522491.2164345067, 3599.8705908235, [ 0. 84.  2.  2.]
39, -1675406.767813924, 3599.9429470778805, [ 0. 91.  2.  2.]
39, -1923987.1014524412, 4599.9734597786855, [  0. 100.   2.   0.]
39, -1609874.5640789554, 3599.9189570472236, [ 0. 88.  2.  2.]
39, -958674.6210594882, 3598.9368629524206, [ 0. 66.  2.  2.]
39, -270082.29625256656, 3586.05356365718, [ 0. 44.  2.  2.]
39, -1762778.147780608, 3599.9642704064877, [ 0. 95.  2.  2.]
39, -1871987.1014524412, 3999.9800948340144, [  0. 100.   1.   2.]
39, -1183459.467678885, 3599.4731165875505, [ 0. 72.  2.  2.]
39, -1740935.7278919236, 3599.959835669718, [ 0. 94.  2.  2.]
39, -1631719.056028634, 3599.9279053891996, [ 0. 89.  2.  2.]
39, -1719093.0439401018, 3599.9548504959494, [ 0. 93.  2.  2.]
39, -1220917.9682406476, 3599.531292317761, [ 0. 73.  2.  2.]
39, -1653563.109951632, 3599.935865701725, [ 0. 90.  2.  2.]
39, -1825184.0670498768, 3780.060223242141, [ 2. 98.  2.  2.]
39, -1566184.0762306654, 3599.8975905190914, [ 0. 86.  2.  2.]
39, -1295830.8616826816, 3599.6290826374598, [ 0. 75.  2.  2.]
39, -1478795.4629822415, 3599.8364728068746, [ 0. 82.  2.  2.]
39, -1108537.9437483908, 3599.3342066778223, [ 0. 70.  2.  2.]
39, -1500643.7380891566, 3599.854528630316, [ 0. 83.  2.  2.]
39, -1544337.9730814567, 3599.884879512726, [ 0. 85.  2.  2.]
39, -1697250.0676543256, 3599.949246565256, [ 0. 92.  2.  2.]
39, -1588029.587820601, 3599.9088980421443, [ 0. 87.  2.  2.]
39, -1391392.6153181088, 3599.7388802027485, [ 0. 78.  2.  2.]
50, -2701621.0018407186, 4940.801808692183, [97.  3.  2.  0.]
50, -1963993.6188131585, 3599.9905974653616, [ 0. 83.  2.  2.]
50, -2035997.31385619, 3599.996177214691, [ 0. 89.  2.  2.]
50, -2521445.6347125405, 4570.895113274573, [94.  0.  0.  2.]
50, -1987995.216975967, 3599.993034431019, [ 0. 85.  2.  2.]
50, -1619956.694559757, 3599.9232173045334, [ 0. 69.  2.  2.]
50, -2083998.4922451954, 3599.9979020109404, [ 0. 93.  2.  2.]
50, -1939991.4878354932, 3599.9873079058048, [ 0. 81.  2.  2.]
50, -2059997.98739981, 3599.9971680109898, [ 0. 91.  2.  2.]
50, -21901.53811604793, 3534.423066126498, [ 0. 24.  2.  2.]
50, -2107998.8705939404, 3599.9984457714777, [ 0. 95.  2.  2.]
50, -1951992.6298153652, 3599.9890758132883, [ 0. 82.  2.  2.]
50, -1703971.0163855532, 3599.951041191813, [ 0. 72.  2.  2.]
50, -1999995.8592317798, 3599.994004679218, [ 0. 86.  2.  2.]
50, -2011996.415366883, 3599.9948397795815, [ 0. 87.  2.  2.]
50, -1927990.1692602346, 3599.985253890352, [ 0. 80.  2.  2.]
50, -1479915.908000773, 3599.837451032422, [ 0. 64.  2.  2.]
50, -2071998.2579889009, 3599.9975624844697, [ 0. 92.  2.  2.]
50, -2095998.6950403904, 3599.998194244082, [ 0. 94.  2.  2.]
50, -165867.07266465746, 3573.3384083082183, [ 0. 30.  2.  2.]
50, -1731974.6602723175, 3599.9578607632775, [ 0. 73.  2.  2.]
50, -45742.29639782313, 3543.557409945578, [ 0. 25.  2.  2.]
50, -2023996.8969119117, 3599.995558557126, [ 0. 88.  2.  2.]
50, -1975994.4752902403, 3599.991907163438, [ 0. 84.  2.  2.]
50, -1871987.1014524412, 3599.9800948340144, [ 0. 78.  2.  2.]
50, -1843985.2298731306, 3599.9768734965505, [ 0. 77.  2.  2.]
76, -4457108.164731218, 3594.0747432682474, [79.  0.  2.  2.]
76, -4232163.525755919, 3593.1020517222423, [77.  0.  2.  2.]
76, -4726468.059503927, 3596.519332741565, [86.  0.  2.  2.]
76, -5071008.391711617, 3598.243674194687, [95.  0.  2.  2.]
76, -2857344.094989252, 3582.828963906445, [65.  0.  2.  2.]
76, -2742732.924256253, 3581.47309469555, [64.  0.  2.  2.]
76, -4534233.077982147, 3594.910273907042, [81.  0.  2.  2.]
76, -3430378.5736289327, 3588.257391059425, [70.  0.  2.  2.]
76, -4572741.739084125, 3595.2827593700986, [82.  0.  2.  2.]
76, -4841490.588308605, 3597.228956355145, [89.  0.  2.  2.]
76, -4918066.167422308, 3597.6197059836477, [91.  0.  2.  2.]
76, -4003159.0719177932, 3591.969682902069, [75.  0.  2.  2.]
76, -4649662.586889433, 3595.947945581479, [84.  0.  2.  2.]
76, -3888632.2919712453, 3591.335588392717, [74.  0.  2.  2.]
76, -3315784.4444906334, 3587.330164430155, [69.  0.  2.  2.]
76, -4495689.342396586, 3594.5083760329867, [80.  0.  2.  2.]
76, -4688078.813031869, 3596.244490295054, [85.  0.  2.  2.]
76, -4764832.046002738, 3596.774061175242, [87.  0.  2.  2.]
76, -4611217.547294227, 3595.627984933967, [83.  0.  2.  2.]
76, -3544961.8781524496, 3589.116759726586, [71.  0.  2.  2.]
76, -4803172.385017051, 3597.0101476158447, [88.  0.  2.  2.]
76, -5097008.391711617, 4597.658232259582, [95.  0.  0.  2.]
76, -4994569.0862525245, 3597.955355335235, [93.  0.  2.  2.]
76, -4956326.116342208, 3597.793904929268, [92.  0.  2.  2.]
76, -4346640.457305458, 3593.6068697441656, [78.  0.  2.  2.]
76, -5032796.170077913, 3598.10499018804, [94.  0.  2.  2.]
76, -4879788.073019019, 3597.4317518408648, [90.  0.  2.  2.]
76, -1324.2624408952688, 3291.6535414107, [27.  0.  2.  2.]
76, -3659532.760356914, 3589.9132365347205, [72.  0.  2.  2.]
76, -4117669.632294119, 3592.557371969827, [76.  0.  2.  2.]
76, -227201.0732010145, 3372.483214898328, [31.  0.  2.  2.]
76, -3774089.9143653763, 3590.6514241486475, [73.  0.  2.  2.]
76, -2055421.4948129875, 3570.7691687684483, [58.  0.  2.  2.]
76, -169670.67015657574, 3354.51790388271, [30.  0.  2.  2.]
76, -112791.28990810865, 3335.134005663763, [29.  0.  2.  2.]
46, -854948.5198240401, 3499.593794176742, [69.  0.  2.  2.]
46, -1998201.3605061988, 3769.637022636787, [95.  0.  2.  0.]
46, -1790528.7313217584, 3565.1440443535034, [92.  0.  2.  2.]
46, -1410704.1744107432, 3554.065153302634, [86.  0.  2.  2.]
46, -687388.1435856133, 3473.6287483538663, [64.  0.  2.  2.]
46, -1148795.9357312233, 3533.6314024378253, [78.  0.  2.  2.]
46, -1928953.499625984, 3568.207703362515, [94.  0.  2.  2.]
46, -2046237.7279367354, 3810.9444288171476, [ 2. 98.  2.  2.]
46, -1721357.40991845, 3563.5032207731037, [91.  0.  2.  2.]
46, -1312473.3152457373, 3547.267919085831, [83.  0.  2.  2.]
46, -2057756.1361758825, 4599.992561558376, [ 0. 94.  2.  0.]
39, -1259800.662080645, 3543.2177364036456, [96.  0.  2.  2.]
39, -334638.50105426105, 3402.206409180401, [64.  0.  2.  2.]
39, -954836.8827414595, 3512.798283414384, [85.  0.  2.  2.]
39, -1609874.5640789554, 3599.9189570472236, [ 0. 88.  2.  2.]
39, -1121057.8989214203, 3530.991891213595, [91.  0.  2.  2.]
39, -871931.1999733998, 3501.9748560837415, [82.  0.  2.  2.]
39, -927182.2611378832, 3509.33022897065, [84.  0.  2.  2.]
39, -1828304.0670498768, 3599.9748469466354, [ 0. 98.  2.  2.]
39, -364860.787323756, 3409.771873764644, [65.  0.  2.  2.]
39, -672230.5023876638, 3471.204739409448, [75.  0.  2.  2.]
39, -1435096.183944972, 3599.793359763081, [ 0. 80.  2.  2.]
39, -1762778.147780608, 3599.9642704064877, [ 0. 95.  2.  2.]
39, -1456946.3085352222, 3599.816175904925, [ 0. 81.  2.  2.]
39, -1522491.2164345067, 3599.8705908235, [ 0. 84.  2.  2.]
39, -1740935.7278919236, 3599.959835669718, [ 0. 94.  2.  2.]
39, -1902145.6633877805, 4599.970165621552, [ 0. 99.  2.  0.]
39, -1391392.6153181088, 3599.7388802027485, [ 0. 78.  2.  2.]
39, -1850145.6633877805, 3599.9776242161643, [ 0. 99.  2.  2.]
39, -1588029.587820601, 3599.9088980421443, [ 0. 87.  2.  2.]
39, -1653563.109951632, 3599.935865701725, [ 0. 90.  2.  2.]
39, -1478795.4629822415, 3599.8364728068746, [ 0. 82.  2.  2.]
39, -1675406.767813924, 3599.9429470778805, [ 0. 91.  2.  2.]
39, -1697250.0676543256, 3599.949246565256, [ 0. 92.  2.  2.]
39, -1295830.8616826816, 3599.6290826374598, [ 0. 75.  2.  2.]
39, -1566184.0762306654, 3599.8975905190914, [ 0. 86.  2.  2.]
39, -1333285.4191241488, 3599.6700374063967, [ 0. 76.  2.  2.]
39, -1719093.0439401018, 3599.9548504959494, [ 0. 93.  2.  2.]
60, -2047997.6748533896, 3599.9967096981927, [ 0. 75.  2.  2.]
60, -2321599.637537583, 3599.9995457105388, [ 0. 86.  2.  2.]
60, -165867.07266465746, 3573.3384083082183, [ 0. 25.  2.  2.]
60, -310612.5063344294, 3589.1602057377295, [ 0. 30.  2.  2.]
60, -2609599.8349025487, 3599.999815299688, [ 0. 91.  2.  2.]
60, -3667443.5034413054, 4586.388621616592, [91.  0.  0.  2.]
60, -2105598.837479655, 3599.9983984381724, [ 0. 79.  2.  2.]
60, -1975994.4752902403, 3599.991907163438, [ 0. 70.  2.  2.]
60, -1990395.352927925, 3599.993240294694, [ 0. 71.  2.  2.]
60, -2379199.689960414, 3599.999620545546, [ 0. 87.  2.  2.]
60, -2724799.879867153, 3599.9998711389653, [ 0. 93.  2.  2.]
60, -2667199.859136943, 3599.999845725332, [ 0. 92.  2.  2.]
60, -2004796.0913374594, 3599.99435381952, [ 0. 72.  2.  2.]
60, -252709.57483912824, 3584.4630040361053, [ 0. 28.  2.  2.]
60, -2163199.419172974, 3599.9992204361674, [ 0. 83.  2.  2.]
60, -2839999.9127338696, 3599.9999100967066, [ 0. 95.  2.  2.]
60, -2551999.8065880914, 3599.99977887358, [ 0. 90.  2.  2.]
60, -2148799.3091036743, 3599.9990666926437, [ 0. 82.  2.  2.]
60, -2062398.0446825013, 3599.9972517089136, [ 0. 76.  2.  2.]
60, -2782399.8975900426, 3599.999892366216, [ 0. 94.  2.  2.]
60, -2436799.734947786, 3599.9996830529976, [ 0. 88.  2.  2.]
60, -2206399.5054759774, 3599.9993488535524, [ 0. 84.  2.  2.]
60, -3892744.512889091, 5904.7674337612625, [94.  6.  2.  0.]
60, -1961593.4322281948, 3599.9903111155513, [ 0. 69.  2.  2.]
60, -2134399.1782103074, 3599.9988826282283, [ 0. 81.  2.  2.]
60, -2091198.6174140624, 3599.998082582372, [ 0. 78.  2.  2.]
60, -339554.14796307415, 3590.945842754899, [ 0. 31.  2.  2.]
60, -2494399.7735268427, 3599.9997352636105, [ 0. 89.  2.  2.]
20, -416486.7752945015, 4915.390237597543, [ 2. 96.  0.  0.]
20, -401199.41470816947, 4588.630821100091, [ 0. 94.  2.  0.]
20, -395809.51460173074, 4072.8884356105473, [ 1. 99.  1.  2.]
20, -291313.8249974588, 3587.778166097522, [ 0. 88.  2.  2.]
20, -252709.57483912824, 3584.4630040361053, [ 0. 84.  2.  2.]
20, -329907.8736877994, 3590.385964938983, [ 0. 92.  2.  2.]
20, -214103.86627990578, 3580.248607082352, [ 0. 80.  2.  2.]
20, -310612.5063344294, 3589.1602057377295, [ 0. 90.  2.  2.]
20, -349199.41470816947, 3591.473115825069, [ 0. 94.  2.  2.]
20, -358843.63433789794, 3791.9696829020686, [ 0. 95.  0.  2.]
20, -272012.5348709103, 3586.21992075443, [ 0. 86.  2.  2.]
20, -117696.67940037465, 3564.010615630854, [ 0. 70.  2.  2.]
20, -355643.63433789794, 3776.490451574143, [ 4. 95.  2.  2.]
20, -406843.63433789794, 4914.766705248658, [ 2. 95.  0.  0.]
12, -17196.88514255915, 4674.675535683241, [ 0. 90.  0.  0.]
12, -382.81993309484096, 4460.382563086148, [ 0. 87.  2.  0.]
12, -3574.9463322500337, 4605.084514077864, [ 5. 88.  2.  0.]
12, -43041.37949767822, 4771.205936969827, [ 2. 95.  0.  0.]
12, -39773.18013669428, 4691.483081816035, [ 0. 94.  0.  0.]
92, -5418401.081204182, 3599.1208291078706, [86.  0.  2.  2.]
92, -5810615.6794261, 5994.932895849581, [68. 31.  2.  2.]
92, -1083374.971580378, 3527.235804341993, [38.  0.  2.  2.]
92, -5717350.208796095, 5994.00253730577, [66. 31.  2.  2.]
92, -5898973.544812877, 5995.044259042657, [68. 32.  2.  2.]
92, -5625205.157331874, 3599.5788541143806, [94.  0.  2.  2.]
92, -5651205.157331874, 4599.4384721525075, [94.  0.  0.  2.]
92, -5579052.348637656, 3599.493775981654, [92.  0.  2.  2.]
92, -4631455.487162721, 3595.7994140967407, [69.  0.  2.  2.]
92, -5968077.150807243, 6993.726706428469, [65. 35.  2.  0.]
92, -396754.71407676203, 3417.4135031039186, [28.  0.  2.  2.]
92, -5942077.150807243, 6991.75467301223, [65. 35.  0.  2.]
92, -5994077.150807243, 7991.703645394686, [65. 35.  0.  0.]
92, -1018006.1447090153, 3520.223895573555, [37.  0.  2.  2.]
92, -4584895.442091671, 3595.394625383538, [68.  0.  2.  2.]
92, -2622097.5984270484, 3579.930043079651, [52.  0.  2.  2.]
92, -5486653.223494843, 3599.268586257155, [88.  0.  2.  2.]
92, -5602132.102386006, 3599.5382704660433, [93.  0.  2.  2.]
92, -4770887.315924133, 3596.812541099833, [72.  0.  2.  2.]
92, -5372261.781356827, 3599.036107961272, [85.  0.  2.  2.]
92, -5141363.593583673, 3598.4731236971074, [80.  0.  2.  2.]
92, -5002618.178206557, 3597.9878093255993, [77.  0.  2.  2.]
92, -5509766.483579842, 3599.3328737587035, [89.  0.  2.  2.]
92, -4956326.116342208, 3597.793904929268, [76.  0.  2.  2.]
92, -4910009.169700967, 3597.5813149702835, [75.  0.  2.  2.]
92, -4817292.115962027, 3597.0927023231948, [73.  0.  2.  2.]
92, -5187573.965831382, 3598.6073282614134, [81.  0.  2.  2.]
92, -5095135.204954912, 3598.32598653384, [79.  0.  2.  2.]
92, -5555965.283430307, 3599.4449937941927, [91.  0.  2.  2.]
92, -5233767.724374844, 3598.7297369356093, [82.  0.  2.  2.]
92, -5648272.074917788, 3599.615870669017, [95.  0.  2.  2.]
92, -4538288.233250609, 3594.950829278007, [67.  0.  2.  2.]
92, -5048887.281208725, 3598.1646705240123, [78.  0.  2.  2.]
92, -5326110.4821455, 3598.9432226764548, [84.  0.  2.  2.]
92, -5463529.589488157, 3599.1981037019586, [87.  0.  2.  2.]
92, -5279946.164500363, 3598.841386517692, [83.  0.  2.  2.]
92, -4724448.217172559, 3596.505382190029, [71.  0.  2.  2.]
92, -5532870.238236645, 3599.3915107199164, [90.  0.  2.  2.]
92, -5674272.074917788, 4599.487827558689, [95.  0.  0.  2.]
92, -4863665.254387374, 3597.3482388177254, [74.  0.  2.  2.]
55, -1339047.5544607001, 3599.675923598427, [ 0. 54.  2.  2.]
55, -2701741.2246540817, 6242.954823557004, [88.  2.  1.  2.]
55, -1443500.19897969, 3599.8024524538596, [ 0. 57.  2.  2.]
55, -1931590.5849208473, 3599.9859027563098, [ 0. 73.  2.  2.]
55, -2103198.803395909, 3599.998349663353, [ 0. 86.  2.  2.]
55, -1905589.0400141012, 3599.983373807799, [ 0. 72.  2.  2.]
55, -2172799.4588271575, 3599.999276764732, [ 0. 91.  2.  2.]
55, -2331199.646839203, 3599.9995591368215, [ 0. 94.  2.  2.]
55, -1957993.142089526, 3599.989865156935, [ 0. 75.  2.  2.]
55, -1997595.7380689378, 3599.9938220945173, [ 0. 78.  2.  2.]
55, -2129599.129292017, 3599.9988135338167, [ 0. 88.  2.  2.]
55, -2383999.693978214, 3599.999626194887, [ 0. 95.  2.  2.]
55, -2592999.828230834, 3728.4354517099673, [ 1. 99.  2.  2.]
55, -264774.0616806649, 3585.5856531973836, [ 0. 31.  2.  2.]
55, -2142799.257305796, 3599.998994002793, [ 0. 89.  2.  2.]
55, -2155999.3665211536, 3599.999147021302, [ 0. 90.  2.  2.]
55, -2225599.5303501654, 3599.9993867733697, [ 0. 92.  2.  2.]
55, -158635.83162654878, 3572.1112323008856, [ 0. 27.  2.  2.]
55, -1971194.1474104994, 3599.9914067303735, [ 0. 76.  2.  2.]
55, -2278399.5926357247, 3599.9994800490012, [ 0. 93.  2.  2.]
55, -185156.9242087523, 3576.3532894531504, [ 0. 28.  2.  2.]
44, -1733094.7962176066, 3599.958112841706, [ 0. 83.  2.  2.]
44, -1448021.4086954745, 3556.217945608515, [91.  0.  2.  2.]
44, -16195.140186200995, 3532.0192881050853, [ 0. 27.  2.  2.]
44, -1486638.53023431, 3599.8431987162103, [ 0. 73.  2.  2.]
44, -1928950.2818616533, 3599.985429786182, [ 0. 91.  2.  2.]
44, -1535935.455289003, 3599.879580763065, [ 0. 75.  2.  2.]
44, -1971194.1474104994, 3599.9914067303735, [ 0. 95.  2.  2.]
44, -2033754.8446280598, 4599.989959154059, [ 0. 96.  2.  0.]
44, -2054876.0000961341, 4599.992288896001, [ 0. 98.  2.  0.]
44, -1950072.4579525425, 3599.9888104613206, [ 0. 93.  2.  2.]
44, -2023194.1474104994, 4599.988542307165, [ 0. 95.  2.  0.]
44, -1880947.649294623, 3599.9810277137617, [ 0. 89.  2.  2.]
44, -2013436.4768803166, 3599.9949318325866, [ 0. 99.  2.  2.]
44, -1708451.6323333734, 3599.9522022152005, [ 0. 82.  2.  2.]
44, -1939511.4386519364, 3599.987231524324, [ 0. 92.  2.  2.]
44, -2065436.4768803166, 4599.993242443448, [ 0. 99.  2.  0.]
44, -1831664.3236083882, 3599.9752956511406, [ 0. 87.  2.  2.]
44, -1560582.5700845192, 3599.894471686078, [ 0. 76.  2.  2.]
44, -1683808.0773949362, 3599.9454575501227, [ 0. 81.  2.  2.]
44, -1856306.0843213603, 3599.9783505663377, [ 0. 88.  2.  2.]
44, -1585228.9122516115, 3599.9075212123685, [ 0. 77.  2.  2.]
44, -1461988.5037617444, 3599.8210727505957, [ 0. 72.  2.  2.]
44, -1782380.1157452438, 3599.967831770779, [ 0. 85.  2.  2.]
44, -1659164.0840381554, 3599.937761156692, [ 0. 80.  2.  2.]
44, -1960633.3560780287, 3599.990194148539, [ 0. 94.  2.  2.]
44, -1609874.5640789554, 3599.9189570472236, [ 0. 78.  2.  2.]
44, -1634519.5993184422, 3599.9289787381194, [ 0. 79.  2.  2.]
44, -79257.52451584674, 3554.248525700132, [ 0. 30.  2.  2.]
44, -1992315.4589063234, 3599.9934005963073, [ 0. 97.  2.  2.]
44, -1757737.6114018664, 3599.9632925660194, [ 0. 84.  2.  2.]
44, -2002876.0000961341, 3599.994216672001, [ 0. 98.  2.  2.]
44, -1905589.0400141012, 3599.983373807799, [ 0. 90.  2.  2.]
77, -5267261.833511807, 4093.8515077293723, [99.  1.  2.  2.]
77, -3071491.227897008, 3585.102044089345, [66.  0.  2.  2.]
77, -4692121.026106585, 3596.2744145162133, [84.  0.  2.  2.]
77, -5234771.761889491, 3998.7322749229043, [98.  0.  2.  1.]
77, -2839247.290071445, 3582.6216701985936, [64.  0.  2.  2.]
77, -3187609.5214185845, 3586.2061337828477, [67.  0.  2.  2.]
77, -4116163.0217966978, 3592.5499256192415, [75.  0.  2.  2.]
77, -5157438.736154089, 3598.521210250628, [96.  0.  2.  2.]
77, -4847538.901886404, 3597.262010159413, [88.  0.  2.  2.]
77, -3884111.173307086, 3591.309556129024, [73.  0.  2.  2.]
77, -4232163.525755919, 3593.1020517222423, [76.  0.  2.  2.]
77, -3768060.9507050714, 3590.6139549568175, [72.  0.  2.  2.]
77, -5002618.178206557, 3597.9878093255993, [92.  0.  2.  2.]
77, -3303721.3503363826, 3587.228399227533, [68.  0.  2.  2.]
77, -4536260.704012372, 3594.9305921478417, [80.  0.  2.  2.]
77, -4886336.981032348, 3597.464922987323, [89.  0.  2.  2.]
77, -5118754.224102115, 3598.40284484854, [95.  0.  2.  2.]
77, -2955369.354716162, 3583.9095807642507, [65.  0.  2.  2.]
77, -4653202.099455646, 3595.976210918313, [83.  0.  2.  2.]
77, -5041344.896155824, 3598.136933071051, [93.  0.  2.  2.]
77, -3651995.6113670873, 3589.862676422447, [71.  0.  2.  2.]
77, -5080056.583930771, 3598.275005233896, [94.  0.  2.  2.]
77, -192306.56769056615, 3361.7729962568505, [30.  0.  2.  2.]
77, -4614253.774308601, 3595.6541384852485, [82.  0.  2.  2.]
77, -3535916.2604731116, 3589.051263994236, [70.  0.  2.  2.]
77, -4458123.9594905805, 3594.086581939094, [78.  0.  2.  2.]
77, -4925115.380550733, 3597.652797915851, [90.  0.  2.  2.]
77, -3419824.2769738263, 3588.1749044304597, [69.  0.  2.  2.]
77, -5293261.833511807, 5093.460249800691, [99.  1.  0.  2.]
77, -4000145.414759113, 3591.9536061965264, [74.  0.  2.  2.]
77, -4769878.144937192, 3596.806159802863, [86.  0.  2.  2.]
92, -6004318.832649759, 7992.913289024057, [67. 33.  0.  0.]
92, -5931208.316065767, 5994.262526929361, [66. 34.  2.  2.]
92, -5983208.316065767, 6994.195280292573, [66. 34.  2.  0.]
92, -5864535.2617830895, 5993.729076988285, [65. 34.  2.  2.]
92, -5048887.281208725, 3598.1646705240123, [78.  0.  2.  2.]
92, -5532870.238236645, 3599.3915107199164, [90.  0.  2.  2.]
92, -5509766.483579842, 3599.3328737587035, [89.  0.  2.  2.]
92, -4817292.115962027, 3597.0927023231948, [73.  0.  2.  2.]
92, -1928953.499625984, 3568.207703362515, [47.  0.  2.  2.]
92, -5555965.283430307, 3599.4449937941927, [91.  0.  2.  2.]
92, -4910009.169700967, 3597.5813149702835, [75.  0.  2.  2.]
92, -5733128.037426647, 4178.583103663057, [99.  1.  2.  2.]
92, -5486653.223494843, 3599.268586257155, [88.  0.  2.  2.]
92, -4770887.315924133, 3596.812541099833, [72.  0.  2.  2.]
92, -5648272.074917788, 3599.615870669017, [95.  0.  2.  2.]
92, -5602132.102386006, 3599.5382704660433, [93.  0.  2.  2.]
92, -5579052.348637656, 3599.493775981654, [92.  0.  2.  2.]
92, -5777511.801527283, 5993.192878296277, [64. 35.  2.  2.]
92, -115767.41374277268, 3336.1913535355675, [24.  0.  2.  2.]
92, -5326110.4821455, 3598.9432226764548, [84.  0.  2.  2.]
92, -254657.87507351936, 3380.528141647186, [26.  0.  2.  2.]
92, -5279946.164500363, 3598.841386517692, [83.  0.  2.  2.]
92, -4863665.254387374, 3597.3482388177254, [74.  0.  2.  2.]
92, -5625205.157331874, 3599.5788541143806, [94.  0.  2.  2.]
92, -5233767.724374844, 3598.7297369356093, [82.  0.  2.  2.]
92, -5418401.081204182, 3599.1208291078706, [86.  0.  2.  2.]
92, -614121.6683752729, 3461.4510051728557, [31.  0.  2.  2.]
92, -5095135.204954912, 3598.32598653384, [79.  0.  2.  2.]
92, -5952318.832649759, 6993.001909860712, [67. 33.  0.  2.]
92, -5141363.593583673, 3598.4731236971074, [80.  0.  2.  2.]
92, -4677971.968374007, 3596.1686239665305, [70.  0.  2.  2.]
92, -396754.71407676203, 3417.4135031039186, [28.  0.  2.  2.]
92, -5463529.589488157, 3599.1981037019586, [87.  0.  2.  2.]
92, -4956326.116342208, 3597.793904929268, [76.  0.  2.  2.]
92, -541214.8838698706, 3448.0997559368625, [30.  0.  2.  2.]
35, -839531.1646138845, 3598.457778335147, [ 0. 70.  2.  2.]
35, -1209392.428407558, 3599.514111440912, [ 0. 81.  2.  2.]
35, -1276622.9234163621, 3599.6061463887063, [ 0. 83.  2.  2.]
35, -1680358.3945768, 4599.902127915314, [ 0. 99.  2.  0.]
35, -1628358.3945768, 3599.9265959364857, [ 0. 99.  2.  2.]
35, -1471512.5135121096, 3599.8299692513137, [ 0. 91.  2.  2.]
35, -1007671.5685804009, 3599.0876905011132, [ 0. 75.  2.  2.]
35, -1432294.8107452146, 3599.7902367958277, [ 0. 89.  2.  2.]
35, -772264.2264231241, 3598.0973949684803, [ 0. 68.  2.  2.]
72, -33332.99434929647, 3538.9786369781377, [ 0. 17.  2.  2.]
72, -4202035.188755814, 3592.962703923596, [81.  0.  2.  2.]
72, -4796887.315924133, 4795.750054799778, [92.  0.  0.  0.]
72, -4541980.032646821, 4592.964940918264, [85.  0.  0.  2.]
72, -4504460.032646821, 4436.621201644344, [85.  2.  2.  2.]
72, -4820466.749940391, 4985.705262928701, [94.  4.  2.  2.]
72, -4919011.993802173, 5985.27879885755, [96.  4.  0.  2.]
72, -4467929.34159923, 4436.227298077152, [84.  2.  2.  2.]
72, -4505449.34159923, 4592.439736162008, [84.  0.  0.  2.]
89, -1432294.8107452143, 3599.7902367958277, [ 0. 35.  2.  2.]
89, -5429426.55711289, 5991.727734101225, [64. 35.  2.  2.]
89, -5560459.335641812, 6562.83998715242, [94.  3.  0.  0.]
89, -3737759.9999899017, 3799.9999999920474, [ 0. 99.  0.  2.]
89, -3468799.9996056533, 3599.9999996658835, [ 0. 85.  2.  2.]
89, -3652319.9999510027, 3599.999999960532, [ 0. 93.  2.  2.]
89, -3609599.9998920984, 3599.9999999120746, [ 0. 90.  2.  2.]
89, -3354879.998889542, 3599.9999990278698, [ 0. 81.  2.  2.]
89, -3623839.999917063, 3599.999999932678, [ 0. 91.  2.  2.]
89, -3221759.993081825, 3599.9999936988347, [ 0. 74.  2.  2.]
89, -3207519.9910036465, 3599.999991770423, [ 0. 73.  2.  2.]
89, -3383359.999142686, 3599.999999255666, [ 0. 82.  2.  2.]
89, -5610381.2768896, 7991.407117715063, [68. 30.  0.  0.]
89, -708835.8937463212, 3597.680796016282, [ 0. 26.  2.  2.]
89, -172135.32066886628, 3574.3581952834584, [ 0. 17.  2.  2.]
89, -3411839.9993381673, 3599.9999994300833, [ 0. 83.  2.  2.]
89, -3278719.9975811373, 3599.99999783432, [ 0. 78.  2.  2.]
89, -3666559.999962341, 3599.9999999697807, [ 0. 94.  2.  2.]
89, -3554239.9998187143, 3599.999999850022, [ 0. 88.  2.  2.]
89, -3326399.9985617497, 3599.9999987303586, [ 0. 80.  2.  2.]
89, -3297919.9981373297, 3599.999998341797, [ 0. 79.  2.  2.]
89, -3582719.999860105, 3599.999999885166, [ 0. 89.  2.  2.]
89, -3638079.999936253, 3599.999999948453, [ 0. 92.  2.  2.]
89, -5246259.38897034, 5515.278546627773, [86.  6.  2.  2.]
89, -3193279.988301416, 3599.99998925184, [ 0. 72.  2.  2.]
89, -3954411.746367676, 5508.3539889470585, [64.  6.  2.  2.]
89, -3497279.9996956303, 3599.999999744176, [ 0. 86.  2.  2.]
89, -3235999.9946800387, 3599.9999951753675, [ 0. 75.  2.  2.]
89, -3525759.9997650925, 3599.999999804122, [ 0. 87.  2.  2.]
89, -3264479.996854293, 3599.999997171534, [ 0. 77.  2.  2.]
89, -3250239.9959091134, 3599.9999963059086, [ 0. 76.  2.  2.]
89, -3136319.9665560895, 3599.9999687276418, [ 0. 68.  2.  2.]
89, -3680799.9999710564, 3599.999999976862, [ 0. 95.  2.  2.]
89, -1050901.5660125096, 3599.2029006744383, [ 0. 30.  2.  2.]
89, -3440319.9994891095, 3599.9999995636304, [ 0. 84.  2.  2.]
89, -386805.6894685231, 3593.2521494553953, [ 0. 22.  2.  2.]
89, -2323519.6394168385, 3599.999548428115, [ 0. 58.  2.  2.]
89, -794366.8786912244, 3598.224247962432, [ 0. 27.  2.  2.]
89, -3179039.9847878073, 3599.999985962468, [ 0. 71.  2.  2.]
89, -5492028.494680185, 5993.792308588798, [69. 29.  2.  2.]
89, -43831.600095799484, 3542.8760186940917, [ 0. 14.  2.  2.]
72, -4525585.9602426635, 5772.419670489011, [87. 11.  2.  2.]
72, -4666583.789904002, 6718.311515334812, [90. 10.  0.  2.]
72, -4605304.982506442, 6567.997203918756, [88.  8.  0.  2.]
72, -3328118.899481778, 4053.716569370473, [73.  1.  2.  2.]
72, -2966719.938713558, 3599.9999394944816, [ 0. 81.  2.  2.]
72, -1157332.0468914423, 3534.423066126498, [50.  0.  2.  2.]
72, -2621119.840056175, 3599.999821830637, [ 0. 76.  2.  2.]
72, -1706324.2161617773, 3563.1364220438395, [58.  0.  2.  2.]
72, -3170239.982107409, 3599.999983444232, [ 0. 87.  2.  2.]
72, -3298719.998267818, 4022.3011318657545, [ 1. 98.  0.  2.]
72, -3227839.9938158095, 3599.999994377735, [ 0. 92.  2.  2.]
72, -3321759.998594799, 4022.301132164609, [ 1. 99.  0.  2.]
72, -2413759.7177760983, 3599.9996593912106, [ 0. 73.  2.  2.]
72, -3250879.9959571324, 3599.999996349973, [ 0. 94.  2.  2.]
72, -3147199.972635264, 3599.999974498569, [ 0. 85.  2.  2.]
72, -3239359.9949997836, 3599.999995469943, [ 0. 93.  2.  2.]
72, -3193279.988301416, 3599.99998925184, [ 0. 89.  2.  2.]
72, -2759359.8908329327, 3599.999884330779, [ 0. 78.  2.  2.]
72, -3262399.996731226, 3599.9999970590447, [ 0. 95.  2.  2.]
72, -2275519.589456563, 3599.999475348321, [ 0. 71.  2.  2.]
72, -2091198.6174140624, 3599.998082582372, [ 0. 65.  2.  2.]
72, -3135679.9661590974, 3599.9999683501132, [ 0. 84.  2.  2.]
72, -2690239.8678200524, 3599.9998564426546, [ 0. 77.  2.  2.]
72, -3204799.9905407834, 3599.9999913398283, [ 0. 90.  2.  2.]
72, -2551999.8065880914, 3599.99977887358, [ 0. 75.  2.  2.]
72, -3181759.985532084, 3599.999986660433, [ 0. 88.  2.  2.]
72, -2897599.9256674056, 3599.999924906457, [ 0. 80.  2.  2.]
72, -3216319.9923515795, 3599.999993022194, [ 0. 91.  2.  2.]
89, -5699730.508722122, 6992.886870483661, [66. 34.  2.  0.]
89, -128438.29171658456, 3340.6381952764095, [25.  0.  2.  2.]
89, -4481479.710877091, 3594.3524376118585, [68.  0.  2.  2.]
89, -5199626.058927727, 3598.640354483234, [84.  0.  2.  2.]
89, -5465037.986987032, 3599.2029006744383, [90.  0.  2.  2.]
89, -1583112.459679601, 3559.986215136381, [46.  0.  2.  2.]
89, -1382232.3241969815, 3552.190516646506, [44.  0.  2.  2.]
89, -5621443.679211636, 3599.572489309399, [97.  0.  2.  2.]
89, -1255530.1887375468, 3542.8760186940917, [42.  0.  2.  2.]
89, -5554459.335641812, 3599.441653746836, [94.  0.  2.  2.]
89, -4131228.996723842, 3592.6240550979114, [65.  0.  2.  2.]
89, -5065478.557908078, 3598.224247962432, [81.  0.  2.  2.]
89, -681802.2294254474, 3472.7410462597945, [33.  0.  2.  2.]
89, -5378280.610538998, 3599.04760554228, [88.  0.  2.  2.]
89, -470304.64578735246, 3433.7946592575695, [30.  0.  2.  2.]
89, -2923699.5641839094, 3583.56810905636, [56.  0.  2.  2.]
89, -4661797.050292025, 3596.0440371760365, [72.  0.  2.  2.]
89, -5110211.749749505, 3598.375461108665, [82.  0.  2.  2.]
89, -4399354.343159424, 3593.8267587981263, [67.  0.  2.  2.]
89, -4265303.338767403, 3593.2521494553953, [66.  0.  2.  2.]
89, -5288979.38897034, 3598.8620549861125, [86.  0.  2.  2.]
89, -5422914.099970184, 3599.128706146058, [89.  0.  2.  2.]
89, -5688375.338716713, 3599.672666576443, [100.   0.   2.   2.]
89, -5692375.338716713, 5599.454444294072, [100.   0.   1.   2.]
89, -2118679.2934715124, 3571.9714392710507, [50.  0.  2.  2.]
89, -5244309.759843811, 3598.7561343173566, [85.  0.  2.  2.]
89, -540424.6306147925, 3447.947779717354, [31.  0.  2.  2.]
89, -195332.08968325963, 3362.724000994342, [26.  0.  2.  2.]
89, -5487407.075464222, 3599.270777210311, [91.  0.  2.  2.]
89, -3326339.5708118943, 3587.418543591199, [59.  0.  2.  2.]
89, -3192133.497094187, 3586.2474533711265, [58.  0.  2.  2.]
89, -4751710.264482941, 3596.6890868868804, [74.  0.  2.  2.]
89, -4571728.783597606, 3595.2733154480647, [70.  0.  2.  2.]
89, -5509766.483579842, 3599.3328737587035, [92.  0.  2.  2.]
89, -5020726.112191449, 3598.058959797302, [80.  0.  2.  2.]
89, -3728871.6974936086, 3590.3667176279655, [62.  0.  2.  2.]
89, -331545.4709267712, 3401.4136503564864, [28.  0.  2.  2.]
89, -5576794.164380565, 3599.489199401771, [95.  0.  2.  2.]
89, -5154927.136267478, 3598.5137977861623, [83.  0.  2.  2.]
89, -5333636.010791543, 3598.958956041074, [87.  0.  2.  2.]
89, -5532116.9964417135, 3599.3896825111347, [93.  0.  2.  2.]
89, -4931157.078998979, 3597.680796016282, [78.  0.  2.  2.]
89, -4886336.981032348, 3597.464922987323, [77.  0.  2.  2.]
89, -400652.35606659285, 3418.324157056323, [29.  0.  2.  2.]
89, -4526628.6126064565, 3594.8333525477233, [69.  0.  2.  2.]
89, -62518.27771847433, 3316.4966282667565, [24.  0.  2.  2.]
89, -4796615.779092781, 3596.971025793973, [75.  0.  2.  2.]
89, -2252768.6312706214, 3574.3581952834584, [51.  0.  2.  2.]
89, -4975952.848649056, 3597.878286501279, [79.  0.  2.  2.]
89, -813239.7795653087, 3493.491582846027, [35.  0.  2.  2.]
89, -5666069.848531414, 3599.642198166541, [99.  0.  2.  2.]
89, -5643759.4402911, 3599.6088937370478, [98.  0.  2.  2.]
89, -4841490.588308605, 3597.228956355145, [76.  0.  2.  2.]
89, -263072.1142254587, 3382.929102594218, [27.  0.  2.  2.]
89, -3997131.746367676, 3591.9374973053978, [64.  0.  2.  2.]
93, -5648773.465419431, 3599.6166381599323, [94.  0.  2.  2.]
93, -4994569.0862525245, 3597.955355335235, [76.  0.  2.  2.]
93, -3541946.6808436536, 3589.094971465041, [58.  0.  2.  2.]
93, -5555463.304612575, 3599.443882671029, [90.  0.  2.  2.]
93, -4713337.823133482, 3596.4276486646577, [70.  0.  2.  2.]
93, -638772.1488483913, 3465.6801338408472, [31.  0.  2.  2.]
93, -274564.06466670363, 3386.1608672252128, [26.  0.  2.  2.]
93, -1176540.3187649879, 3536.1699542295287, [39.  0.  2.  2.]
93, -3682143.848940291, 3590.063408878401, [59.  0.  2.  2.]
93, -346248.5997190664, 3405.1511721066504, [27.  0.  2.  2.]
93, -5841414.559913021, 5993.576301189797, [64. 34.  2.  2.]
93, -6040653.778652262, 6994.129000324824, [65. 35.  2.  0.]
93, -5988653.778652262, 5994.17494174023, [65. 35.  2.  2.]
27, -664625.6911639986, 3597.3376105305933, [ 0. 84.  2.  2.]
27, -301928.47255989345, 3588.5587640656445, [ 0. 66.  2.  2.]
27, -327978.5020287276, 3590.269901530558, [ 0. 68.  2.  2.]
27, -638675.430373421, 3597.112982344049, [ 0. 83.  2.  2.]
27, -612724.7209863272, 3596.8694020760126, [ 0. 82.  2.  2.]
27, -950144.4990286131, 4598.287582544563, [ 0. 93.  2.  0.]
27, -872201.4755229538, 3598.6073282614134, [ 0. 92.  2.  2.]
27, -534871.4357408786, 3596.0082728123934, [ 0. 79.  2.  2.]
27, -354021.6575632389, 3591.725123337352, [ 0. 70.  2.  2.]
27, -314954.27395180764, 3589.448964399008, [ 0. 67.  2.  2.]
27, -1105783.4815086862, 4598.946723176635, [ 0. 99.  2.  0.]
27, -1131720.2583303463, 4799.028674758148, [  0. 100.   0.   0.]
27, -898144.4990286131, 3598.7156869084224, [ 0. 93.  2.  2.]
27, -716524.423330747, 3597.7357942926824, [ 0. 86.  2.  2.]
27, -367040.3739497365, 3592.368960944224, [ 0. 71.  2.  2.]
27, -742472.7223199075, 3597.911963780579, [ 0. 87.  2.  2.]
27, -1002027.767071095, 4598.543689636522, [ 0. 95.  2.  0.]
27, -794366.8786912244, 3598.224247962432, [ 0. 89.  2.  2.]
27, -690575.3872561854, 3597.5447612271446, [ 0. 85.  2.  2.]
27, -158635.83162654878, 3572.1112323008856, [ 0. 55.  2.  2.]
27, -924086.5945352745, 3598.8156145691073, [ 0. 94.  2.  2.]
27, -431072.7826577544, 3594.4808491533004, [ 0. 75.  2.  2.]
27, -768420.2231442385, 3598.074426170942, [ 0. 88.  2.  2.]
27, -950027.767071095, 3598.9077672273916, [ 0. 95.  2.  2.]
27, -560822.5420428641, 3596.3188543696215, [ 0. 80.  2.  2.]
27, -976086.5945352745, 4598.420819425476, [ 0. 94.  2.  0.]
27, -846257.5247118024, 3598.4898272982055, [ 0. 91.  2.  2.]
20, -439769.7303562105, 4591.056687119882, [ 0. 98.  2.  0.]
20, -420486.7752945015, 4589.916442884977, [ 0. 96.  2.  0.]
20, -146587.5206531734, 3569.9391393094215, [ 0. 73.  2.  2.]
20, -396609.51460173074, 3641.206312901356, [ 1. 99.  2.  2.]
20, -300963.54080485203, 3588.4899102952886, [ 0. 89.  2.  2.]
20, -407048.1591641602, 3794.050994776001, [  0. 100.   0.   2.]
20, -339554.14796307415, 3590.945842754899, [ 0. 93.  2.  2.]
20, -329907.8736877994, 3590.385964938983, [ 0. 92.  2.  2.]
20, -281663.45335543045, 3587.0224100965415, [ 0. 87.  2.  2.]
20, -348399.41470816947, 3638.9962998888564, [ 1. 94.  2.  2.]
50, -2155999.3665211536, 3599.999147021302, [ 0. 99.  2.  2.]
50, -2143999.2679666635, 3599.99900898014, [ 0. 98.  2.  2.]
50, -1999995.8592317798, 3599.994004679218, [ 0. 86.  2.  2.]
50, -2219999.4518230413, 4799.999021112574, [  0. 100.   0.   0.]
50, -1975994.4752902403, 3599.991907163438, [ 0. 84.  2.  2.]
50, -1951992.6298153652, 3599.9890758132883, [ 0. 82.  2.  2.]
50, -2195999.2679666635, 4599.998678640187, [ 0. 98.  2.  0.]
50, -2083998.4922451954, 3599.9979020109404, [ 0. 93.  2.  2.]
50, -2207999.3665211536, 4599.998862695069, [ 0. 99.  2.  0.]
50, -1647962.1098456949, 3599.9339125215606, [ 0. 70.  2.  2.]
50, -45742.29639782313, 3543.557409945578, [ 0. 25.  2.  2.]
50, -2023996.8969119117, 3599.995558557126, [ 0. 88.  2.  2.]
50, -2047997.6748533896, 3599.9967096981927, [ 0. 90.  2.  2.]
50, -1871987.1014524412, 3599.9800948340144, [ 0. 78.  2.  2.]
50, -2071998.2579889009, 3599.9975624844697, [ 0. 92.  2.  2.]
50, -1535935.455289003, 3599.879580763065, [ 0. 66.  2.  2.]
50, -2011996.415366883, 3599.9948397795815, [ 0. 87.  2.  2.]
50, -2095998.6950403904, 3599.998194244082, [ 0. 94.  2.  2.]
50, -2159998.8705939404, 4599.997927695304, [ 0. 95.  2.  0.]
50, -1759977.8513782097, 3599.963730422832, [ 0. 74.  2.  2.]
50, -2035997.31385619, 3599.996177214691, [ 0. 89.  2.  2.]
50, -1987995.216975967, 3599.993034431019, [ 0. 85.  2.  2.]
50, -2107998.8705939404, 3599.9984457714777, [ 0. 95.  2.  2.]
50, -2059997.98739981, 3599.9971680109898, [ 0. 91.  2.  2.]
50, -1815983.0903396937, 3599.9731308363775, [ 0. 76.  2.  2.]
50, -1963993.6188131585, 3599.9905974653616, [ 0. 83.  2.  2.]
50, -165867.07266465746, 3573.3384083082183, [ 0. 30.  2.  2.]
50, -1899988.7382135708, 3599.9828674648643, [ 0. 79.  2.  2.]
50, -1787980.6451410907, 3599.96878248563, [ 0. 75.  2.  2.]
50, -1843985.2298731306, 3599.9768734965505, [ 0. 77.  2.  2.]
50, -141769.70278609302, 3569.0236498068484, [ 0. 29.  2.  2.]
50, -1395875.2554636546, 3599.7450724734085, [ 0. 61.  2.  2.]
50, -1563943.47849163, 3599.896354202255, [ 0. 67.  2.  2.]
99, -5954848.616741941, 5992.985227990102, [59. 37.  2.  2.]
99, -6331743.377083242, 7994.233732462394, [64. 35.  0.  0.]
99, -991025.667785176, 3517.134068694875, [34.  0.  2.  2.]
99, -850704.2691396058, 3498.9895460100456, [32.  0.  2.  2.]
99, -4725458.147096861, 3596.5123644410705, [66.  0.  2.  2.]
99, -4974946.455901043, 3597.8740388280244, [71.  0.  2.  2.]
99, -5323100.174095975, 3598.9368629524206, [78.  0.  2.  2.]
99, -4775428.385286192, 3596.841099524256, [67.  0.  2.  2.]
99, -6142834.539843274, 5995.615752588991, [64. 33.  2.  2.]
99, -6253743.377083242, 5995.675299346795, [64. 35.  2.  2.]
99, -5174014.009144225, 3598.5692138959575, [75.  0.  2.  2.]
99, -5372763.358218547, 3599.037071371525, [79.  0.  2.  2.]
99, -6031906.295509146, 5995.507900380573, [64. 31.  2.  2.]
99, -5913986.30312515, 3599.8670491786816, [99.  0.  2.  2.]
99, -5074527.225092422, 3598.25592554557, [73.  0.  2.  2.]
99, -4675444.961557146, 3596.1494191142424, [65.  0.  2.  2.]
99, -5273421.833511807, 3598.826226213955, [77.  0.  2.  2.]
99, -5616428.117362851, 3599.563853020573, [87.  0.  2.  2.]
99, -1343081.9635046746, 3549.4873390703815, [39.  0.  2.  2.]
99, -5641252.326739744, 3599.6049630537573, [88.  0.  2.  2.]
99, -4625384.982506442, 3595.7487034103096, [64.  0.  2.  2.]
99, -5024749.63137655, 3598.074426170942, [72.  0.  2.  2.]
99, -4825359.212962388, 3597.138848928723, [68.  0.  2.  2.]
99, -5541908.425361198, 3599.413026722279, [84.  0.  2.  2.]
99, -4875253.881780323, 3597.4085332806367, [69.  0.  2.  2.]
99, -5422412.65863787, 3599.127834416412, [80.  0.  2.  2.]
99, -5566756.928144822, 3599.4683532338995, [85.  0.  2.  2.]
99, -5517050.175701518, 3599.3519425853265, [83.  0.  2.  2.]
99, -20877.20884042207, 3299.8675082478862, [21.  0.  2.  2.]
99, -6087373.486268186, 5995.569776160905, [64. 32.  2.  2.]
99, -5467300.493601645, 3599.210042382476, [81.  0.  2.  2.]
99, -5223726.949162841, 3598.704075919522, [76.  0.  2.  2.]
99, -550701.814904776, 3449.9116656643905, [28.  0.  2.  2.]
99, -4925115.380550733, 3597.652797915851, [70.  0.  2.  2.]
99, -5740488.037426647, 3599.734137490036, [92.  0.  2.  2.]
99, -5814864.69997355, 3599.8024524538596, [95.  0.  2.  2.]
99, -6324363.979489779, 6995.251030943042, [66. 34.  0.  2.]
99, -1202155.175871022, 3538.4269659149313, [37.  0.  2.  2.]
99, -5666069.848531414, 3599.642198166541, [89.  0.  2.  2.]
99, -5765284.30700741, 3599.7591969702635, [93.  0.  2.  2.]
99, -5492181.2172880545, 3599.28450164828, [82.  0.  2.  2.]
99, -6298363.979489779, 5996.413576129351, [66. 34.  2.  2.]
16, -242305.3704751029, 4607.680338798217, [ 1. 97.  2.  0.]
16, -149170.0772719924, 3871.7810198676525, [ 2. 92.  0.  2.]
16, -235227.576203124, 4568.090426043595, [ 0. 96.  2.  0.]
16, -167795.6549530329, 3973.656435429476, [ 0. 94.  1.  2.]
16, -110007.91639058961, 3782.8227834789445, [ 6. 87.  2.  2.]
12, -38573.18013669428, 4729.653600657858, [ 1. 94.  0.  0.]
12, -16716.88514255915, 4503.303424814608, [ 1. 90.  2.  0.]
92, -3731886.3158231177, 3590.385964938983, [60.  0.  2.  2.]
92, -1928953.499625984, 3568.207703362515, [47.  0.  2.  2.]
92, -5855049.045268875, 6991.011786950492, [64. 36.  0.  2.]
92, -3870547.671781498, 3591.2309891129394, [61.  0.  2.  2.]
92, -687388.1435856133, 3473.6287483538663, [32.  0.  2.  2.]
92, -1279730.2004674159, 3544.7855874382635, [41.  0.  2.  2.]
92, -4817292.115962027, 3597.0927023231948, [73.  0.  2.  2.]
92, -3454502.3323919745, 3588.443777732855, [58.  0.  2.  2.]
92, -4770887.315924133, 3596.812541099833, [72.  0.  2.  2.]
92, -5486653.223494843, 3599.268586257155, [88.  0.  2.  2.]
92, -3177053.5400661295, 3586.1092379796737, [56.  0.  2.  2.]
92, -115767.41374277268, 3336.1913535355675, [24.  0.  2.  2.]
92, -254657.87507351936, 3380.528141647186, [26.  0.  2.  2.]
92, -5141363.593583673, 3598.4731236971074, [80.  0.  2.  2.]
92, -5532870.238236645, 3599.3915107199164, [90.  0.  2.  2.]
92, -5829049.045268875, 5993.229799900854, [64. 36.  2.  2.]
92, -4491629.971461667, 3594.4642668397264, [66.  0.  2.  2.]
92, -4863665.254387374, 3597.3482388177254, [74.  0.  2.  2.]
92, -4584895.442091671, 3595.394625383538, [68.  0.  2.  2.]
92, -5905660.570860817, 6992.353159943004, [66. 33.  0.  2.]
92, -4424956.917178989, 3593.93081689865, [65.  0.  2.  2.]
92, -4286391.56789903, 3593.345961148912, [64.  0.  2.  2.]
92, -5418401.081204182, 3599.1208291078706, [86.  0.  2.  2.]
92, -325363.25240080705, 3399.818587816168, [27.  0.  2.  2.]
92, -5625205.157331874, 3599.5788541143806, [94.  0.  2.  2.]
92, -5509766.483579842, 3599.3328737587035, [89.  0.  2.  2.]
92, -5674272.074917788, 4599.487827558689, [95.  0.  0.  2.]
92, -5957660.570860817, 7992.264539106351, [66. 33.  0.  0.]
92, -5766488.037426647, 4599.6455166533815, [99.  0.  0.  2.]
92, -5555965.283430307, 3599.4449937941927, [91.  0.  2.  2.]
92, -5651205.157331874, 4599.4384721525075, [94.  0.  0.  2.]
92, -5852366.335971815, 5994.6004629371255, [67. 32.  2.  2.]
92, -5648272.074917788, 3599.615870669017, [95.  0.  2.  2.]
92, -4956326.116342208, 3597.793904929268, [76.  0.  2.  2.]
92, -6009208.316065767, 7992.350035905815, [66. 34.  0.  0.]
92, -4677971.968374007, 3596.1686239665305, [70.  0.  2.  2.]
92, -5957208.316065767, 6992.417282542603, [66. 34.  0.  2.]
92, -5095135.204954912, 3598.32598653384, [79.  0.  2.  2.]
92, -5602132.102386006, 3599.5382704660433, [93.  0.  2.  2.]
92, -4910009.169700967, 3597.5813149702835, [75.  0.  2.  2.]
92, -614121.6683752729, 3461.4510051728557, [31.  0.  2.  2.]
92, -5279946.164500363, 3598.841386517692, [83.  0.  2.  2.]
92, -5233767.724374844, 3598.7297369356093, [82.  0.  2.  2.]
92, -5579052.348637656, 3599.493775981654, [92.  0.  2.  2.]
92, -541214.8838698706, 3448.0997559368625, [30.  0.  2.  2.]
92, -4538288.233250609, 3594.950829278007, [67.  0.  2.  2.]
92, -5463529.589488157, 3599.1981037019586, [87.  0.  2.  2.]
92, -5372261.781356827, 3599.036107961272, [85.  0.  2.  2.]
92, -47853.135922574525, 3310.7694802556416, [23.  0.  2.  2.]
92, -396754.71407676203, 3417.4135031039186, [28.  0.  2.  2.]
92, -5048887.281208725, 3598.1646705240123, [78.  0.  2.  2.]
92, -5326110.4821455, 3598.9432226764548, [84.  0.  2.  2.]
92, -5625205.157331874, 3599.5788541143806, [94.  0.  2.  2.]
92, -5555965.283430307, 3599.4449937941927, [91.  0.  2.  2.]
92, -5651205.157331874, 4599.4384721525075, [94.  0.  0.  2.]
92, -5602132.102386006, 3599.5382704660433, [93.  0.  2.  2.]
92, -3870547.671781498, 3591.2309891129394, [61.  0.  2.  2.]
92, -5095135.204954912, 3598.32598653384, [79.  0.  2.  2.]
92, -3593203.8453352707, 3589.4595101608493, [59.  0.  2.  2.]
92, -3315784.4444906334, 3587.330164430155, [57.  0.  2.  2.]
92, -5942077.150807243, 6991.75467301223, [65. 35.  0.  2.]
92, -5898973.544812877, 5995.044259042657, [68. 32.  2.  2.]
92, -4724448.217172559, 3596.505382190029, [71.  0.  2.  2.]
92, -5463529.589488157, 3599.1981037019586, [87.  0.  2.  2.]
92, -5187573.965831382, 3598.6073282614134, [81.  0.  2.  2.]
92, -5697333.3696420835, 4599.532844878825, [96.  0.  0.  2.]
92, -5532870.238236645, 3599.3915107199164, [90.  0.  2.  2.]
92, -4817292.115962027, 3597.0927023231948, [73.  0.  2.  2.]
92, -5372261.781356827, 3599.036107961272, [85.  0.  2.  2.]
92, -5983208.316065767, 6994.195280292573, [66. 34.  2.  0.]
92, -5579052.348637656, 3599.493775981654, [92.  0.  2.  2.]
92, -5326110.4821455, 3598.9432226764548, [84.  0.  2.  2.]
92, -5233767.724374844, 3598.7297369356093, [82.  0.  2.  2.]
92, -4956326.116342208, 3597.793904929268, [76.  0.  2.  2.]
92, -5648272.074917788, 3599.615870669017, [95.  0.  2.  2.]
92, -5674272.074917788, 4599.487827558689, [95.  0.  0.  2.]
92, -4910009.169700967, 3597.5813149702835, [75.  0.  2.  2.]
92, -5829049.045268875, 5993.229799900854, [64. 36.  2.  2.]
92, -5418401.081204182, 3599.1208291078706, [86.  0.  2.  2.]
92, -5486653.223494843, 3599.268586257155, [88.  0.  2.  2.]
92, -5279946.164500363, 3598.841386517692, [83.  0.  2.  2.]
92, -254657.87507351936, 3380.528141647186, [26.  0.  2.  2.]
92, -4770887.315924133, 3596.812541099833, [72.  0.  2.  2.]
92, -4631455.487162721, 3595.7994140967407, [69.  0.  2.  2.]
92, -5766488.037426647, 4799.6455166533815, [99.  0.  0.  0.]
92, -5509766.483579842, 3599.3328737587035, [89.  0.  2.  2.]
92, -5141363.593583673, 3598.4731236971074, [80.  0.  2.  2.]
92, -5852366.335971815, 5994.6004629371255, [67. 32.  2.  2.]
92, -325363.25240080705, 3399.818587816168, [27.  0.  2.  2.]
92, -4863665.254387374, 3597.3482388177254, [74.  0.  2.  2.]
92, -5002618.178206557, 3597.9878093255993, [77.  0.  2.  2.]
92, -47853.135922574525, 3310.7694802556416, [23.  0.  2.  2.]
92, -4677971.968374007, 3596.1686239665305, [70.  0.  2.  2.]
92, -2760829.0554274106, 3581.6940889418015, [53.  0.  2.  2.]
92, -4147801.234738714, 3592.7047458789084, [63.  0.  2.  2.]
92, -3038313.7768840888, 3584.770657169018, [55.  0.  2.  2.]
92, -5777511.801527283, 5993.192878296277, [64. 35.  2.  2.]
92, -3593203.8453352707, 3589.4595101608493, [59.  0.  2.  2.]
92, -5602132.102386006, 3999.5382704660433, [93.  0.  2.  1.]
92, -1018006.1447090153, 3520.223895573555, [37.  0.  2.  2.]
92, -3870547.671781498, 3591.2309891129394, [61.  0.  2.  2.]
92, -468734.01596010185, 3433.4619159436857, [29.  0.  2.  2.]
92, -184750.30200522166, 3359.378775065271, [25.  0.  2.  2.]
92, -5326110.4821455, 3598.9432226764548, [84.  0.  2.  2.]
92, -2622097.5984270484, 3579.930043079651, [52.  0.  2.  2.]
92, -5857175.724497151, 5995.3376845627845, [69. 31.  2.  2.]
92, -5864987.51657814, 6993.576333552031, [65. 33.  2.  0.]
46, -1972634.2477634666, 3599.991560025432, [ 0. 91.  2.  2.]
46, -1950552.5012897248, 3599.988877397543, [ 0. 89.  2.  2.]
46, -1800301.7613072938, 3599.970776321292, [ 0. 82.  2.  2.]
46, -2060958.0105112563, 3999.997201791767, [ 0. 99.  1.  2.]
46, -1388030.5993991506, 3599.734137490036, [ 0. 66.  2.  2.]
46, -1671486.1386899925, 3599.9417362978215, [ 0. 77.  2.  2.]
46, -1645721.7023658347, 3599.9331146944305, [ 0. 76.  2.  2.]
46, -2101917.7279367354, 4799.9957169671525, [ 0. 98.  0.  0.]
46, -2049917.7279367354, 3799.996787725365, [ 0. 98.  0.  2.]
46, -2038877.4052973385, 3599.996312387258, [ 0. 97.  2.  2.]
46, -2068796.6163441236, 4599.993520383233, [ 0. 95.  2.  0.]
46, -2027837.0369232888, 3599.9957667107333, [ 0. 96.  2.  2.]
46, -2079837.0369232888, 4599.994355614311, [ 0. 96.  2.  0.]
46, -1983674.9621787341, 3599.9926479491955, [ 0. 92.  2.  2.]
46, -1994715.587992435, 3599.9935956381623, [ 0. 93.  2.  2.]
46, -2016796.6163441236, 3599.9951402874244, [ 0. 95.  2.  2.]
46, -108076.5375084616, 3561.7851563891722, [ 0. 30.  2.  2.]
46, -1928470.2257228096, 3599.98534210211, [ 0. 87.  2.  2.]
46, -1697250.0676543256, 3599.949246565256, [ 0. 78.  2.  2.]
73, -4916870.511559935, 4796.650181756184, [94.  0.  0.  0.]
73, -589657.1595153604, 3596.635686210872, [ 0. 30.  2.  2.]
73, -3317919.996936769, 4599.999996329174, [ 0. 94.  2.  0.]
73, -5027109.026625904, 4797.309018252875, [97.  0.  0.  0.]
73, -2141839.2486655824, 3599.9989818581043, [ 0. 67.  2.  2.]
73, -5137216.780246201, 4797.838275919379, [100.   0.   0.   0.]
73, -3242559.995286422, 3599.9999957337527, [ 0. 92.  2.  2.]
73, -2159359.391660235, 3599.999182104503, [ 0. 68.  2.  2.]
73, -2694079.8692151722, 3599.999858155048, [ 0. 76.  2.  2.]
73, -3294559.995286422, 4599.99999431167, [ 0. 92.  2.  0.]
73, -2343679.658583511, 3599.9995759995254, [ 0. 71.  2.  2.]
73, -3207519.9910036465, 3599.999991770423, [ 0. 89.  2.  2.]
73, -2483839.766891684, 3599.9997263815617, [ 0. 73.  2.  2.]
73, -3329599.9975306294, 4599.999997051145, [ 0. 95.  2.  0.]
73, -3219199.9927472943, 3599.999993389002, [ 0. 90.  2.  2.]
73, -3306239.9962001373, 4599.999995430441, [ 0. 93.  2.  0.]
73, -2834239.911324607, 3599.9999084637952, [ 0. 78.  2.  2.]
73, -2764159.892275902, 3599.9998860528694, [ 0. 77.  2.  2.]
73, -3277599.9975306294, 3599.9999977883595, [ 0. 95.  2.  2.]
73, -3195839.9888409427, 3599.999989755566, [ 0. 88.  2.  2.]
73, -3184159.986158506, 3599.9999872474077, [ 0. 87.  2.  2.]
73, -3282879.9941530684, 4599.999992918989, [ 0. 91.  2.  0.]
73, -3149119.9735871297, 3599.999975400292, [ 0. 84.  2.  2.]
73, -3044479.950704814, 3599.999952547246, [ 0. 81.  2.  2.]
73, -2413759.717776098, 3599.9996593912106, [ 0. 72.  2.  2.]
73, -3172479.982831482, 3599.9999841251743, [ 0. 86.  2.  2.]
73, -3254239.9962001373, 3599.9999965728307, [ 0. 93.  2.  2.]
73, -2974399.940015701, 3599.999940929327, [ 0. 80.  2.  2.]
73, -3230879.9941530684, 3599.999994689242, [ 0. 91.  2.  2.]
73, -3114559.9595096265, 3599.9999618801717, [ 0. 82.  2.  2.]
31, -1389151.274816608, 3999.7357278891277, [ 0. 98.  1.  2.]
31, -1017278.4420864021, 3599.1146533215915, [ 0. 85.  2.  2.]
31, -175028.6889692142, 3574.8156186080714, [ 0. 49.  2.  2.]
31, -249814.05811313528, 3584.1808059452446, [ 0. 54.  2.  2.]
31, -1255493.8039660237, 3599.579275049764, [ 0. 93.  2.  2.]
31, -749199.9309334274, 3597.955355335235, [ 0. 76.  2.  2.]
31, -838570.2509895443, 3598.4531447232093, [ 0. 79.  2.  2.]
31, -719407.6053096049, 3597.7560807182003, [ 0. 75.  2.  2.]
31, -1195945.7948849166, 3599.493269504439, [ 0. 91.  2.  2.]
31, -927929.7892587105, 3598.8297422586093, [ 0. 82.  2.  2.]
31, -1166170.4347666008, 3599.443882671029, [ 0. 90.  2.  2.]
31, -1315038.4759038507, 3599.650683183069, [ 0. 95.  2.  2.]
31, -957713.864502815, 3598.9336687523737, [ 0. 83.  2.  2.]
31, -1136394.1152900858, 3599.3896825111347, [ 0. 89.  2.  2.]
31, -1076838.4349684876, 3599.2649200305123, [ 0. 87.  2.  2.]
31, -898144.4990286131, 3598.7156869084224, [ 0. 81.  2.  2.]
31, -868357.9856689192, 3598.5905155258897, [ 0. 80.  2.  2.]
31, -600229.8152238096, 3596.7448966824613, [ 0. 71.  2.  2.]
31, -1225720.2373344288, 3599.5382704660433, [ 0. 92.  2.  2.]
31, -1404041.3130027035, 4121.85690466616, [ 1. 99.  1.  2.]
77, -1887108.0125244632, 3599.981643581501, [ 0. 51.  2.  2.]
77, -3993985.414759113, 4086.9788877119436, [74.  1.  2.  2.]
77, -4888155.380550733, 5397.476155246824, [90.  6.  2.  2.]
77, -5129354.224102115, 5457.904168485276, [95.  1.  0.  0.]
77, -2838079.912266583, 3599.9999095556655, [ 0. 74.  2.  2.]
77, -4595773.774308601, 4795.477508815406, [82.  3.  2.  2.]
77, -2911999.928593638, 3599.999928210762, [ 0. 75.  2.  2.]
77, -4943875.380217511, 5397.591243179466, [91.  3.  2.  0.]
77, -4749878.144937192, 5396.570653576406, [86.  3.  2.  0.]
77, -3059839.9527835203, 3599.9999547711764, [ 0. 77.  2.  2.]
77, -3128959.961695283, 3599.9999641000977, [ 0. 78.  2.  2.]
77, -3190559.9876995673, 3599.999988689465, [ 0. 83.  2.  2.]
77, -3388799.9991840296, 3599.999999292675, [ 0. 95.  2.  2.]
77, -3364159.998979312, 3599.9999991088703, [ 0. 94.  2.  2.]
77, -3239839.9950438645, 3599.9999955105304, [ 0. 87.  2.  2.]
77, -3215199.9921919256, 3599.9999928741104, [ 0. 85.  2.  2.]
77, -778991.1870828872, 3598.136933071051, [ 0. 31.  2.  2.]
77, -3153599.9756814055, 3599.9999773822597, [ 0. 80.  2.  2.]
77, -3290239.9980028337, 3599.999998218003, [ 0. 91.  2.  2.]
77, -3276799.997493909, 3599.999997754935, [ 0. 90.  2.  2.]
77, -3227519.993779195, 3599.9999943439, [ 0. 86.  2.  2.]
77, -3314879.9984031525, 3599.999998585559, [ 0. 92.  2.  2.]
77, -3141279.969479014, 3599.9999715048307, [ 0. 79.  2.  2.]
77, -3339519.9987232974, 3599.999998877302, [ 0. 93.  2.  2.]
77, -2616319.837928313, 3599.999819137952, [ 0. 71.  2.  2.]
77, -704991.6052197883, 3597.652797915851, [ 0. 30.  2.  2.]
77, -2690239.8678200524, 3599.9998564426546, [ 0. 72.  2.  2.]
77, -3252159.996051486, 3599.9999964365306, [ 0. 88.  2.  2.]
77, -2113758.946275953, 3599.998553742341, [ 0. 62.  2.  2.]
77, -3264479.996854293, 3599.999997171534, [ 0. 89.  2.  2.]
77, -408970.06852269603, 3594.086581939094, [ 0. 26.  2.  2.]
77, -370897.38899164775, 3592.5499256192415, [ 0. 25.  2.  2.]
77, -110961.95387562274, 3562.466869747778, [ 0. 18.  2.  2.]
77, -2039837.4350817367, 3599.9963563741617, [ 0. 58.  2.  2.]
92, -5666912.074917788, 5178.33679373171, [95.  1.  0.  2.]
92, -4424956.917178989, 3593.93081689865, [65.  0.  2.  2.]
92, -5628132.102386006, 4599.38436062139, [93.  0.  0.  2.]
92, -4147801.234738714, 3592.7047458789084, [63.  0.  2.  2.]
92, -5605052.348637656, 4599.3250346422055, [92.  0.  0.  2.]
92, -4910009.169700967, 3597.5813149702835, [75.  0.  2.  2.]
92, -4817292.115962027, 3597.0927023231948, [73.  0.  2.  2.]
92, -3177053.5400661295, 3586.1092379796737, [56.  0.  2.  2.]
92, -4286391.56789903, 3593.345961148912, [64.  0.  2.  2.]
92, -5579052.348637656, 3599.493775981654, [92.  0.  2.  2.]
92, -5739035.019900195, 5993.580450557769, [65. 32.  2.  2.]
92, -5930366.335971815, 7992.800617249501, [67. 32.  0.  0.]
92, -5764008.470585037, 5994.489099744051, [67. 31.  2.  2.]
92, -5857175.724497151, 5995.3376845627845, [69. 31.  2.  2.]
